0.0  0.0
2.5e-05  0.0
5e-05  0.0
7.5e-05  0.0
0.0001  0.0
0.000125  0.0
0.00015  -0.0
0.000175  -0.0
0.0002  -0.0
0.000225  -0.0
0.00025  -0.0
0.000275  -0.0
0.0003  -0.0
0.000325  -0.0
0.00035  -0.0
0.000375  -0.0
0.0004  0.0
0.000425  0.0
0.00045  0.0
0.000475  0.0
0.0005  0.0
0.000525  0.0
0.00055  0.0
0.000575  0.0
0.0006  0.0
0.000625  0.0
0.00065  -0.0
0.000675  -0.0
0.0007  -0.0
0.000725  -0.0
0.00075  -0.0
0.000775  -0.0
0.0008  -0.0
0.000825  -0.0
0.00085  -0.0
0.000875  -0.0
0.0009  0.0
0.000925  0.0
0.00095  0.0
0.000975  0.0
0.001  0.0
0.001025  0.0
0.00105  0.0
0.001075  0.0
0.0011  0.0
0.001125  0.0
0.00115  -0.0
0.001175  -0.0
0.0012  -0.0
0.001225  -0.0
0.00125  -0.0
0.001275  -0.0
0.0013  -0.0
0.001325  -0.0
0.00135  -0.0
0.001375  -0.0
0.0014  0.0
0.001425  0.0
0.00145  0.0
0.001475  0.0
0.0015  0.0
0.001525  0.0
0.00155  0.0
0.001575  0.0
0.0016  0.0
0.001625  0.0
0.00165  -0.0
0.001675  -0.0
0.0017  -0.0
0.001725  -0.0
0.00175  -0.0
0.001775  -0.0
0.0018  -0.0
0.001825  -0.0
0.00185  -0.0
0.001875  -0.0
0.0019  0.0
0.001925  0.0
0.00195  0.0
0.001975  0.0
0.002  0.0
0.002025  0.0
0.00205  0.0
0.002075  0.0
0.0021  0.0
0.002125  0.0
0.00215  -0.0
0.002175  -0.0
0.0022  -0.0
0.002225  -0.0
0.00225  -0.0
0.002275  -0.0
0.0023  -0.0
0.002325  -0.0
0.00235  -0.0
0.002375  -0.0
0.0024  0.0
0.002425  0.0
0.00245  0.0
0.002475  0.0
0.0025  0.0
0.002525  0.0
0.00255  0.0
0.002575  0.0
0.0026  0.0
0.002625  0.0
0.00265  -0.0
0.002675  -0.0
0.0027  -0.0
0.002725  -0.0
0.00275  -0.0
0.002775  -0.0
0.0028  -0.0
0.002825  -0.0
0.00285  -0.0
0.002875  -0.0
0.0029  0.0
0.002925  0.0
0.00295  0.0
0.002975  0.0
0.003  0.0
0.003025  0.0
0.00305  0.0
0.003075  0.0
0.0031  0.0
0.003125  -0.0
0.00315  -0.0
0.003175  -0.0
0.0032  -0.0
0.003225  -0.0
0.00325  -0.0
0.003275  -0.0
0.0033  -0.0
0.003325  -0.0
0.00335  -0.0
0.003375  -0.0
0.0034  0.0
0.003425  0.0
0.00345  0.0
0.003475  0.0
0.0035  0.0
0.003525  0.0
0.00355  0.0
0.003575  0.0
0.0036  0.0
0.003625  0.0
0.00365  -0.0
0.003675  -0.0
0.0037  -0.0
0.003725  -0.0
0.00375  -0.0
0.003775  -0.0
0.0038  -0.0
0.003825  -0.0
0.00385  -0.0
0.003875  -0.0
0.0039  0.0
0.003925  0.0
0.00395  0.0
0.003975  0.0
0.004  0.0
0.004025  0.0
0.00405  0.0
0.004075  0.0
0.0041  0.0
0.004125  0.0
0.00415  -0.0
0.004175  -0.0
0.0042  -0.0
0.004225  -0.0
0.00425  -0.0
0.004275  -0.0
0.0043  -0.0
0.004325  -0.0
0.00435  -0.0
0.004375  -0.0
0.0044  0.0
0.004425  0.0
0.00445  0.0
0.004475  0.0
0.0045  0.0
0.004525  0.0
0.00455  0.0
0.004575  0.0
0.0046  0.0
0.004625  0.0
0.00465  -0.0
0.004675  -0.0
0.0047  -0.0
0.004725  -0.0
0.00475  -0.0
0.004775  -0.0
0.0048  -0.0
0.004825  -0.0
0.00485  -0.0
0.004875  -0.0
0.0049  0.0
0.004925  0.0
0.00495  0.0
0.004975  0.0
0.005  1.0
0.005025  0.951056516295156
0.00505  0.809016994374951
0.005075  0.5877852522924824
0.0051  0.30901699437495656
0.005125  7.839596456452825e-15
0.00515  -0.3090169943749417
0.005175  -0.5877852522924696
0.0052  -0.8090169943749376
0.005225  -0.951056516295149
0.00525  -1.0
0.005275  -0.9510565162951571
0.0053  -0.8090169943749531
0.005325  -0.5877852522924796
0.00535  -0.3090169943749533
0.005375  -4.40934745756706e-15
0.0054  0.30901699437494495
0.005425  0.5877852522924724
0.00545  0.809016994374948
0.005475  0.9510565162951544
0.0055  1.0
0.005525  0.9510565162951561
0.00555  0.8090169943749511
0.005575  0.5877852522924768
0.0056  0.30901699437495006
0.005625  9.790984586812941e-16
0.00565  -0.30901699437493463
0.005675  -0.5877852522924637
0.0057  -0.8090169943749417
0.005725  -0.9510565162951511
0.00575  -1.0
0.005775  -0.951056516295155
0.0058  -0.8090169943749491
0.005825  -0.5877852522924855
0.00585  -0.3090169943749603
0.005875  -1.1759704174997533e-14
0.0059  0.3090169943749379
0.005925  0.5877852522924665
0.00595  0.8090169943749437
0.005975  0.9510565162951478
0.006  1.0
0.006025  0.9510565162951583
0.00605  0.809016994374947
0.006075  0.5877852522924712
0.0061  0.3090169943749435
0.006125  8.329455176111767e-15
0.00615  -0.3090169943749412
0.006175  -0.5877852522924693
0.0062  -0.8090169943749457
0.006225  -0.9510565162951532
0.00625  -1.0
0.006275  -0.9510565162951573
0.0063  -0.8090169943749534
0.006325  -0.5877852522924799
0.00635  -0.3090169943749537
0.006375  -4.899206177226001e-15
0.0064  0.30901699437494445
0.006425  0.5877852522924605
0.00645  0.8090169943749392
0.006475  0.9510565162951499
0.0065  1.0
0.006525  0.9510565162951562
0.00655  0.8090169943749514
0.006575  0.5877852522924771
0.0066  0.309016994374964
0.006625  1.5679811893542238e-14
0.00665  -0.30901699437493424
0.006675  -0.5877852522924634
0.0067  -0.8090169943749412
0.006725  -0.9510565162951509
0.00675  -1.0
0.006775  -0.9510565162951552
0.0068  -0.8090169943749494
0.006825  -0.5877852522924744
0.00685  -0.30901699437494723
0.006875  1.96129182054553e-15
0.0069  0.30901699437493746
0.006925  0.5877852522924661
0.00695  0.8090169943749433
0.006975  0.951056516295152
0.007  1.0
0.007025  0.9510565162951541
0.00705  0.8090169943749557
0.007075  0.5877852522924831
0.0071  0.3090169943749575
0.007125  8.819313895770708e-15
0.00715  -0.30901699437494073
0.007175  -0.5877852522924689
0.0072  -0.809016994374937
0.007225  -0.9510565162951486
0.00725  -1.0
0.007275  -0.9510565162951574
0.0073  -0.8090169943749537
0.007325  -0.5877852522924804
0.00735  -0.3090169943749542
0.007375  -1.9599919612086947e-14
0.0074  0.30901699437493046
0.007425  0.58778525229246
0.00745  0.809016994374939
0.007475  0.9510565162951541
0.0075  1.0
0.007525  0.9510565162951563
0.00755  0.8090169943749517
0.007575  0.5877852522924776
0.0076  0.30901699437495095
0.007625  1.9588158979991767e-15
0.00765  -0.30901699437494723
0.007675  -0.5877852522924629
0.0077  -0.809016994374941
0.007725  -0.9510565162951508
0.00775  -1.0
0.007775  -0.9510565162951553
0.0078  -0.8090169943749497
0.007825  -0.5877852522924863
0.00785  -0.3090169943749612
0.007875  -1.2739421614315414e-14
0.0079  0.309016994374937
0.007925  0.5877852522924657
0.00795  0.809016994374943
0.007975  0.9510565162951519
0.008  1.0
0.008025  0.9510565162951586
0.00805  0.809016994374956
0.008075  0.5877852522924836
0.0081  0.309016994374958
0.008125  9.309172615429648e-15
0.00815  -0.3090169943749267
0.008175  -0.5877852522924569
0.0082  -0.8090169943749451
0.008225  -0.9510565162951529
0.00825  -1.0
0.008275  -0.9510565162951575
0.0083  -0.809016994374954
0.008325  -0.5877852522924807
0.00835  -0.3090169943749547
0.008375  -5.8789236165438834e-15
0.0084  0.3090169943749435
0.008425  0.5877852522924712
0.00845  0.8090169943749387
0.008475  0.9510565162951495
0.0085  1.0
0.008525  0.9510565162951565
0.00855  0.809016994374952
0.008575  0.5877852522924779
0.0086  0.30901699437496494
0.008625  1.6659529332860122e-14
0.00865  -0.30901699437493324
0.008675  -0.5877852522924625
0.0087  -0.8090169943749407
0.008725  -0.9510565162951506
0.00875  -1.0
0.008775  -0.9510565162951599
0.0088  -0.8090169943749583
0.008825  -0.5877852522924867
0.00885  -0.30901699437496166
0.008875  -1.3229280333974356e-14
0.0089  0.3090169943749365
0.008925  0.5877852522924538
0.00895  0.8090169943749344
0.008975  0.9510565162951473
0.009  1.0
0.009025  0.9510565162951587
0.00905  0.8090169943749563
0.009075  0.5877852522924953
0.0091  0.309016994374972
0.009125  2.4009886050290594e-14
0.00915  -0.30901699437492625
0.009175  -0.5877852522924566
0.0092  -0.8090169943749363
0.009225  -0.9510565162951483
0.00925  -1.0
0.009275  -0.9510565162951533
0.0093  -0.8090169943749459
0.009325  -0.5877852522924696
0.00935  -0.30901699437495517
0.009375  -6.368782336202825e-15
0.0094  0.309016994374943
0.009425  0.5877852522924709
0.00945  0.8090169943749468
0.009475  0.9510565162951538
0.0095  1.0
0.009525  0.9510565162951566
0.00955  0.8090169943749523
0.009575  0.5877852522924784
0.0096  0.3090169943749519
0.009625  2.9385333373170594e-15
0.00965  -0.3090169943749463
0.009675  -0.5877852522924621
0.0097  -0.8090169943749405
0.009725  -0.9510565162951504
0.00975  -1.0
0.009775  -0.9510565162951556
0.0098  -0.8090169943749502
0.009825  -0.5877852522924871
0.00985  -0.30901699437496216
0.009875  -1.3719139053633297e-14
0.0099  0.30901699437493607
0.009925  0.5877852522924648
0.00995  0.8090169943749426
0.009975  0.9510565162951515
0.01  1.0
0.010025  0.951056516295159
0.01005  0.8090169943749566
0.010075  0.5877852522924844
0.0101  0.3090169943749589
0.010125  1.0288890054747531e-14
0.01015  -0.3090169943749258
0.010175  -0.5877852522924562
0.0102  -0.8090169943749361
0.010225  -0.9510565162951438
0.01025  -1.0
0.010275  -0.9510565162951623
0.0103  -0.8090169943749546
0.010325  -0.587785252292493
0.01035  -0.30901699437495567
0.010375  -2.106949577106377e-14
0.0104  0.30901699437491553
0.010425  0.5877852522924589
0.01045  0.8090169943749298
0.010475  0.9510565162951492
0.0105  1.0
0.010525  0.9510565162951569
0.01055  0.8090169943749609
0.010575  0.5877852522925018
0.0106  0.3090169943749659
0.010625  3.185010148738001e-14
0.01065  -0.3090169943749323
0.010675  -0.5877852522924732
0.0107  -0.8090169943749402
0.010725  -0.9510565162951546
0.01075  -1.0
0.010775  -0.9510565162951513
0.0108  -0.8090169943749506
0.010825  -0.5877852522924875
0.01085  -0.3090169943749491
0.010875  -1.4208997773292239e-14
0.0109  0.3090169943749491
0.010925  0.5877852522924645
0.01095  0.8090169943749506
0.010975  0.9510565162951513
0.011  1.0
0.011025  0.9510565162951546
0.01105  0.8090169943749569
0.011075  0.5877852522924732
0.0111  0.30901699437495933
0.011125  -3.4321059407955307e-15
0.01115  -0.30901699437493885
0.011175  -0.5877852522924558
0.0112  -0.8090169943749441
0.011225  -0.9510565162951481
0.01125  -1.0
0.011275  -0.951056516295158
0.0113  -0.8090169943749632
0.011325  -0.5877852522924819
0.01135  -0.3090169943749696
0.011375  -7.348499775520708e-15
0.0114  0.30901699437492863
0.011425  0.58778525229247
0.01145  0.8090169943749379
0.011475  0.9510565162951448
0.0115  1.0
0.011525  0.9510565162951613
0.01155  0.8090169943749528
0.011575  0.5877852522924907
0.0116  0.30901699437495284
0.011625  1.8129105491836944e-14
0.01165  -0.3090169943749183
0.011675  -0.5877852522924614
0.0117  -0.8090169943749315
0.011725  -0.9510565162951501
0.01175  -1.0
0.011775  -0.9510565162951559
0.0118  -0.8090169943749592
0.011825  -0.5877852522924993
0.01185  -0.3090169943749631
0.011875  -2.890971120815318e-14
0.0119  0.30901699437493513
0.011925  0.5877852522924526
0.01195  0.8090169943749252
0.011975  0.9510565162951468
0.012  1.0
0.012025  0.9510565162951592
0.01205  0.8090169943749655
0.012075  0.587785252292485
0.0121  0.3090169943749463
0.012125  1.1268607494065414e-14
0.01215  -0.3090169943749519
0.012175  -0.5877852522924669
0.0122  -0.8090169943749523
0.012225  -0.9510565162951523
0.01225  -1.0
0.012275  -0.9510565162951538
0.0123  -0.8090169943749551
0.012325  -0.5877852522924709
0.01235  -0.30901699437495656
0.012375  -2.2049213210381653e-14
0.0124  0.3090169943749417
0.012425  0.5877852522924581
0.01245  0.8090169943749459
0.012475  0.951056516295149
0.0125  1.0
0.012525  0.9510565162951571
0.01255  0.8090169943749614
0.012575  0.5877852522924796
0.0126  0.30901699437496677
0.012625  4.408109496293883e-15
0.01265  -0.3090169943749314
0.012675  -0.5877852522924724
0.0127  -0.8090169943749396
0.012725  -0.9510565162951456
0.01275  -1.0
0.012775  -0.9510565162951604
0.0128  -0.8090169943749511
0.012825  -0.5877852522924882
0.01285  -0.3090169943749771
0.012875  -1.5188715212610122e-14
0.0129  0.30901699437492114
0.012925  0.5877852522924637
0.01295  0.8090169943749332
0.012975  0.9510565162951511
0.013  1.0
0.013025  0.9510565162951637
0.01305  0.8090169943749574
0.013075  0.587785252292497
0.0131  0.3090169943749603
0.013125  2.596932092892636e-14
0.01315  -0.3090169943749379
0.013175  -0.5877852522924549
0.0132  -0.809016994374927
0.013225  -0.9510565162951478
0.01325  -1.0
0.013275  -0.9510565162951583
0.0133  -0.8090169943749638
0.013325  -0.5877852522924827
0.01335  -0.30901699437497054
0.013375  -3.6749926645242595e-14
0.0134  0.3090169943749277
0.013425  0.5877852522924463
0.01345  0.8090169943749372
0.013475  0.9510565162951444
0.0135  1.0
0.013525  0.9510565162951529
0.01355  0.8090169943749534
0.013575  0.5877852522924685
0.0136  0.3090169943749537
0.013625  1.9108822931154828e-14
0.01365  -0.30901699437494445
0.013675  -0.5877852522924605
0.0137  -0.8090169943749477
0.013725  -0.9510565162951499
0.01375  -1.0
0.013775  -0.9510565162951562
0.0138  -0.8090169943749598
0.013825  -0.5877852522924771
0.01385  -0.309016994374964
0.013875  -1.4677192170670588e-15
0.0139  0.30901699437493424
0.013925  0.5877852522924518
0.01395  0.8090169943749412
0.013975  0.9510565162951465
0.014  1.0
0.014025  0.9510565162951595
0.01405  0.8090169943749494
0.014075  0.5877852522924859
0.0141  0.30901699437497426
0.014125  1.2248324933383297e-14
0.01415  -0.3090169943749239
0.014175  -0.5877852522924661
0.0142  -0.809016994374935
0.014225  -0.951056516295152
0.01425  -1.0
0.014275  -0.9510565162951629
0.0143  -0.8090169943749557
0.014325  -0.5877852522924946
0.01435  -0.3090169943749575
0.014375  -2.3028930649699535e-14
0.0144  0.3090169943749137
0.014425  0.5877852522924574
0.01445  0.8090169943749286
0.014475  0.9510565162951486
0.0145  1.0
0.014525  0.9510565162951574
0.01455  0.8090169943749621
0.014575  0.5877852522925033
0.0146  0.3090169943749677
0.014625  3.3809536366015776e-14
0.01465  -0.30901699437493046
0.014675  -0.5877852522924486
0.0147  -0.809016994374939
0.014725  -0.9510565162951453
0.01475  -1.0
0.014775  -0.9510565162951607
0.0148  -0.8090169943749683
0.014825  -0.5877852522924891
0.01485  -0.309016994374978
0.014875  -1.6168432651928003e-14
0.0149  0.30901699437492025
0.014925  0.5877852522924398
0.01495  0.8090169943749494
0.014975  0.9510565162951508
0.015  0.0
0.015025  0.0
0.01505  0.0
0.015075  0.0
0.0151  0.0
0.015125  -0.0
0.01515  -0.0
0.015175  -0.0
0.0152  -0.0
0.015225  -0.0
0.01525  -0.0
0.015275  -0.0
0.0153  -0.0
0.015325  -0.0
0.01535  -0.0
0.015375  -0.0
0.0154  0.0
0.015425  0.0
0.01545  0.0
0.015475  0.0
0.0155  0.0
0.015525  0.0
0.01555  0.0
0.015575  0.0
0.0156  0.0
0.015625  0.0
0.01565  -0.0
0.015675  -0.0
0.0157  -0.0
0.015725  -0.0
0.01575  -0.0
0.015775  -0.0
0.0158  -0.0
0.015825  -0.0
0.01585  -0.0
0.015875  -0.0
0.0159  0.0
0.015925  0.0
0.01595  0.0
0.015975  0.0
0.016  0.0
0.016025  0.0
0.01605  0.0
0.016075  0.0
0.0161  0.0
0.016125  0.0
0.01615  -0.0
0.016175  -0.0
0.0162  -0.0
0.016225  -0.0
0.01625  -0.0
0.016275  -0.0
0.0163  -0.0
0.016325  -0.0
0.01635  -0.0
0.016375  0.0
0.0164  0.0
0.016425  0.0
0.01645  0.0
0.016475  0.0
0.0165  0.0
0.016525  0.0
0.01655  0.0
0.016575  0.0
0.0166  0.0
0.016625  0.0
0.01665  -0.0
0.016675  -0.0
0.0167  -0.0
0.016725  -0.0
0.01675  -0.0
0.016775  -0.0
0.0168  -0.0
0.016825  -0.0
0.01685  -0.0
0.016875  -0.0
0.0169  0.0
0.016925  0.0
0.01695  0.0
0.016975  0.0
0.017  0.0
0.017025  0.0
0.01705  0.0
0.017075  0.0
0.0171  0.0
0.017125  0.0
0.01715  -0.0
0.017175  -0.0
0.0172  -0.0
0.017225  -0.0
0.01725  -0.0
0.017275  -0.0
0.0173  -0.0
0.017325  -0.0
0.01735  -0.0
0.017375  -0.0
0.0174  0.0
0.017425  0.0
0.01745  0.0
0.017475  0.0
0.0175  0.0
0.017525  0.0
0.01755  0.0
0.017575  0.0
0.0176  0.0
0.017625  0.0
0.01765  -0.0
0.017675  -0.0
0.0177  -0.0
0.017725  -0.0
0.01775  -0.0
0.017775  -0.0
0.0178  -0.0
0.017825  -0.0
0.01785  -0.0
0.017875  -0.0
0.0179  0.0
0.017925  0.0
0.01795  0.0
0.017975  0.0
0.018  0.0
0.018025  0.0
0.01805  0.0
0.018075  0.0
0.0181  0.0
0.018125  0.0
0.01815  -0.0
0.018175  -0.0
0.0182  -0.0
0.018225  -0.0
0.01825  -0.0
0.018275  -0.0
0.0183  -0.0
0.018325  -0.0
0.01835  -0.0
0.018375  -0.0
0.0184  0.0
0.018425  0.0
0.01845  0.0
0.018475  0.0
0.0185  0.0
0.018525  0.0
0.01855  0.0
0.018575  0.0
0.0186  0.0
0.018625  0.0
0.01865  -0.0
0.018675  -0.0
0.0187  -0.0
0.018725  -0.0
0.01875  -0.0
0.018775  -0.0
0.0188  -0.0
0.018825  -0.0
0.01885  -0.0
0.018875  -0.0
0.0189  0.0
0.018925  0.0
0.01895  0.0
0.018975  0.0
0.019  0.0
0.019025  0.0
0.01905  0.0
0.019075  0.0
0.0191  0.0
0.019125  0.0
0.01915  -0.0
0.019175  -0.0
0.0192  -0.0
0.019225  -0.0
0.01925  -0.0
0.019275  -0.0
0.0193  -0.0
0.019325  -0.0
0.01935  -0.0
0.019375  -0.0
0.0194  0.0
0.019425  0.0
0.01945  0.0
0.019475  0.0
0.0195  0.0
0.019525  0.0
0.01955  0.0
0.019575  0.0
0.0196  0.0
0.019625  0.0
0.01965  -0.0
0.019675  -0.0
0.0197  -0.0
0.019725  -0.0
0.01975  -0.0
0.019775  -0.0
0.0198  -0.0
0.019825  -0.0
0.01985  -0.0
0.019875  -0.0
0.0199  0.0
0.019925  0.0
0.01995  0.0
0.019975  0.0
0.02  0.0
0.020025  0.0
0.02005  0.0
0.020075  0.0
0.0201  0.0
0.020125  0.0
0.02015  -0.0
0.020175  -0.0
0.0202  -0.0
0.020225  -0.0
0.02025  -0.0
0.020275  -0.0
0.0203  -0.0
0.020325  -0.0
0.02035  -0.0
0.020375  -0.0
0.0204  0.0
0.020425  0.0
0.02045  0.0
0.020475  0.0
0.0205  0.0
0.020525  0.0
0.02055  0.0
0.020575  0.0
0.0206  0.0
0.020625  0.0
0.02065  -0.0
0.020675  -0.0
0.0207  -0.0
0.020725  -0.0
0.02075  -0.0
0.020775  -0.0
0.0208  -0.0
0.020825  -0.0
0.02085  -0.0
0.020875  -0.0
0.0209  0.0
0.020925  0.0
0.02095  0.0
0.020975  0.0
0.021  0.0
0.021025  0.0
0.02105  0.0
0.021075  0.0
0.0211  0.0
0.021125  0.0
0.02115  -0.0
0.021175  -0.0
0.0212  -0.0
0.021225  -0.0
0.02125  -0.0
0.021275  -0.0
0.0213  -0.0
0.021325  -0.0
0.02135  -0.0
0.021375  -0.0
0.0214  0.0
0.021425  0.0
0.02145  0.0
0.021475  0.0
0.0215  0.0
0.021525  0.0
0.02155  0.0
0.021575  0.0
0.0216  0.0
0.021625  0.0
0.02165  -0.0
0.021675  -0.0
0.0217  -0.0
0.021725  -0.0
0.02175  -0.0
0.021775  -0.0
0.0218  -0.0
0.021825  -0.0
0.02185  -0.0
0.021875  -0.0
0.0219  0.0
0.021925  0.0
0.02195  0.0
0.021975  0.0
0.022  0.0
0.022025  0.0
0.02205  0.0
0.022075  0.0
0.0221  0.0
0.022125  0.0
0.02215  -0.0
0.022175  -0.0
0.0222  -0.0
0.022225  -0.0
0.02225  -0.0
0.022275  -0.0
0.0223  -0.0
0.022325  -0.0
0.02235  -0.0
0.022375  0.0
0.0224  0.0
0.022425  0.0
0.02245  0.0
0.022475  0.0
0.0225  0.0
0.022525  0.0
0.02255  0.0
0.022575  0.0
0.0226  0.0
0.022625  0.0
0.02265  -0.0
0.022675  -0.0
0.0227  -0.0
0.022725  -0.0
0.02275  -0.0
0.022775  -0.0
0.0228  -0.0
0.022825  -0.0
0.02285  -0.0
0.022875  -0.0
0.0229  0.0
0.022925  0.0
0.02295  0.0
0.022975  0.0
0.023  0.0
0.023025  0.0
0.02305  0.0
0.023075  0.0
0.0231  0.0
0.023125  0.0
0.02315  -0.0
0.023175  -0.0
0.0232  -0.0
0.023225  -0.0
0.02325  -0.0
0.023275  -0.0
0.0233  -0.0
0.023325  -0.0
0.02335  -0.0
0.023375  -0.0
0.0234  0.0
0.023425  0.0
0.02345  0.0
0.023475  0.0
0.0235  0.0
0.023525  0.0
0.02355  0.0
0.023575  0.0
0.0236  0.0
0.023625  0.0
0.02365  -0.0
0.023675  -0.0
0.0237  -0.0
0.023725  -0.0
0.02375  -0.0
0.023775  -0.0
0.0238  -0.0
0.023825  -0.0
0.02385  -0.0
0.023875  -0.0
0.0239  0.0
0.023925  0.0
0.02395  0.0
0.023975  0.0
0.024  0.0
0.024025  0.0
0.02405  0.0
0.024075  0.0
0.0241  0.0
0.024125  0.0
0.02415  -0.0
0.024175  -0.0
0.0242  -0.0
0.024225  -0.0
0.02425  -0.0
0.024275  -0.0
0.0243  -0.0
0.024325  -0.0
0.02435  -0.0
0.024375  -0.0
0.0244  0.0
0.024425  0.0
0.02445  0.0
0.024475  0.0
0.0245  0.0
0.024525  0.0
0.02455  0.0
0.024575  0.0
0.0246  0.0
0.024625  0.0
0.02465  -0.0
0.024675  -0.0
0.0247  -0.0
0.024725  -0.0
0.02475  -0.0
0.024775  -0.0
0.0248  -0.0
0.024825  -0.0
0.02485  -0.0
0.024875  0.0
0.0249  0.0
0.024925  0.0
0.02495  0.0
0.024975  0.0
0.025  1.0
0.025025  0.9510565162951569
0.02505  0.8090169943749609
0.025075  0.5877852522925018
0.0251  0.3090169943749929
0.025125  3.425916134429647e-15
0.02515  -0.3090169943749323
0.025175  -0.5877852522924502
0.0252  -0.8090169943749235
0.025225  -0.9510565162951371
0.02525  -1.0
0.025275  -0.9510565162951602
0.0253  -0.8090169943749672
0.025325  -0.5877852522925104
0.02535  -0.3090169943749491
0.025375  -1.4206521850745885e-14
0.0254  0.3090169943749221
0.025425  0.5877852522924415
0.02545  0.809016994374917
0.025475  0.9510565162951513
0.0255  1.0
0.025525  0.9510565162951635
0.02555  0.8090169943749737
0.025575  0.5877852522925192
0.0256  0.30901699437495933
0.025625  2.4987127567062125e-14
0.02565  -0.3090169943749118
0.025675  -0.5877852522924327
0.0257  -0.8090169943749108
0.025725  -0.9510565162951481
0.02575  -1.0
0.025775  -0.9510565162951667
0.0258  -0.8090169943749799
0.025825  -0.5877852522924819
0.02585  -0.3090169943749696
0.025875  -3.576773328337836e-14
0.0259  0.3090169943749016
0.025925  0.5877852522924241
0.02595  0.8090169943749379
0.025975  0.9510565162951448
0.026  1.0
0.026025  0.9510565162951701
0.02605  0.8090169943749863
0.026075  0.5877852522924907
0.0261  0.30901699437497987
0.026125  4.65483389996946e-14
0.02615  -0.3090169943748913
0.026175  -0.5877852522924154
0.0262  -0.8090169943749315
0.026225  -0.9510565162951413
0.02625  -1.0
0.026275  -0.9510565162951735
0.0263  -0.8090169943749592
0.026325  -0.5877852522924993
0.02635  -0.30901699437499014
0.026375  -5.732894471601083e-14
0.0264  0.30901699437488106
0.026425  0.5877852522924526
0.02645  0.8090169943749252
0.026475  0.951056516295138
0.0265  1.0
0.026525  0.9510565162951768
0.02655  0.8090169943749655
0.026575  0.587785252292508
0.0266  0.30901699437500035
0.026625  6.810955043232707e-14
0.02665  -0.30901699437492486
0.026675  -0.5877852522924439
0.0267  -0.8090169943749188
0.026725  -0.9510565162951347
0.02675  -1.0
0.026775  -0.9510565162951625
0.0268  -0.8090169943749719
0.026825  -0.5877852522925169
0.02685  -0.3090169943750106
0.026875  -7.889015614864331e-14
0.0269  0.30901699437491464
0.026925  0.5877852522924352
0.02695  0.8090169943749125
0.026975  0.9510565162951314
0.027  1.0
0.027025  0.9510565162951659
0.02705  0.8090169943749448
0.027075  0.5877852522924796
0.0271  0.30901699437496677
0.027125  3.282734300415154e-14
0.02715  -0.30901699437495844
0.027175  -0.5877852522924724
0.0272  -0.8090169943749396
0.027225  -0.9510565162951456
0.02725  -1.0
0.027275  -0.9510565162951516
0.0273  -0.8090169943749511
0.027325  -0.5877852522924882
0.02735  -0.3090169943749771
0.027375  -4.3607948720467776e-14
0.0274  0.3090169943749482
0.027425  0.5877852522924637
0.02745  0.8090169943749332
0.027475  0.9510565162951423
0.0275  1.0
0.027525  0.951056516295155
0.02755  0.8090169943749574
0.027575  0.587785252292497
0.0276  0.3090169943749873
0.027625  -2.4548644240240014e-15
0.02765  -0.3090169943749379
0.027675  -0.5877852522924549
0.0277  -0.809016994374927
0.027725  -0.951056516295139
0.02775  -1.0
0.027775  -0.9510565162951583
0.0278  -0.8090169943749638
0.027825  -0.5877852522925057
0.02785  -0.3090169943749976
0.027875  -8.325741292292237e-15
0.0279  0.3090169943749277
0.027925  0.5877852522924463
0.02795  0.8090169943749206
0.027975  0.9510565162951532
0.028  1.0
0.028025  0.9510565162951616
0.02805  0.8090169943749701
0.028075  0.5877852522925144
0.0281  0.3090169943749537
0.028125  1.9106347008608474e-14
0.02815  -0.3090169943749174
0.028175  -0.5877852522924375
0.0282  -0.8090169943749143
0.028225  -0.9510565162951499
0.02825  -1.0
0.028275  -0.951056516295165
0.0283  -0.8090169943749764
0.028325  -0.5877852522925231
0.02835  -0.309016994374964
0.028375  -2.988695272492471e-14
0.0284  0.3090169943749072
0.028425  0.5877852522924288
0.02845  0.8090169943749412
0.028475  0.9510565162951465
0.0285  1.0
0.028525  0.9510565162951683
0.02855  0.8090169943749828
0.028575  0.5877852522924859
0.0286  0.30901699437497426
0.028625  4.066755844124095e-14
0.02865  -0.3090169943748969
0.028675  -0.5877852522924201
0.0287  -0.809016994374935
0.028725  -0.9510565162951432
0.02875  -1.0
0.028775  -0.9510565162951716
0.0288  -0.8090169943749892
0.028825  -0.5877852522924946
0.02885  -0.30901699437498453
0.028875  -5.144816415755719e-14
0.0289  0.30901699437488667
0.028925  0.5877852522924574
0.02895  0.8090169943749286
0.028975  0.9510565162951399
0.029  1.0
0.029025  0.951056516295175
0.02905  0.8090169943749621
0.029075  0.5877852522925033
0.0291  0.30901699437499475
0.029125  6.222876987387343e-14
0.02915  -0.3090169943748764
0.029175  -0.5877852522924486
0.0292  -0.8090169943749224
0.029225  -0.9510565162951365
0.02925  -1.0
0.029275  -0.9510565162951607
0.0293  -0.8090169943749683
0.029325  -0.5877852522925121
0.02935  -0.309016994375005
0.029375  -7.300937559018967e-14
0.0294  0.30901699437492025
0.029425  0.5877852522924398
0.02945  0.8090169943749159
0.029475  0.9510565162951332
0.0295  1.0
0.029525  0.9510565162951641
0.02955  0.8090169943749748
0.029575  0.5877852522925208
0.0296  0.30901699437501523
0.029625  8.378998130650591e-14
0.02965  -0.30901699437491
0.029675  -0.5877852522924312
0.0297  -0.8090169943749097
0.029725  -0.9510565162951299
0.02975  -1.0
0.029775  -0.9510565162951674
0.0298  -0.809016994374981
0.029825  -0.5877852522925295
0.02985  -0.30901699437502556
0.029875  -3.7727168162014125e-14
0.0299  0.3090169943749537
0.029925  0.5877852522924685
0.02995  0.8090169943749368
0.029975  0.9510565162951441
