0  0
2.5e-05  0.0
5e-05  0.0
7.5e-05  0.0
0.0001  0.0
0.000125  0.0
0.00015  0.0
0.000175  0.0
0.0002  0.0
0.000225  0.0
0.00025  0.0
0.000275  0.0
0.0003  0.0
0.000325  0.0
0.00035  0.0
0.000375  0.0
0.0004  0.0
0.000425  0.0
0.00045  0.0
0.000475  0.0
0.0005  0.0
0.000525  0.0
0.00055  0.0
0.000575  0.0
0.0006  0.0
0.000625  0.0
0.00065  0.0
0.000675  0.0
0.0007  0.0
0.000725  0.0
0.00075  0.0
0.000775  0.0
0.0008  0.0
0.000825  0.0
0.00085  0.0
0.000875  0.0
0.0009  0.0
0.000925  0.0
0.00095  0.0
0.000975  0.0
0.001  0.0
0.001025  0.0
0.00105  0.0
0.001075  0.0
0.0011  0.0
0.001125  0.0
0.00115  0.0
0.001175  0.0
0.0012  0.0
0.001225  0.0
0.00125  0.0
0.001275  0.0
0.0013  0.0
0.001325  0.0
0.00135  0.0
0.001375  0.0
0.0014  0.0
0.001425  0.0
0.00145  0.0
0.001475  0.0
0.0015  0.0
0.001525  0.0
0.00155  0.0
0.001575  0.0
0.0016  0.0
0.001625  0.0
0.00165  0.0
0.001675  0.0
0.0017  0.0
0.001725  0.0
0.00175  0.0
0.001775  0.0
0.0018  0.0
0.001825  0.0
0.00185  0.0
0.001875  0.0
0.0019  0.0
0.001925  0.0
0.00195  0.0
0.001975  0.0
0.002  0.0
0.002025  0.0
0.00205  0.0
0.002075  0.0
0.0021  0.0
0.002125  0.0
0.00215  0.0
0.002175  0.0
0.0022  0.0
0.002225  0.0
0.00225  0.0
0.002275  0.0
0.0023  0.0
0.002325  0.0
0.00235  0.0
0.002375  0.0
0.0024  0.0
0.002425  0.0
0.00245  0.0
0.002475  0.0
0.0025  0.0
0.002525  0.0
0.00255  0.0
0.002575  0.0
0.0026  0.0
0.002625  0.0
0.00265  0.0
0.002675  0.0
0.0027  0.0
0.002725  0.0
0.00275  0.0
0.002775  0.0
0.0028  0.0
0.002825  0.0
0.00285  0.0
0.002875  0.0
0.0029  0.0
0.002925  0.0
0.00295  0.0
0.002975  0.0
0.003  0.0
0.003025  0.0
0.00305  0.0
0.003075  0.0
0.0031  0.0
0.003125  0.0
0.00315  0.0
0.003175  0.0
0.0032  0.0
0.003225  0.0
0.00325  0.0
0.003275  0.0
0.0033  0.0
0.003325  0.0
0.00335  0.0
0.003375  0.0
0.0034  0.0
0.003425  0.0
0.00345  0.0
0.003475  0.0
0.0035  0.0
0.003525  0.0
0.00355  0.0
0.003575  0.0
0.0036  0.0
0.003625  0.0
0.00365  0.0
0.003675  0.0
0.0037  0.0
0.003725  0.0
0.00375  0.0
0.003775  0.0
0.0038  0.0
0.003825  0.0
0.00385  0.0
0.003875  0.0
0.0039  0.0
0.003925  0.0
0.00395  0.0
0.003975  0.0
0.004  0.0
0.004025  0.0
0.00405  0.0
0.004075  0.0
0.0041  0.0
0.004125  0.0
0.00415  0.0
0.004175  0.0
0.0042  0.0
0.004225  0.0
0.00425  0.0
0.004275  0.0
0.0043  0.0
0.004325  0.0
0.00435  0.0
0.004375  0.0
0.0044  0.0
0.004425  0.0
0.00445  0.0
0.004475  0.0
0.0045  0.0
0.004525  0.0
0.00455  0.0
0.004575  0.0
0.0046  0.0
0.004625  0.0
0.00465  0.0
0.004675  0.0
0.0047  0.0
0.004725  0.0
0.00475  0.0
0.004775  0.0
0.0048  0.0
0.004825  0.0
0.00485  0.0
0.004875  0.0
0.0049  0.0
0.004925  0.0
0.00495  0.0
0.004975  0.0
0.005  0.0
0.005025  0.0
0.00505  0.0
0.005075  0.0
0.0051  0.0
0.005125  0.0
0.00515  0.0
0.005175  0.0
0.0052  0.0
0.005225  0.0
0.00525  0.0
0.005275  0.0
0.0053  0.0
0.005325  0.0
0.00535  0.0
0.005375  0.0
0.0054  0.0
0.005425  0.0
0.00545  0.0
0.005475  0.0
0.0055  0.0
0.005525  0.0
0.00555  0.0
0.005575  0.0
0.0056  0.0
0.005625  0.0
0.00565  0.0
0.005675  0.0
0.0057  0.0
0.005725  0.0
0.00575  0.0
0.005775  0.0
0.0058  0.0
0.005825  0.0
0.00585  0.0
0.005875  0.0
0.0059  0.0
0.005925  0.0
0.00595  0.0
0.005975  0.0
0.006  0.0
0.006025  0.0
0.00605  0.0
0.006075  0.0
0.0061  0.0
0.006125  0.0
0.00615  0.0
0.006175  0.0
0.0062  0.0
0.006225  0.0
0.00625  0.0
0.006275  0.0
0.0063  0.0
0.006325  0.0
0.00635  0.0
0.006375  0.0
0.0064  0.0
0.006425  0.0
0.00645  0.0
0.006475  0.0
0.0065  0.0
0.006525  0.0
0.00655  0.0
0.006575  0.0
0.0066  0.0
0.006625  0.0
0.00665  0.0
0.006675  0.0
0.0067  0.0
0.006725  0.0
0.00675  0.0
0.006775  0.0
0.0068  0.0
0.006825  0.0
0.00685  0.0
0.006875  0.0
0.0069  0.0
0.006925  0.0
0.00695  0.0
0.006975  0.0
0.007  0.0
0.007025  0.0
0.00705  0.0
0.007075  0.0
0.0071  0.0
0.007125  0.0
0.00715  0.0
0.007175  0.0
0.0072  0.0
0.007225  0.0
0.00725  0.0
0.007275  0.0
0.0073  0.0
0.007325  0.0
0.00735  0.0
0.007375  0.0
0.0074  0.0
0.007425  0.0
0.00745  0.0
0.007475  0.0
0.0075  0.0
0.007525  0.0
0.00755  0.0
0.007575  0.0
0.0076  0.0
0.007625  0.0
0.00765  0.0
0.007675  0.0
0.0077  0.0
0.007725  0.0
0.00775  0.0
0.007775  0.0
0.0078  0.0
0.007825  0.0
0.00785  0.0
0.007875  0.0
0.0079  0.0
0.007925  0.0
0.00795  0.0
0.007975  0.0
0.008  0.0
0.008025  0.0
0.00805  0.0
0.008075  0.0
0.0081  0.0
0.008125  0.0
0.00815  0.0
0.008175  0.0
0.0082  0.0
0.008225  0.0
0.00825  0.0
0.008275  0.0
0.0083  0.0
0.008325  0.0
0.00835  0.0
0.008375  0.0
0.0084  0.0
0.008425  0.0
0.00845  0.0
0.008475  0.0
0.0085  0.0
0.008525  0.0
0.00855  0.0
0.008575  0.0
0.0086  0.0
0.008625  0.0
0.00865  0.0
0.008675  0.0
0.0087  0.0
0.008725  0.0
0.00875  0.0
0.008775  0.0
0.0088  0.0
0.008825  0.0
0.00885  0.0
0.008875  0.0
0.0089  0.0
0.008925  0.0
0.00895  0.0
0.008975  0.0
0.009  0.0
0.009025  0.0
0.00905  0.0
0.009075  0.0
0.0091  0.0
0.009125  0.0
0.00915  0.0
0.009175  0.0
0.0092  0.0
0.009225  0.0
0.00925  0.0
0.009275  0.0
0.0093  0.0
0.009325  0.0
0.00935  0.0
0.009375  0.0
0.0094  0.0
0.009425  0.0
0.00945  0.0
0.009475  0.0
0.0095  0.0
0.009525  0.0
0.00955  0.0
0.009575  0.0
0.0096  0.0
0.009625  0.0
0.00965  0.0
0.009675  0.0
0.0097  0.0
0.009725  0.0
0.00975  0.0
0.009775  0.0
0.0098  0.0
0.009825  0.0
0.00985  0.0
0.009875  0.0
0.0099  0.0
0.009925  0.0
0.00995  0.0
0.009975  0.0
0.01  0.0
0.010025  0.0
0.01005  0.0
0.010075  0.0
0.0101  0.0
0.010125  0.0
0.01015  0.0
0.010175  0.0
0.0102  0.0
0.010225  0.0
0.01025  0.0
0.010275  0.0
0.0103  0.0
0.010325  0.0
0.01035  0.0
0.010375  0.0
0.0104  0.0
0.010425  0.0
0.01045  0.0
0.010475  0.0
0.0105  0.0
0.010525  0.0
0.01055  0.0
0.010575  0.0
0.0106  0.0
0.010625  0.0
0.01065  0.0
0.010675  0.0
0.0107  0.0
0.010725  0.0
0.01075  0.0
0.010775  0.0
0.0108  0.0
0.010825  0.0
0.01085  0.0
0.010875  0.0
0.0109  0.0
0.010925  0.0
0.01095  0.0
0.010975  0.0
0.011  0.0
0.011025  0.0
0.01105  0.0
0.011075  0.0
0.0111  0.0
0.011125  0.0
0.01115  0.0
0.011175  0.0
0.0112  0.0
0.011225  0.0
0.01125  0.0
0.011275  0.0
0.0113  0.0
0.011325  0.0
0.01135  0.0
0.011375  0.0
0.0114  0.0
0.011425  0.0
0.01145  0.0
0.011475  0.0
0.0115  0.0
0.011525  0.0
0.01155  0.0
0.011575  0.0
0.0116  0.0
0.011625  0.0
0.01165  0.0
0.011675  0.0
0.0117  0.0
0.011725  0.0
0.01175  0.0
0.011775  0.0
0.0118  0.0
0.011825  0.0
0.01185  0.0
0.011875  0.0
0.0119  0.0
0.011925  0.0
0.01195  0.0
0.011975  0.0
0.012  0.0
0.012025  0.0
0.01205  0.0
0.012075  0.0
0.0121  0.0
0.012125  0.0
0.01215  0.0
0.012175  0.0
0.0122  0.0
0.012225  0.0
0.01225  0.0
0.012275  0.0
0.0123  0.0
0.012325  0.0
0.01235  0.0
0.012375  0.0
0.0124  0.0
0.012425  0.0
0.01245  0.0
0.012475  0.0
0.0125  0.0
0.012525  0.0
0.01255  0.0
0.012575  0.0
0.0126  0.0
0.012625  0.0
0.01265  0.0
0.012675  0.0
0.0127  0.0
0.012725  0.0
0.01275  0.0
0.012775  0.0
0.0128  0.0
0.012825  0.0
0.01285  0.0
0.012875  0.0
0.0129  0.0
0.012925  0.0
0.01295  0.0
0.012975  0.0
0.013  0.0
0.013025  0.0
0.01305  0.0
0.013075  0.0
0.0131  0.0
0.013125  0.0
0.01315  0.0
0.013175  0.0
0.0132  0.0
0.013225  0.0
0.01325  0.0
0.013275  0.0
0.0133  0.0
0.013325  0.0
0.01335  0.0
0.013375  0.0
0.0134  0.0
0.013425  0.0
0.01345  0.0
0.013475  0.0
0.0135  0.0
0.013525  0.0
0.01355  0.0
0.013575  0.0
0.0136  0.0
0.013625  0.0
0.01365  0.0
0.013675  0.0
0.0137  0.0
0.013725  0.0
0.01375  0.0
0.013775  0.0
0.0138  0.0
0.013825  0.0
0.01385  0.0
0.013875  0.0
0.0139  0.0
0.013925  0.0
0.01395  0.0
0.013975  0.0
0.014  0.0
0.014025  0.0
0.01405  0.0
0.014075  0.0
0.0141  0.0
0.014125  0.0
0.01415  0.0
0.014175  0.0
0.0142  0.0
0.014225  0.0
0.01425  0.0
0.014275  0.0
0.0143  0.0
0.014325  0.0
0.01435  0.0
0.014375  0.0
0.0144  0.0
0.014425  0.0
0.01445  0.0
0.014475  0.0
0.0145  0.0
0.014525  0.0
0.01455  0.0
0.014575  0.0
0.0146  0.0
0.014625  0.0
0.01465  0.0
0.014675  0.0
0.0147  0.0
0.014725  0.0
0.01475  0.0
0.014775  0.0
0.0148  0.0
0.014825  0.0
0.01485  0.0
0.014875  0.0
0.0149  0.0
0.014925  0.0
0.01495  0.0
0.014975  0.0
0.015  0.0
0.015025  0.0
0.01505  0.0
0.015075  0.0
0.0151  0.0
0.015125  0.0
0.01515  0.0
0.015175  0.0
0.0152  0.0
0.015225  0.0
0.01525  0.0
0.015275  0.0
0.0153  0.0
0.015325  0.0
0.01535  0.0
0.015375  0.0
0.0154  0.0
0.015425  0.0
0.01545  0.0
0.015475  0.0
0.0155  0.0
0.015525  0.0
0.01555  0.0
0.015575  0.0
0.0156  0.0
0.015625  0.0
0.01565  0.0
0.015675  0.0
0.0157  0.0
0.015725  0.0
0.01575  0.0
0.015775  0.0
0.0158  0.0
0.015825  0.0
0.01585  0.0
0.015875  0.0
0.0159  0.0
0.015925  0.0
0.01595  0.0
0.015975  0.0
0.016  0.0
0.016025  0.0
0.01605  0.0
0.016075  0.0
0.0161  0.0
0.016125  0.0
0.01615  0.0
0.016175  0.0
0.0162  0.0
0.016225  0.0
0.01625  0.0
0.016275  0.0
0.0163  0.0
0.016325  0.0
0.01635  0.0
0.016375  0.0
0.0164  0.0
0.016425  0.0
0.01645  0.0
0.016475  0.0
0.0165  0.0
0.016525  0.0
0.01655  0.0
0.016575  0.0
0.0166  0.0
0.016625  0.0
0.01665  0.0
0.016675  0.0
0.0167  0.0
0.016725  0.0
0.01675  0.0
0.016775  0.0
0.0168  0.0
0.016825  0.0
0.01685  0.0
0.016875  0.0
0.0169  0.0
0.016925  0.0
0.01695  0.0
0.016975  0.0
0.017  0.0
0.017025  0.0
0.01705  0.0
0.017075  0.0
0.0171  0.0
0.017125  0.0
0.01715  0.0
0.017175  0.0
0.0172  0.0
0.017225  0.0
0.01725  0.0
0.017275  0.0
0.0173  0.0
0.017325  0.0
0.01735  0.0
0.017375  0.0
0.0174  0.0
0.017425  0.0
0.01745  0.0
0.017475  0.0
0.0175  0.0
0.017525  0.0
0.01755  0.0
0.017575  0.0
0.0176  0.0
0.017625  0.0
0.01765  0.0
0.017675  0.0
0.0177  0.0
0.017725  0.0
0.01775  0.0
0.017775  0.0
0.0178  0.0
0.017825  0.0
0.01785  0.0
0.017875  0.0
0.0179  0.0
0.017925  0.0
0.01795  0.0
0.017975  0.0
0.018  0.0
0.018025  0.0
0.01805  0.0
0.018075  0.0
0.0181  0.0
0.018125  0.0
0.01815  0.0
0.018175  0.0
0.0182  0.0
0.018225  0.0
0.01825  0.0
0.018275  0.0
0.0183  0.0
0.018325  0.0
0.01835  0.0
0.018375  0.0
0.0184  0.0
0.018425  0.0
0.01845  0.0
0.018475  0.0
0.0185  0.0
0.018525  0.0
0.01855  0.0
0.018575  0.0
0.0186  0.0
0.018625  0.0
0.01865  0.0
0.018675  0.0
0.0187  0.0
0.018725  0.0
0.01875  0.0
0.018775  0.0
0.0188  0.0
0.018825  0.0
0.01885  0.0
0.018875  0.0
0.0189  0.0
0.018925  0.0
0.01895  0.0
0.018975  0.0
0.019  0.0
0.019025  0.0
0.01905  0.0
0.019075  0.0
0.0191  0.0
0.019125  0.0
0.01915  0.0
0.019175  0.0
0.0192  0.0
0.019225  0.0
0.01925  0.0
0.019275  0.0
0.0193  0.0
0.019325  0.0
0.01935  0.0
0.019375  0.0
0.0194  0.0
0.019425  0.0
0.01945  0.0
0.019475  0.0
0.0195  0.0
0.019525  0.0
0.01955  0.0
0.019575  0.0
0.0196  0.0
0.019625  0.0
0.01965  0.0
0.019675  0.0
0.0197  0.0
0.019725  0.0
0.01975  0.0
0.019775  0.0
0.0198  0.0
0.019825  0.0
0.01985  0.0
0.019875  0.0
0.0199  0.0
0.019925  0.0
0.01995  0.0
0.019975  0.0
0.02  0.0
0.020025  0.0
0.02005  0.0
0.020075  0.0
0.0201  0.0
0.020125  0.0
0.02015  0.0
0.020175  0.0
0.0202  0.0
0.020225  0.0
0.02025  0.0
0.020275  0.0
0.0203  0.0
0.020325  0.0
0.02035  0.0
0.020375  0.0
0.0204  0.0
0.020425  0.0
0.02045  0.0
0.020475  0.0
0.0205  0.0
0.020525  0.0
0.02055  0.0
0.020575  0.0
0.0206  0.0
0.020625  0.0
0.02065  0.0
0.020675  0.0
0.0207  0.0
0.020725  0.0
0.02075  0.0
0.020775  0.0
0.0208  0.0
0.020825  0.0
0.02085  0.0
0.020875  0.0
0.0209  0.0
0.020925  0.0
0.02095  0.0
0.020975  0.0
0.021  0.0
0.021025  0.0
0.02105  0.0
0.021075  0.0
0.0211  0.0
0.021125  0.0
0.02115  0.0
0.021175  0.0
0.0212  0.0
0.021225  0.0
0.02125  0.0
0.021275  0.0
0.0213  0.0
0.021325  0.0
0.02135  0.0
0.021375  0.0
0.0214  0.0
0.021425  0.0
0.02145  0.0
0.021475  0.0
0.0215  0.0
0.021525  0.0
0.02155  0.0
0.021575  0.0
0.0216  0.0
0.021625  0.0
0.02165  0.0
0.021675  0.0
0.0217  0.0
0.021725  0.0
0.02175  0.0
0.021775  0.0
0.0218  0.0
0.021825  0.0
0.02185  0.0
0.021875  0.0
0.0219  0.0
0.021925  0.0
0.02195  0.0
0.021975  0.0
0.022  0.0
0.022025  0.0
0.02205  0.0
0.022075  0.0
0.0221  0.0
0.022125  0.0
0.02215  0.0
0.022175  0.0
0.0222  0.0
0.022225  0.0
0.02225  0.0
0.022275  0.0
0.0223  0.0
0.022325  0.0
0.02235  0.0
0.022375  0.0
0.0224  0.0
0.022425  0.0
0.02245  0.0
0.022475  0.0
0.0225  0.0
0.022525  0.0
0.02255  0.0
0.022575  0.0
0.0226  0.0
0.022625  0.0
0.02265  0.0
0.022675  0.0
0.0227  0.0
0.022725  0.0
0.02275  0.0
0.022775  0.0
0.0228  0.0
0.022825  0.0
0.02285  0.0
0.022875  0.0
0.0229  0.0
0.022925  0.0
0.02295  0.0
0.022975  0.0
0.023  0.0
0.023025  0.0
0.02305  0.0
0.023075  0.0
0.0231  0.0
0.023125  0.0
0.02315  0.0
0.023175  0.0
0.0232  0.0
0.023225  0.0
0.02325  0.0
0.023275  0.0
0.0233  0.0
0.023325  0.0
0.02335  0.0
0.023375  0.0
0.0234  0.0
0.023425  0.0
0.02345  0.0
0.023475  0.0
0.0235  0.0
0.023525  0.0
0.02355  0.0
0.023575  0.0
0.0236  0.0
0.023625  0.0
0.02365  0.0
0.023675  0.0
0.0237  0.0
0.023725  0.0
0.02375  0.0
0.023775  0.0
0.0238  0.0
0.023825  0.0
0.02385  0.0
0.023875  0.0
0.0239  0.0
0.023925  0.0
0.02395  0.0
0.023975  0.0
0.024  0.0
0.024025  0.0
0.02405  0.0
0.024075  0.0
0.0241  0.0
0.024125  0.0
0.02415  0.0
0.024175  0.0
0.0242  0.0
0.024225  0.0
0.02425  0.0
0.024275  0.0
0.0243  0.0
0.024325  0.0
0.02435  0.0
0.024375  0.0
0.0244  0.0
0.024425  0.0
0.02445  0.0
0.024475  0.0
0.0245  0.0
0.024525  0.0
0.02455  0.0
0.024575  0.0
0.0246  0.0
0.024625  0.0
0.02465  0.0
0.024675  0.0
0.0247  0.0
0.024725  0.0
0.02475  0.0
0.024775  0.0
0.0248  0.0
0.024825  0.0
0.02485  0.0
0.024875  0.0
0.0249  0.0
0.024925  0.0
0.02495  0.0
0.024975  0.0
0.025  0.0
0.025025  0.0
0.02505  0.0
0.025075  0.0
0.0251  0.0
0.025125  0.0
0.02515  0.0
0.025175  0.0
0.0252  0.0
0.025225  0.0
0.02525  0.0
0.025275  0.0
0.0253  0.0
0.025325  0.0
0.02535  0.0
0.025375  0.0
0.0254  0.0
0.025425  0.0
0.02545  0.0
0.025475  0.0
0.0255  0.0
0.025525  0.0
0.02555  0.0
0.025575  0.0
0.0256  0.0
0.025625  0.0
0.02565  0.0
0.025675  0.0
0.0257  0.0
0.025725  0.0
0.02575  0.0
0.025775  0.0
0.0258  0.0
0.025825  0.0
0.02585  0.0
0.025875  0.0
0.0259  0.0
0.025925  0.0
0.02595  0.0
0.025975  0.0
0.026  0.0
0.026025  0.0
0.02605  0.0
0.026075  0.0
0.0261  0.0
0.026125  0.0
0.02615  0.0
0.026175  0.0
0.0262  0.0
0.026225  0.0
0.02625  0.0
0.026275  0.0
0.0263  0.0
0.026325  0.0
0.02635  0.0
0.026375  0.0
0.0264  0.0
0.026425  0.0
0.02645  0.0
0.026475  0.0
0.0265  0.0
0.026525  0.0
0.02655  0.0
0.026575  0.0
0.0266  0.0
0.026625  0.0
0.02665  0.0
0.026675  0.0
0.0267  0.0
0.026725  0.0
0.02675  0.0
0.026775  0.0
0.0268  0.0
0.026825  0.0
0.02685  0.0
0.026875  0.0
0.0269  0.0
0.026925  0.0
0.02695  0.0
0.026975  0.0
0.027  0.0
0.027025  0.0
0.02705  0.0
0.027075  0.0
0.0271  0.0
0.027125  0.0
0.02715  0.0
0.027175  0.0
0.0272  0.0
0.027225  0.0
0.02725  0.0
0.027275  0.0
0.0273  0.0
0.027325  0.0
0.02735  0.0
0.027375  0.0
0.0274  0.0
0.027425  0.0
0.02745  0.0
0.027475  0.0
0.0275  0.0
0.027525  0.0
0.02755  0.0
0.027575  0.0
0.0276  0.0
0.027625  0.0
0.02765  0.0
0.027675  0.0
0.0277  0.0
0.027725  0.0
0.02775  0.0
0.027775  0.0
0.0278  0.0
0.027825  0.0
0.02785  0.0
0.027875  0.0
0.0279  0.0
0.027925  0.0
0.02795  0.0
0.027975  0.0
0.028  0.0
0.028025  0.0
0.02805  0.0
0.028075  0.0
0.0281  0.0
0.028125  0.0
0.02815  0.0
0.028175  0.0
0.0282  0.0
0.028225  0.0
0.02825  0.0
0.028275  0.0
0.0283  0.0
0.028325  0.0
0.02835  0.0
0.028375  0.0
0.0284  0.0
0.028425  0.0
0.02845  0.0
0.028475  0.0
0.0285  0.0
0.028525  0.0
0.02855  0.0
0.028575  0.0
0.0286  0.0
0.028625  0.0
0.02865  0.0
0.028675  0.0
0.0287  0.0
0.028725  0.0
0.02875  0.0
0.028775  0.0
0.0288  0.0
0.028825  0.0
0.02885  0.0
0.028875  0.0
0.0289  0.0
0.028925  0.0
0.02895  0.0
0.028975  0.0
0.029  0.0
0.029025  0.0
0.02905  0.0
0.029075  0.0
0.0291  0.0
0.029125  0.0
0.02915  0.0
0.029175  0.0
0.0292  0.0
0.029225  0.0
0.02925  0.0
0.029275  0.0
0.0293  0.0
0.029325  0.0
0.02935  0.0
0.029375  0.0
0.0294  0.0
0.029425  0.0
0.02945  0.0
0.029475  0.0
0.0295  0.0
0.029525  0.0
0.02955  0.0
0.029575  0.0
0.0296  0.0
0.029625  0.0
0.02965  0.0
0.029675  0.0
0.0297  0.0
0.029725  0.0
0.02975  0.0
0.029775  0.0
0.0298  0.0
0.029825  0.0
0.02985  0.0
0.029875  0.0
0.0299  0.0
0.029925  0.0
0.02995  0.0
0.029975  0.0
