0.0  0.0
2.5e-05  0.03141075907812829
5e-05  0.06279051952931337
7.5e-05  0.09410831331851431
0.0001  0.12533323356430426
0.000125  0.15643446504023087
0.00015  0.1873813145857246
0.000175  0.21814324139654256
0.0002  0.2486898871648548
0.000225  0.2789911060392293
0.00025  0.3090169943749474
0.000275  0.33873792024529137
0.0003  0.3681245526846779
0.000325  0.3971478906347806
0.00035  0.4257792915650727
0.000375  0.45399049973954675
0.0004  0.4817536741017153
0.000425  0.5090414157503713
0.00045  0.5358267949789967
0.000475  0.5620833778521306
0.0005  0.5877852522924731
0.000525  0.6129070536529765
0.00055  0.6374239897486896
0.000575  0.6613118653236518
0.0006  0.6845471059286886
0.000625  0.7071067811865475
0.00065  0.7289686274214116
0.000675  0.7501110696304596
0.0007  0.7705132427757893
0.000725  0.7901550123756903
0.00075  0.8090169943749473
0.000775  0.8270805742745618
0.0008  0.8443279255020151
0.000825  0.8607420270039436
0.00085  0.8763066800438637
0.000875  0.891006524188368
0.0009  0.9048270524660196
0.000925  0.9177546256839811
0.00095  0.9297764858882515
0.000975  0.9408807689542256
0.001  0.9510565162951535
0.001025  0.9602936856769431
0.00105  0.9685831611286311
0.001075  0.9759167619387473
0.0011  0.9822872507286886
0.001125  0.9876883405951378
0.00115  0.9921147013144779
0.001175  0.99556196460308
0.0012  0.9980267284282716
0.001225  0.9995065603657316
0.00125  1.0
0.001275  0.9995065603657316
0.0013  0.9980267284282716
0.001325  0.99556196460308
0.00135  0.9921147013144778
0.001375  0.9876883405951377
0.0014  0.9822872507286886
0.001425  0.9759167619387473
0.00145  0.9685831611286312
0.001475  0.9602936856769431
0.0015  0.9510565162951536
0.001525  0.9408807689542255
0.00155  0.9297764858882513
0.001575  0.9177546256839811
0.0016  0.9048270524660195
0.001625  0.8910065241883679
0.00165  0.8763066800438635
0.001675  0.8607420270039436
0.0017  0.844327925502015
0.001725  0.8270805742745618
0.00175  0.8090169943749472
0.001775  0.7901550123756905
0.0018  0.7705132427757893
0.001825  0.7501110696304597
0.00185  0.7289686274214116
0.001875  0.7071067811865476
0.0019  0.6845471059286885
0.001925  0.6613118653236518
0.00195  0.6374239897486895
0.001975  0.6129070536529764
0.002  0.5877852522924732
0.002025  0.5620833778521305
0.00205  0.5358267949789967
0.002075  0.5090414157503711
0.0021  0.4817536741017152
0.002125  0.45399049973954686
0.00215  0.4257792915650729
0.002175  0.3971478906347806
0.0022  0.36812455268467814
0.002225  0.3387379202452913
0.00225  0.3090169943749475
0.002275  0.2789911060392291
0.0023  0.2486898871648548
0.002325  0.21814324139654231
0.00235  0.18738131458572455
0.002375  0.15643446504023054
0.0024  0.12533323356430454
0.002425  0.09410831331851435
0.00245  0.06279051952931358
0.002475  0.03141075907812824
0.0025  1.2246467991473532e-16
0.002525  -0.03141075907812843
0.00255  -0.06279051952931333
0.002575  -0.09410831331851455
0.0026  -0.1253332335643043
0.002625  -0.15643446504023076
0.00265  -0.18738131458572477
0.002675  -0.2181432413965425
0.0027  -0.24868988716485502
0.002725  -0.27899110603922933
0.00275  -0.30901699437494773
0.002775  -0.3387379202452911
0.0028  -0.36812455268467836
0.002825  -0.3971478906347804
0.00285  -0.4257792915650731
0.002875  -0.4539904997395467
0.0029  -0.481753674101715
0.002925  -0.5090414157503713
0.00295  -0.5358267949789964
0.002975  -0.5620833778521306
0.003  -0.587785252292473
0.003025  -0.6129070536529766
0.00305  -0.6374239897486896
0.003075  -0.661311865323652
0.0031  -0.6845471059286887
0.003125  -0.7071067811865477
0.00315  -0.7289686274214116
0.003175  -0.7501110696304598
0.0032  -0.7705132427757894
0.003225  -0.7901550123756904
0.00325  -0.8090169943749473
0.003275  -0.8270805742745616
0.0033  -0.8443279255020153
0.003325  -0.8607420270039438
0.00335  -0.8763066800438636
0.003375  -0.8910065241883678
0.0034  -0.9048270524660198
0.003425  -0.9177546256839809
0.00345  -0.9297764858882515
0.003475  -0.9408807689542255
0.0035  -0.9510565162951538
0.003525  -0.960293685676943
0.00355  -0.968583161128631
0.003575  -0.9759167619387474
0.0036  -0.9822872507286887
0.003625  -0.9876883405951377
0.00365  -0.9921147013144778
0.003675  -0.99556196460308
0.0037  -0.9980267284282716
0.003725  -0.9995065603657316
0.00375  -1.0
0.003775  -0.9995065603657315
0.0038  -0.9980267284282716
0.003825  -0.99556196460308
0.00385  -0.9921147013144779
0.003875  -0.9876883405951378
0.0039  -0.9822872507286886
0.003925  -0.9759167619387475
0.00395  -0.9685831611286311
0.003975  -0.9602936856769431
0.004  -0.9510565162951536
0.004025  -0.9408807689542256
0.00405  -0.9297764858882512
0.004075  -0.917754625683981
0.0041  -0.9048270524660196
0.004125  -0.891006524188368
0.00415  -0.8763066800438634
0.004175  -0.8607420270039434
0.0042  -0.8443279255020151
0.004225  -0.8270805742745618
0.00425  -0.8090169943749476
0.004275  -0.7901550123756901
0.0043  -0.7705132427757896
0.004325  -0.7501110696304595
0.00435  -0.7289686274214116
0.004375  -0.707106781186547
0.0044  -0.684547105928689
0.004425  -0.6613118653236516
0.00445  -0.6374239897486896
0.004475  -0.6129070536529765
0.0045  -0.5877852522924732
0.004525  -0.5620833778521309
0.00455  -0.5358267949789963
0.004575  -0.5090414157503712
0.0046  -0.4817536741017153
0.004625  -0.45399049973954697
0.00465  -0.4257792915650722
0.004675  -0.3971478906347803
0.0047  -0.3681245526846778
0.004725  -0.3387379202452914
0.00475  -0.3090169943749468
0.004775  -0.2789911060392296
0.0048  -0.24868988716485535
0.004825  -0.21814324139654245
0.00485  -0.18738131458572468
0.004875  -0.15643446504023112
0.0049  -0.12533323356430467
0.004925  -0.09410831331851403
0.00495  -0.06279051952931326
0.004975  -0.031410759078128354
0.005  -2.4492935982947064e-16
0.005025  0.03141075907812876
0.00505  0.06279051952931365
0.005075  0.09410831331851442
0.0051  0.12533323356430418
0.005125  0.15643446504023062
0.00515  0.18738131458572507
0.005175  0.21814324139654195
0.0052  0.2486898871648549
0.005225  0.2789911060392292
0.00525  0.3090169943749472
0.005275  0.3387379202452918
0.0053  0.36812455268467825
0.005325  0.39714789063478073
0.00535  0.4257792915650726
0.005375  0.45399049973954736
0.0054  0.4817536741017157
0.005425  0.5090414157503715
0.00545  0.5358267949789967
0.005475  0.5620833778521298
0.0055  0.5877852522924737
0.005525  0.6129070536529768
0.00555  0.6374239897486893
0.005575  0.6613118653236513
0.0056  0.6845471059286893
0.005625  0.7071067811865479
0.00565  0.7289686274214111
0.005675  0.7501110696304591
0.0057  0.7705132427757898
0.005725  0.7901550123756909
0.00575  0.8090169943749472
0.005775  0.8270805742745615
0.0058  0.8443279255020147
0.005825  0.8607420270039436
0.00585  0.8763066800438635
0.005875  0.8910065241883677
0.0059  0.9048270524660194
0.005925  0.9177546256839813
0.00595  0.9297764858882515
0.005975  0.9408807689542255
0.006  0.9510565162951534
0.006025  0.9602936856769432
0.00605  0.9685831611286312
0.006075  0.9759167619387474
0.0061  0.9822872507286886
0.006125  0.9876883405951377
0.00615  0.9921147013144779
0.006175  0.99556196460308
0.0062  0.9980267284282716
0.006225  0.9995065603657316
0.00625  1.0
0.006275  0.9995065603657315
0.0063  0.9980267284282716
0.006325  0.9955619646030801
0.00635  0.9921147013144778
0.006375  0.9876883405951377
0.0064  0.9822872507286886
0.006425  0.9759167619387473
0.00645  0.9685831611286311
0.006475  0.9602936856769431
0.0065  0.9510565162951536
0.006525  0.9408807689542257
0.00655  0.9297764858882517
0.006575  0.9177546256839808
0.0066  0.9048270524660192
0.006625  0.8910065241883676
0.00665  0.8763066800438635
0.006675  0.8607420270039435
0.0067  0.8443279255020151
0.006725  0.8270805742745619
0.00675  0.8090169943749477
0.006775  0.7901550123756906
0.0068  0.7705132427757886
0.006825  0.7501110696304589
0.00685  0.7289686274214122
0.006875  0.7071067811865483
0.0069  0.6845471059286884
0.006925  0.6613118653236517
0.00695  0.6374239897486896
0.006975  0.6129070536529766
0.007  0.5877852522924719
0.007025  0.5620833778521296
0.00705  0.5358267949789972
0.007075  0.509041415750372
0.0071  0.48175367410171616
0.007125  0.4539904997395463
0.00715  0.4257792915650723
0.007175  0.39714789063478045
0.0072  0.368124552684678
0.007225  0.3387379202452916
0.00725  0.3090169943749478
0.007275  0.2789911060392298
0.0073  0.2486898871648555
0.007325  0.21814324139654168
0.00735  0.18738131458572393
0.007375  0.15643446504023034
0.0074  0.1253332335643039
0.007425  0.09410831331851414
0.00745  0.06279051952931337
0.007475  0.03141075907812848
0.0075  3.6739403974420594e-16
0.007525  -0.03141075907812775
0.00755  -0.06279051952931443
0.007575  -0.0941083133185152
0.0076  -0.12533323356430495
0.007625  -0.1564344650402314
0.00765  -0.18738131458572496
0.007675  -0.2181432413965427
0.0077  -0.24868988716485474
0.007725  -0.27899110603922905
0.00775  -0.30901699437494706
0.007775  -0.3387379202452925
0.0078  -0.3681245526846789
0.007825  -0.39714789063477973
0.00785  -0.42577929156507166
0.007875  -0.4539904997395472
0.0079  -0.4817536741017156
0.007925  -0.5090414157503714
0.00795  -0.5358267949789967
0.007975  -0.5620833778521319
0.008  -0.5877852522924728
0.008025  -0.612907053652976
0.00805  -0.6374239897486892
0.008075  -0.6613118653236512
0.0081  -0.6845471059286892
0.008125  -0.7071067811865479
0.00815  -0.7289686274214118
0.008175  -0.7501110696304596
0.0082  -0.7705132427757891
0.008225  -0.7901550123756902
0.00825  -0.8090169943749472
0.008275  -0.8270805742745615
0.0083  -0.8443279255020156
0.008325  -0.8607420270039441
0.00835  -0.8763066800438639
0.008375  -0.8910065241883681
0.0084  -0.9048270524660197
0.008425  -0.9177546256839811
0.00845  -0.9297764858882513
0.008475  -0.9408807689542253
0.0085  -0.9510565162951534
0.008525  -0.9602936856769434
0.00855  -0.9685831611286314
0.008575  -0.9759167619387475
0.0086  -0.9822872507286885
0.008625  -0.9876883405951378
0.00865  -0.9921147013144779
0.008675  -0.99556196460308
0.0087  -0.9980267284282716
0.008725  -0.9995065603657316
0.00875  -1.0
0.008775  -0.9995065603657316
0.0088  -0.9980267284282716
0.008825  -0.9955619646030801
0.00885  -0.9921147013144778
0.008875  -0.9876883405951377
0.0089  -0.9822872507286886
0.008925  -0.9759167619387473
0.00895  -0.9685831611286312
0.008975  -0.9602936856769432
0.009  -0.9510565162951538
0.009025  -0.9408807689542257
0.00905  -0.9297764858882517
0.009075  -0.9177546256839808
0.0091  -0.9048270524660192
0.009125  -0.8910065241883677
0.00915  -0.8763066800438635
0.009175  -0.8607420270039436
0.0092  -0.8443279255020152
0.009225  -0.8270805742745619
0.00925  -0.8090169943749477
0.009275  -0.7901550123756896
0.0093  -0.7705132427757886
0.009325  -0.750111069630459
0.00935  -0.7289686274214111
0.009375  -0.7071067811865485
0.0094  -0.6845471059286885
0.009425  -0.6613118653236518
0.00945  -0.6374239897486897
0.009475  -0.6129070536529767
0.0095  -0.587785252292472
0.009525  -0.5620833778521296
0.00955  -0.5358267949789973
0.009575  -0.5090414157503721
0.0096  -0.48175367410171627
0.009625  -0.4539904997395464
0.00965  -0.42577929156507244
0.009675  -0.39714789063478056
0.0097  -0.3681245526846781
0.009725  -0.33873792024529165
0.00975  -0.3090169943749479
0.009775  -0.2789911060392299
0.0098  -0.2486898871648556
0.009825  -0.21814324139654181
0.00985  -0.18738131458572407
0.009875  -0.15643446504023048
0.0099  -0.12533323356430404
0.009925  -0.09410831331851427
0.00995  -0.0627905195293135
0.009975  -0.031410759078128604
0.01  -4.898587196589413e-16
0.010025  0.031410759078127626
0.01005  0.0627905195293143
0.010075  0.09410831331851507
0.0101  0.1253332335643048
0.010125  0.15643446504023126
0.01015  0.18738131458572482
0.010175  0.21814324139654256
0.0102  0.24868988716485463
0.010225  0.27899110603922894
0.01025  0.30901699437494695
0.010275  0.3387379202452924
0.0103  0.3681245526846788
0.010325  0.3971478906347797
0.01035  0.42577929156507155
0.010375  0.45399049973954714
0.0104  0.4817536741017155
0.010425  0.5090414157503713
0.01045  0.5358267949789965
0.010475  0.5620833778521318
0.0105  0.5877852522924728
0.010525  0.6129070536529759
0.01055  0.6374239897486904
0.010575  0.6613118653236512
0.0106  0.6845471059286891
0.010625  0.7071067811865466
0.01065  0.7289686274214117
0.010675  0.7501110696304607
0.0107  0.7705132427757891
0.010725  0.7901550123756902
0.01075  0.8090169943749481
0.010775  0.8270805742745615
0.0108  0.8443279255020155
0.010825  0.8607420270039431
0.01085  0.8763066800438638
0.010875  0.891006524188368
0.0109  0.9048270524660196
0.010925  0.9177546256839811
0.01095  0.9297764858882507
0.010975  0.9408807689542253
0.011  0.951056516295154
0.011025  0.9602936856769428
0.01105  0.9685831611286313
0.011075  0.9759167619387475
0.0111  0.9822872507286885
0.011125  0.9876883405951378
0.01115  0.9921147013144777
0.011175  0.99556196460308
0.0112  0.9980267284282717
0.011225  0.9995065603657316
0.01125  1.0
0.011275  0.9995065603657316
0.0113  0.9980267284282717
0.011325  0.99556196460308
0.01135  0.992114701314478
0.011375  0.9876883405951377
0.0114  0.9822872507286883
0.011425  0.9759167619387474
0.01145  0.9685831611286307
0.011475  0.9602936856769432
0.0115  0.9510565162951538
0.011525  0.9408807689542251
0.01155  0.9297764858882518
0.011575  0.9177546256839808
0.0116  0.90482705246602
0.011625  0.8910065241883677
0.01165  0.8763066800438635
0.011675  0.8607420270039436
0.0117  0.8443279255020152
0.011725  0.827080574274561
0.01175  0.8090169943749478
0.011775  0.7901550123756897
0.0118  0.7705132427757898
0.011825  0.7501110696304591
0.01185  0.7289686274214111
0.011875  0.7071067811865486
0.0119  0.6845471059286886
0.011925  0.6613118653236533
0.01195  0.63742398974869
0.011975  0.6129070536529755
0.012  0.5877852522924737
0.012025  0.5620833778521298
0.01205  0.535826794978996
0.012075  0.5090414157503723
0.0121  0.48175367410171493
0.012125  0.45399049973954814
0.01215  0.42577929156507255
0.012175  0.39714789063477907
0.0122  0.3681245526846782
0.012225  0.3387379202452901
0.01225  0.309016994374948
0.012275  0.27899110603923
0.0123  0.248689887164854
0.012325  0.21814324139654365
0.01235  0.18738131458572418
0.012375  0.15643446504022884
0.0124  0.12533323356430415
0.012425  0.0941083133185144
0.01245  0.06279051952931362
0.012475  0.03141075907812872
0.0125  -1.164033439826574e-15
0.012525  -0.03141075907812751
0.01255  -0.06279051952931418
0.012575  -0.09410831331851317
0.0126  -0.1253332335643047
0.012625  -0.15643446504023115
0.01265  -0.187381314585723
0.012675  -0.21814324139654248
0.0127  -0.24868988716485624
0.012725  -0.27899110603922883
0.01275  -0.3090169943749485
0.012775  -0.33873792024529065
0.0128  -0.3681245526846787
0.012825  -0.3971478906347828
0.01285  -0.42577929156507305
0.012875  -0.45399049973954864
0.0129  -0.4817536741017153
0.012925  -0.5090414157503697
0.01295  -0.5358267949789963
0.012975  -0.5620833778521287
0.013  -0.5877852522924726
0.013025  -0.6129070536529773
0.01305  -0.6374239897486889
0.013075  -0.6613118653236523
0.0131  -0.6845471059286876
0.013125  -0.7071067811865477
0.01315  -0.7289686274214128
0.013175  -0.7501110696304595
0.0132  -0.7705132427757901
0.013225  -0.7901550123756901
0.01325  -0.8090169943749481
0.013275  -0.8270805742745634
0.0133  -0.8443279255020155
0.013325  -0.860742027003943
0.01335  -0.8763066800438638
0.013375  -0.8910065241883671
0.0134  -0.9048270524660196
0.013425  -0.9177546256839804
0.01345  -0.9297764858882513
0.013475  -0.9408807689542259
0.0135  -0.9510565162951534
0.013525  -0.9602936856769433
0.01355  -0.9685831611286309
0.013575  -0.9759167619387475
0.0136  -0.982287250728689
0.013625  -0.9876883405951378
0.01365  -0.9921147013144781
0.013675  -0.99556196460308
0.0137  -0.9980267284282714
0.013725  -0.9995065603657315
0.01375  -1.0
0.013775  -0.9995065603657316
0.0138  -0.9980267284282716
0.013825  -0.9955619646030801
0.01385  -0.9921147013144778
0.013875  -0.987688340595138
0.0139  -0.9822872507286887
0.013925  -0.975916761938747
0.01395  -0.9685831611286312
0.013975  -0.9602936856769427
0.014  -0.9510565162951526
0.014025  -0.9408807689542251
0.01405  -0.9297764858882505
0.014075  -0.9177546256839809
0.0141  -0.9048270524660201
0.014125  -0.8910065241883678
0.01415  -0.8763066800438645
0.014175  -0.8607420270039438
0.0142  -0.8443279255020162
0.014225  -0.8270805742745622
0.01425  -0.8090169943749468
0.014275  -0.7901550123756909
0.0143  -0.7705132427757888
0.014325  -0.750111069630458
0.01435  -0.7289686274214113
0.014375  -0.7071067811865461
0.0144  -0.6845471059286887
0.014425  -0.6613118653236507
0.01445  -0.63742398974869
0.014475  -0.6129070536529756
0.0145  -0.5877852522924737
0.014525  -0.5620833778521328
0.01455  -0.5358267949789975
0.014575  -0.5090414157503709
0.0146  -0.48175367410171654
0.014625  -0.45399049973954664
0.01465  -0.42577929156507105
0.014675  -0.3971478906347808
0.0147  -0.36812455268467664
0.014725  -0.33873792024529187
0.01475  -0.3090169943749464
0.014775  -0.27899110603922667
0.0148  -0.2486898871648541
0.014825  -0.2181432413965403
0.01485  -0.1873813145857243
0.014875  -0.15643446504023245
0.0149  -0.12533323356430426
0.014925  -0.09410831331851628
0.01495  -0.06279051952931375
0.014975  -0.03141075907812708
0.015  -7.347880794884119e-16
0.015025  0.03141075907812915
0.01505  0.06279051952931229
0.015075  0.09410831331851482
0.0151  0.12533323356430634
0.015125  0.15643446504023104
0.01515  0.18738131458572635
0.015175  0.21814324139654237
0.0152  0.24868988716485615
0.015225  0.2789911060392287
0.01525  0.3090169943749484
0.015275  0.33873792024529054
0.0153  0.3681245526846786
0.015325  0.39714789063477945
0.01535  0.42577929156507294
0.015375  0.45399049973954536
0.0154  0.4817536741017152
0.015425  0.5090414157503726
0.01545  0.5358267949789962
0.015475  0.5620833778521316
0.0155  0.5877852522924725
0.015525  0.6129070536529772
0.01555  0.6374239897486915
0.015575  0.6613118653236523
0.0156  0.6845471059286902
0.015625  0.7071067811865476
0.01565  0.7289686274214102
0.015675  0.7501110696304594
0.0157  0.7705132427757878
0.015725  0.79015501237569
0.01575  0.809016994374948
0.015775  0.8270805742745613
0.0158  0.8443279255020154
0.015825  0.860742027003943
0.01585  0.8763066800438637
0.015875  0.8910065241883687
0.0159  0.9048270524660195
0.015925  0.9177546256839818
0.01595  0.9297764858882526
0.015975  0.9408807689542259
0.016  0.9510565162951533
0.016025  0.9602936856769433
0.01605  0.9685831611286309
0.016075  0.9759167619387475
0.0161  0.9822872507286884
0.016125  0.9876883405951378
0.01615  0.9921147013144775
0.016175  0.99556196460308
0.0162  0.9980267284282717
0.016225  0.9995065603657315
0.01625  1.0
0.016275  0.9995065603657315
0.0163  0.9980267284282716
0.016325  0.9955619646030798
0.01635  0.9921147013144778
0.016375  0.9876883405951374
0.0164  0.9822872507286887
0.016425  0.9759167619387479
0.01645  0.9685831611286312
0.016475  0.9602936856769437
0.0165  0.9510565162951539
0.016525  0.9408807689542252
0.01655  0.9297764858882518
0.016575  0.9177546256839809
0.0166  0.9048270524660187
0.016625  0.8910065241883678
0.01665  0.8763066800438628
0.016675  0.8607420270039438
0.0167  0.8443279255020144
0.016725  0.8270805742745602
0.01675  0.8090169943749469
0.016775  0.790155012375691
0.0168  0.7705132427757888
0.016825  0.7501110696304605
0.01685  0.7289686274214113
0.016875  0.7071067811865488
0.0169  0.6845471059286887
0.016925  0.6613118653236508
0.01695  0.6374239897486901
0.016975  0.6129070536529756
0.017  0.5877852522924738
0.017025  0.56208337785213
0.01705  0.5358267949789947
0.017075  0.509041415750371
0.0171  0.48175367410171355
0.017125  0.45399049973954675
0.01715  0.42577929156507116
0.017175  0.3971478906347809
0.0172  0.36812455268468003
0.017225  0.338737920245292
0.01725  0.3090169943749465
0.017275  0.2789911060392302
0.0173  0.2486898871648542
0.017325  0.2181432413965439
0.01735  0.18738131458572443
0.017375  0.1564344650402291
0.0174  0.1253332335643044
0.017425  0.09410831331851287
0.01745  0.06279051952931387
0.017475  0.0314107590781272
0.0175  -2.6954609193973537e-15
0.017525  -0.03141075907812903
0.01755  -0.06279051952931217
0.017575  -0.0941083133185147
0.0176  -0.12533323356430268
0.017625  -0.1564344650402309
0.01765  -0.18738131458572274
0.017675  -0.21814324139654223
0.0177  -0.24868988716485604
0.017725  -0.2789911060392286
0.01775  -0.3090169943749483
0.017775  -0.3387379202452904
0.0178  -0.3681245526846785
0.017825  -0.3971478906347826
0.01785  -0.4257792915650728
0.017875  -0.4539904997395484
0.0179  -0.4817536741017151
0.017925  -0.5090414157503725
0.01795  -0.5358267949789961
0.017975  -0.5620833778521285
0.018  -0.5877852522924724
0.018025  -0.612907053652977
0.01805  -0.6374239897486887
0.018075  -0.6613118653236522
0.0181  -0.6845471059286875
0.018125  -0.7071067811865476
0.01815  -0.7289686274214127
0.018175  -0.7501110696304594
0.0182  -0.77051324277579
0.018225  -0.7901550123756921
0.01825  -0.809016994374948
0.018275  -0.8270805742745633
0.0183  -0.8443279255020154
0.018325  -0.860742027003943
0.01835  -0.8763066800438637
0.018375  -0.891006524188367
0.0184  -0.9048270524660195
0.018425  -0.9177546256839803
0.01845  -0.9297764858882512
0.018475  -0.9408807689542258
0.0185  -0.9510565162951533
0.018525  -0.9602936856769433
0.01855  -0.9685831611286316
0.018575  -0.9759167619387474
0.0186  -0.982287250728689
0.018625  -0.9876883405951378
0.01865  -0.992114701314478
0.018675  -0.99556196460308
0.0187  -0.9980267284282717
0.018725  -0.9995065603657315
0.01875  -1.0
0.018775  -0.9995065603657316
0.0188  -0.9980267284282716
0.018825  -0.9955619646030801
0.01885  -0.9921147013144778
0.018875  -0.9876883405951374
0.0189  -0.9822872507286887
0.018925  -0.9759167619387471
0.01895  -0.9685831611286313
0.018975  -0.9602936856769428
0.019  -0.9510565162951528
0.019025  -0.9408807689542252
0.01905  -0.9297764858882506
0.019075  -0.917754625683981
0.0191  -0.9048270524660202
0.019125  -0.8910065241883679
0.01915  -0.8763066800438646
0.019175  -0.8607420270039439
0.0192  -0.8443279255020163
0.019225  -0.8270805742745623
0.01925  -0.8090169943749469
0.019275  -0.7901550123756911
0.0193  -0.7705132427757889
0.019325  -0.7501110696304581
0.01935  -0.7289686274214113
0.019375  -0.7071067811865464
0.0194  -0.6845471059286888
0.019425  -0.6613118653236508
0.01945  -0.6374239897486902
0.019475  -0.6129070536529757
0.0195  -0.5877852522924739
0.019525  -0.562083377852133
0.01955  -0.5358267949789978
0.019575  -0.5090414157503711
0.0196  -0.48175367410171677
0.019625  -0.45399049973954686
0.01965  -0.42577929156507127
0.019675  -0.397147890634781
0.0197  -0.3681245526846769
0.019725  -0.33873792024529215
0.01975  -0.3090169943749467
0.019775  -0.27899110603922694
0.0198  -0.24868988716485438
0.019825  -0.21814324139654054
0.01985  -0.18738131458572455
0.019875  -0.1564344650402327
0.0199  -0.1253332335643045
0.019925  -0.09410831331851653
0.01995  -0.062790519529314
0.019975  -0.03141075907812732
0.02  -9.797174393178826e-16
0.020025  0.03141075907812891
0.02005  0.06279051952931204
0.020075  0.09410831331851457
0.0201  0.1253332335643061
0.020125  0.15643446504023079
0.02015  0.1873813145857261
0.020175  0.21814324139654212
0.0202  0.24868988716485588
0.020225  0.27899110603922844
0.02025  0.3090169943749482
0.020275  0.33873792024529026
0.0203  0.36812455268467836
0.020325  0.3971478906347792
0.02035  0.4257792915650727
0.020375  0.4539904997395451
0.0204  0.481753674101715
0.020425  0.5090414157503724
0.02045  0.5358267949789961
0.020475  0.5620833778521314
0.0205  0.5877852522924722
0.020525  0.6129070536529769
0.02055  0.6374239897486914
0.020575  0.661311865323652
0.0206  0.68454710592869
0.020625  0.7071067811865475
0.02065  0.7289686274214101
0.020675  0.7501110696304593
0.0207  0.7705132427757877
0.020725  0.7901550123756899
0.02075  0.8090169943749479
0.020775  0.8270805742745612
0.0208  0.8443279255020153
0.020825  0.8607420270039429
0.02085  0.8763066800438637
0.020875  0.891006524188367
0.0209  0.9048270524660194
0.020925  0.9177546256839817
0.02095  0.9297764858882525
0.020975  0.9408807689542258
0.021  0.9510565162951532
0.021025  0.9602936856769432
0.02105  0.9685831611286307
0.021075  0.9759167619387474
0.0211  0.982287250728689
0.021125  0.9876883405951371
0.02115  0.9921147013144775
0.021175  0.99556196460308
0.0212  0.9980267284282717
0.021225  0.9995065603657316
0.02125  1.0
0.021275  0.9995065603657316
0.0213  0.9980267284282716
0.021325  0.9955619646030798
0.02135  0.9921147013144774
0.021375  0.9876883405951374
0.0214  0.9822872507286887
0.021425  0.9759167619387479
0.02145  0.9685831611286313
0.021475  0.9602936856769428
0.0215  0.9510565162951528
0.021525  0.9408807689542265
0.02155  0.9297764858882519
0.021575  0.917754625683981
0.0216  0.9048270524660188
0.021625  0.8910065241883663
0.02165  0.8763066800438646
0.021675  0.8607420270039439
0.0217  0.8443279255020145
0.021725  0.8270805742745603
0.02175  0.809016994374947
0.021775  0.7901550123756911
0.0218  0.770513242775789
0.021825  0.7501110696304606
0.02185  0.7289686274214116
0.021875  0.7071067811865464
0.0219  0.6845471059286915
0.021925  0.6613118653236536
0.02195  0.6374239897486903
0.021975  0.6129070536529758
0.022  0.5877852522924711
0.022025  0.5620833778521273
0.02205  0.5358267949789979
0.022075  0.5090414157503712
0.0221  0.48175367410171377
0.022125  0.4539904997395438
0.02215  0.4257792915650714
0.022175  0.3971478906347811
0.0222  0.3681245526846803
0.022225  0.33873792024529226
0.02225  0.3090169943749468
0.022275  0.27899110603922705
0.0223  0.24868988716485793
0.022325  0.21814324139654415
0.02235  0.18738131458572466
0.022375  0.15643446504022931
0.0224  0.12533323356430112
0.022425  0.09410831331851664
0.02245  0.06279051952931411
0.022475  0.031410759078127445
0.0225  -2.450531559567883e-15
0.022525  -0.031410759078128785
0.02255  -0.06279051952931193
0.022575  -0.09410831331851446
0.0226  -0.12533323356430243
0.022625  -0.15643446504023065
0.02265  -0.187381314585726
0.022675  -0.21814324139654545
0.0227  -0.24868988716485232
0.022725  -0.27899110603922833
0.02275  -0.30901699437494806
0.022775  -0.3387379202452935
0.0228  -0.3681245526846815
0.022825  -0.39714789063477907
0.02285  -0.4257792915650726
0.022875  -0.45399049973954814
0.0229  -0.48175367410171804
0.022925  -0.5090414157503723
0.02295  -0.535826794978996
0.022975  -0.5620833778521284
0.023  -0.5877852522924722
0.023025  -0.6129070536529768
0.02305  -0.6374239897486913
0.023075  -0.6613118653236493
0.0231  -0.6845471059286873
0.023125  -0.7071067811865474
0.02315  -0.7289686274214124
0.023175  -0.7501110696304615
0.0232  -0.7705132427757877
0.023225  -0.7901550123756897
0.02325  -0.8090169943749479
0.023275  -0.827080574274563
0.0233  -0.8443279255020153
0.023325  -0.8607420270039446
0.02335  -0.8763066800438636
0.023375  -0.8910065241883669
0.0234  -0.9048270524660194
0.023425  -0.9177546256839816
0.02345  -0.9297764858882525
0.023475  -0.9408807689542246
0.0235  -0.9510565162951532
0.023525  -0.9602936856769432
0.02355  -0.9685831611286316
0.023575  -0.9759167619387482
0.0236  -0.9822872507286883
0.023625  -0.9876883405951377
0.02365  -0.992114701314478
0.023675  -0.9955619646030803
0.0237  -0.9980267284282717
0.023725  -0.9995065603657315
0.02375  -1.0
0.023775  -0.9995065603657316
0.0238  -0.9980267284282716
0.023825  -0.9955619646030799
0.02385  -0.9921147013144783
0.023875  -0.9876883405951381
0.0239  -0.9822872507286887
0.023925  -0.9759167619387471
0.02395  -0.9685831611286304
0.023975  -0.9602936856769418
0.024  -0.951056516295154
0.024025  -0.9408807689542253
0.02405  -0.9297764858882507
0.024075  -0.9177546256839811
0.0241  -0.9048270524660188
0.024125  -0.891006524188368
0.02415  -0.8763066800438646
0.024175  -0.8607420270039439
0.0242  -0.8443279255020145
0.024225  -0.8270805742745604
0.02425  -0.8090169943749491
0.024275  -0.7901550123756912
0.0243  -0.770513242775789
0.024325  -0.7501110696304583
0.02435  -0.7289686274214091
0.024375  -0.707106781186549
0.0244  -0.6845471059286891
0.024425  -0.661311865323651
0.02445  -0.6374239897486876
0.024475  -0.6129070536529759
0.0245  -0.5877852522924741
0.024525  -0.5620833778521332
0.02455  -0.5358267949789979
0.024575  -0.5090414157503713
0.0246  -0.4817536741017138
0.024625  -0.4539904997395439
0.02465  -0.4257792915650747
0.024675  -0.39714789063478123
0.0247  -0.3681245526846771
0.024725  -0.338737920245289
0.02475  -0.3090169943749435
0.024775  -0.2789911060392306
0.0248  -0.24868988716485457
0.024825  -0.2181432413965408
0.02485  -0.18738131458572477
0.024875  -0.15643446504022943
0.0249  -0.12533323356430476
0.024925  -0.09410831331851677
0.02495  -0.06279051952931423
0.024975  -0.03141075907812756
