0  0
2.5e-05  0.0
5e-05  0.0
7.5e-05  0.0
0.0001  0.0
0.000125  0.0
0.00015  0.0
0.000175  0.0
0.0002  0.0
0.000225  0.0
0.00025  0.0
0.000275  0.0
0.0003  0.0
0.000325  0.0
0.00035  0.0
0.000375  0.0
0.0004  0.0
0.000425  0.0
0.00045  0.0
0.000475  0.0
0.0005  0.0
0.000525  0.0
0.00055  0.0
0.000575  0.0
0.0006  0.0
0.000625  0.0
0.00065  0.0
0.000675  0.0
0.0007  0.0
0.000725  0.0
0.00075  0.0
0.000775  0.0
0.0008  0.0
0.000825  0.0
0.00085  0.0
0.000875  0.0
0.0009  0.0
0.000925  0.0
0.00095  0.0
0.000975  0.0
0.001  0.0
0.001025  0.0
0.00105  0.0
0.001075  0.0
0.0011  0.0
0.001125  0.0
0.00115  0.0
0.001175  0.0
0.0012  0.0
0.001225  0.0
0.00125  0.0
0.001275  0.0
0.0013  0.0
0.001325  0.0
0.00135  0.0
0.001375  0.0
0.0014  0.0
0.001425  0.0
0.00145  0.0
0.001475  0.0
0.0015  0.0
0.001525  0.0
0.00155  0.0
0.001575  0.0
0.0016  0.0
0.001625  0.0
0.00165  0.0
0.001675  0.0
0.0017  0.0
0.001725  0.0
0.00175  0.0
0.001775  0.0
0.0018  0.0
0.001825  0.0
0.00185  0.0
0.001875  0.0
0.0019  0.0
0.001925  0.0
0.00195  0.0
0.001975  0.0
0.002  0.0
0.002025  0.0
0.00205  0.0
0.002075  0.0
0.0021  0.0
0.002125  0.0
0.00215  0.0
0.002175  0.0
0.0022  0.0
0.002225  0.0
0.00225  0.0
0.002275  0.0
0.0023  0.0
0.002325  0.0
0.00235  0.0
0.002375  0.0
0.0024  0.0
0.002425  0.0
0.00245  0.0
0.002475  0.0
0.0025  0.0
0.002525  0.0
0.00255  0.0
0.002575  0.0
0.0026  0.0
0.002625  0.0
0.00265  0.0
0.002675  0.0
0.0027  0.0
0.002725  0.0
0.00275  0.0
0.002775  0.0
0.0028  0.0
0.002825  0.0
0.00285  0.0
0.002875  0.0
0.0029  0.0
0.002925  0.0
0.00295  0.0
0.002975  0.0
0.003  0.0
0.003025  0.0
0.00305  0.0
0.003075  0.0
0.0031  0.0
0.003125  0.0
0.00315  0.0
0.003175  0.0
0.0032  0.0
0.003225  0.0
0.00325  0.0
0.003275  0.0
0.0033  0.0
0.003325  0.0
0.00335  0.0
0.003375  0.0
0.0034  0.0
0.003425  0.0
0.00345  0.0
0.003475  0.0
0.0035  0.0
0.003525  0.0
0.00355  0.0
0.003575  0.0
0.0036  0.0
0.003625  0.0
0.00365  0.0
0.003675  0.0
0.0037  0.0
0.003725  0.0
0.00375  0.0
0.003775  0.0
0.0038  0.0
0.003825  0.0
0.00385  0.0
0.003875  0.0
0.0039  0.0
0.003925  0.0
0.00395  0.0
0.003975  0.0
0.004  0.0
0.004025  0.0
0.00405  0.0
0.004075  0.0
0.0041  0.0
0.004125  0.0
0.00415  0.0
0.004175  0.0
0.0042  0.0
0.004225  0.0
0.00425  0.0
0.004275  0.0
0.0043  0.0
0.004325  0.0
0.00435  0.0
0.004375  0.0
0.0044  0.0
0.004425  0.0
0.00445  0.0
0.004475  0.0
0.0045  0.0
0.004525  0.0
0.00455  0.0
0.004575  0.0
0.0046  0.0
0.004625  0.0
0.00465  0.0
0.004675  0.0
0.0047  0.0
0.004725  0.0
0.00475  0.0
0.004775  0.0
0.0048  0.0
0.004825  0.0
0.00485  0.0
0.004875  0.0
0.0049  0.0
0.004925  0.0
0.00495  0.0
0.004975  0.0
0.005  0.0
0.005025  0.0
0.00505  0.0
0.005075  0.0
0.0051  0.0
0.005125  0.0
0.00515  0.0
0.005175  0.0
0.0052  0.0
0.005225  0.0
0.00525  0.0
0.005275  0.0
0.0053  0.0
0.005325  0.0
0.00535  0.0
0.005375  0.0
0.0054  0.0
0.005425  0.0
0.00545  0.0
0.005475  0.0
0.0055  0.0
0.005525  0.0
0.00555  0.0
0.005575  0.0
0.0056  0.0
0.005625  0.0
0.00565  0.0
0.005675  0.0
0.0057  0.0
0.005725  0.0
0.00575  0.0
0.005775  0.0
0.0058  0.0
0.005825  0.0
0.00585  0.0
0.005875  0.0
0.0059  0.0
0.005925  0.0
0.00595  0.0
0.005975  0.0
0.006  0.0
0.006025  0.0
0.00605  0.0
0.006075  0.0
0.0061  0.0
0.006125  0.0
0.00615  0.0
0.006175  0.0
0.0062  0.0
0.006225  0.0
0.00625  0.0
0.006275  0.0
0.0063  0.0
0.006325  0.0
0.00635  0.0
0.006375  0.0
0.0064  0.0
0.006425  0.0
0.00645  0.0
0.006475  0.0
0.0065  0.0
0.006525  0.0
0.00655  0.0
0.006575  0.0
0.0066  0.0
0.006625  0.0
0.00665  0.0
0.006675  0.0
0.0067  0.0
0.006725  0.0
0.00675  0.0
0.006775  0.0
0.0068  0.0
0.006825  0.0
0.00685  0.0
0.006875  0.0
0.0069  0.0
0.006925  0.0
0.00695  0.0
0.006975  0.0
0.007  0.0
0.007025  0.0
0.00705  0.0
0.007075  0.0
0.0071  0.0
0.007125  0.0
0.00715  0.0
0.007175  0.0
0.0072  0.0
0.007225  0.0
0.00725  0.0
0.007275  0.0
0.0073  0.0
0.007325  0.0
0.00735  0.0
0.007375  0.0
0.0074  0.0
0.007425  0.0
0.00745  0.0
0.007475  0.0
0.0075  0.0
0.007525  0.0
0.00755  0.0
0.007575  0.0
0.0076  0.0
0.007625  0.0
0.00765  0.0
0.007675  0.0
0.0077  0.0
0.007725  0.0
0.00775  0.0
0.007775  0.0
0.0078  0.0
0.007825  0.0
0.00785  0.0
0.007875  0.0
0.0079  0.0
0.007925  0.0
0.00795  0.0
0.007975  0.0
0.008  0.0
0.008025  0.0
0.00805  0.0
0.008075  0.0
0.0081  0.0
0.008125  0.0
0.00815  0.0
0.008175  0.0
0.0082  0.0
0.008225  0.0
0.00825  0.0
0.008275  0.0
0.0083  0.0
0.008325  0.0
0.00835  0.0
0.008375  0.0
0.0084  0.0
0.008425  0.0
0.00845  0.0
0.008475  0.0
0.0085  0.0
0.008525  0.0
0.00855  0.0
0.008575  0.0
0.0086  0.0
0.008625  0.0
0.00865  0.0
0.008675  0.0
0.0087  0.0
0.008725  0.0
0.00875  0.0
0.008775  0.0
0.0088  0.0
0.008825  0.0
0.00885  0.0
0.008875  0.0
0.0089  0.0
0.008925  0.0
0.00895  0.0
0.008975  0.0
0.009  0.0
0.009025  0.0
0.00905  0.0
0.009075  0.0
0.0091  0.0
0.009125  0.0
0.00915  0.0
0.009175  0.0
0.0092  0.0
0.009225  0.0
0.00925  0.0
0.009275  0.0
0.0093  0.0
0.009325  0.0
0.00935  0.0
0.009375  0.0
0.0094  0.0
0.009425  0.0
0.00945  0.0
0.009475  0.0
0.0095  0.0
0.009525  0.0
0.00955  0.0
0.009575  0.0
0.0096  0.0
0.009625  0.0
0.00965  0.0
0.009675  0.0
0.0097  0.0
0.009725  0.0
0.00975  0.0
0.009775  0.0
0.0098  0.0
0.009825  0.0
0.00985  0.0
0.009875  0.0
0.0099  0.0
0.009925  0.0
0.00995  0.0
0.009975  0.0
0.01  0.5
0.010025  0.702254248593742
0.01005  0.6783813728906152
0.010075  0.5119364378515774
0.0101  0.3037139703320554
0.010125  0.1518569851660277
0.01015  0.12367424398927031
0.010175  0.23458287340088832
0.0102  0.4445456852941719
0.010225  0.6745270912408134
0.01025  0.8372635456204067
0.010275  0.8708860214039484
0.0103  0.7626972592957169
0.010325  0.5540943810541332
0.01035  0.3247929419333323
0.010375  0.16239647096666615
0.0104  0.12894398688958636
0.010425  0.23721774485104796
0.01045  0.4458631210192466
0.010475  0.675185809103356
0.0105  0.837592904551678
0.010525  0.8710507008695789
0.01055  0.7627795990285372
0.010575  0.5541355509205486
0.0106  0.32481352686654313
0.010625  0.16240676343327157
0.01065  0.12894913312289424
0.010675  0.23722031796771034
0.0107  0.4458644075775862
0.010725  0.6751864523825309
0.01075  0.8375932261912655
0.010775  0.8710508616893675
0.0108  0.7627796794384232
0.010825  0.5541355911254832
0.01085  0.3248135469690052
0.010875  0.1624067734845026
0.0109  0.12894913814851497
0.010925  0.23722032048051556
0.01095  0.4458644088339972
0.010975  0.6751864530107333
0.011  0.8375932265053667
0.011025  0.8710508618464212
0.01105  0.7627796795169551
0.011075  0.5541355911647408
0.0111  0.3248135469886372
0.011125  0.1624067734943186
0.01115  0.1289491381534198
0.011175  0.23722032048296288
0.0112  0.4458644088352156
0.011225  0.6751864530113394
0.01125  0.8375932265056697
0.011275  0.8710508618465759
0.0113  0.7627796795170376
0.011325  0.5541355911647872
0.01135  0.3248135469886636
0.011375  0.1624067734943318
0.0114  0.12894913815342324
0.011425  0.23722032048297295
0.01145  0.4458644088352156
0.011475  0.6751864530113363
0.0115  0.8375932265056681
0.011525  0.8710508618465782
0.01155  0.7627796795170303
0.011575  0.5541355911647886
0.0116  0.32481354698865916
0.011625  0.16240677349432958
0.01165  0.12894913815341894
0.011675  0.2372203204829657
0.0117  0.4458644088352068
0.011725  0.675186453011337
0.01175  0.8375932265056685
0.011775  0.8710508618465733
0.0118  0.7627796795170331
0.011825  0.554135591164795
0.01185  0.3248135469886655
0.011875  0.16240677349433275
0.0119  0.1289491381534257
0.011925  0.23722032048296393
0.01195  0.4458644088352009
0.011975  0.6751864530113308
0.012  0.8375932265056654
0.012025  0.8710508618465749
0.01205  0.762779679517039
0.012075  0.5541355911647896
0.0121  0.3248135469886576
0.012125  0.1624067734943288
0.01215  0.12894913815342893
0.012175  0.23722032048297398
0.0122  0.4458644088352278
0.012225  0.6751864530113496
0.01225  0.8375932265056748
0.012275  0.8710508618465744
0.0123  0.7627796795170303
0.012325  0.554135591164777
0.01235  0.32481354698865444
0.012375  0.16240677349432722
0.0124  0.12894913815342499
0.012425  0.23722032048296682
0.01245  0.44586440883521905
0.012475  0.6751864530113421
0.0125  0.837593226505671
0.012525  0.8710508618465758
0.01255  0.7627796795170361
0.012575  0.554135591164785
0.0126  0.3248135469886616
0.012625  0.1624067734943308
0.01265  0.1289491381534236
0.012675  0.23722032048297448
0.0127  0.4458644088352177
0.012725  0.6751864530113382
0.01275  0.8375932265056691
0.012775  0.871050861846578
0.0128  0.7627796795170289
0.012825  0.5541355911647865
0.01285  0.3248135469886656
0.012875  0.1624067734943328
0.0129  0.1289491381534214
0.012925  0.23722032048296832
0.01295  0.4458644088352095
0.012975  0.6751864530113392
0.013  0.8375932265056696
0.013025  0.8710508618465813
0.01305  0.7627796795170356
0.013075  0.5541355911647949
0.0131  0.3248135469886646
0.013125  0.1624067734943323
0.01315  0.12894913815342635
0.013175  0.23722032048296562
0.0132  0.4458644088352032
0.013225  0.675186453011333
0.01325  0.8375932265056665
0.013275  0.8710508618465747
0.0133  0.7627796795170374
0.013325  0.5541355911647875
0.01335  0.32481354698866405
0.013375  0.16240677349433202
0.0134  0.12894913815342307
0.013425  0.23722032048295888
0.01345  0.44586440883520806
0.013475  0.6751864530113322
0.0135  0.837593226505666
0.013525  0.8710508618465692
0.01355  0.7627796795170263
0.013575  0.5541355911647736
0.0136  0.32481354698865195
0.013625  0.16240677349432597
0.01365  0.1289491381534252
0.013675  0.23722032048296832
0.0137  0.44586440883522127
0.013725  0.675186453011344
0.01375  0.837593226505672
0.013775  0.8710508618465753
0.0138  0.7627796795170345
0.013825  0.5541355911647827
0.01385  0.3248135469886596
0.013875  0.1624067734943298
0.0139  0.12894913815342396
0.013925  0.2372203204829626
0.01395  0.44586440883521317
0.013975  0.6751864530113367
0.014  0.8375932265056684
0.014025  0.8710508618465767
0.01405  0.7627796795170267
0.014075  0.5541355911647841
0.0141  0.3248135469886635
0.014125  0.16240677349433175
0.01415  0.12894913815342174
0.014175  0.2372203204829699
0.0142  0.4458644088352118
0.014225  0.6751864530113413
0.01425  0.8375932265056707
0.014275  0.8710508618465811
0.0143  0.7627796795170341
0.014325  0.5541355911647927
0.01435  0.3248135469886626
0.014375  0.1624067734943313
0.0144  0.12894913815341838
0.014425  0.2372203204829631
0.01445  0.4458644088352032
0.014475  0.6751864530113337
0.0145  0.8375932265056669
0.014525  0.871050861846574
0.01455  0.7627796795170357
0.014575  0.5541355911647987
0.0146  0.32481354698866877
0.014625  0.16240677349433438
0.01465  0.1289491381534251
0.014675  0.23722032048296127
0.0147  0.44586440883521067
0.014725  0.6751864530113343
0.01475  0.8375932265056671
0.014775  0.8710508618465773
0.0148  0.7627796795170424
0.014825  0.5541355911647937
0.01485  0.3248135469886695
0.014875  0.16240677349433474
0.0149  0.12894913815342213
0.014925  0.23722032048295463
0.01495  0.4458644088352158
0.014975  0.6751864530113421
0.015  0.33759322650567103
0.015025  0.16879661325283551
0.01505  0.08439830662641776
0.015075  0.04219915331320888
0.0151  0.02109957665660444
0.015125  0.01054978832830222
0.01515  0.00527489416415111
0.015175  0.002637447082075555
0.0152  0.0013187235410377775
0.015225  0.0006593617705188887
0.01525  0.00032968088525944436
0.015275  0.00016484044262972218
0.0153  8.242022131486109e-05
0.015325  4.1210110657430546e-05
0.01535  2.0605055328715273e-05
0.015375  1.0302527664357636e-05
0.0154  5.151263832178818e-06
0.015425  2.575631916089409e-06
0.01545  1.2878159580447045e-06
0.015475  6.439079790223523e-07
0.0155  3.2195398951117614e-07
0.015525  1.6097699475558807e-07
0.01555  8.048849737779403e-08
0.015575  4.024424868889702e-08
0.0156  2.012212434444851e-08
0.015625  1.0061062172224254e-08
0.01565  5.030531086112127e-09
0.015675  2.5152655430560636e-09
0.0157  1.2576327715280318e-09
0.015725  6.288163857640159e-10
0.01575  3.1440819288200795e-10
0.015775  1.5720409644100397e-10
0.0158  7.860204822050199e-11
0.015825  3.9301024110250993e-11
0.01585  1.9650512055125497e-11
0.015875  9.825256027562748e-12
0.0159  4.912628013781374e-12
0.015925  2.456314006890687e-12
0.01595  1.2281570034453435e-12
0.015975  6.140785017226718e-13
0.016  3.070392508613359e-13
0.016025  1.5351962543066794e-13
0.01605  7.675981271533397e-14
0.016075  3.8379906357666986e-14
0.0161  1.9189953178833493e-14
0.016125  9.594976589416746e-15
0.01615  4.797488294708373e-15
0.016175  2.3987441473541866e-15
0.0162  1.1993720736770933e-15
0.016225  5.9968603683854665e-16
0.01625  2.9984301841927333e-16
0.016275  1.4992150920963666e-16
0.0163  7.496075460481833e-17
0.016325  3.7480377302409166e-17
0.01635  1.8740188651204583e-17
0.016375  9.370094325602291e-18
0.0164  4.685047162801146e-18
0.016425  2.342523581400573e-18
0.01645  1.1712617907002864e-18
0.016475  5.856308953501432e-19
0.0165  2.928154476750716e-19
0.016525  1.464077238375358e-19
0.01655  7.32038619187679e-20
0.016575  3.660193095938395e-20
0.0166  1.8300965479691975e-20
0.016625  9.150482739845988e-21
0.01665  4.575241369922994e-21
0.016675  2.287620684961497e-21
0.0167  1.1438103424807485e-21
0.016725  5.719051712403742e-22
0.01675  2.859525856201871e-22
0.016775  1.4297629281009356e-22
0.0168  7.148814640504678e-23
0.016825  3.574407320252339e-23
0.01685  1.7872036601261695e-23
0.016875  8.936018300630847e-24
0.0169  4.468009150315424e-24
0.016925  2.234004575157712e-24
0.01695  1.117002287578856e-24
0.016975  5.58501143789428e-25
0.017  2.79250571894714e-25
0.017025  1.39625285947357e-25
0.01705  6.98126429736785e-26
0.017075  3.490632148683925e-26
0.0171  1.7453160743419624e-26
0.017125  8.726580371709812e-27
0.01715  4.363290185854906e-27
0.017175  2.181645092927453e-27
0.0172  1.0908225464637265e-27
0.017225  5.454112732318632e-28
0.01725  2.727056366159316e-28
0.017275  1.363528183079658e-28
0.0173  6.81764091539829e-29
0.017325  3.408820457699145e-29
0.01735  1.7044102288495726e-29
0.017375  8.522051144247863e-30
0.0174  4.2610255721239316e-30
0.017425  2.1305127860619658e-30
0.01745  1.0652563930309829e-30
0.017475  5.3262819651549145e-31
0.0175  2.6631409825774572e-31
0.017525  1.3315704912887286e-31
0.01755  6.657852456443643e-32
0.017575  3.3289262282218216e-32
0.0176  1.6644631141109108e-32
0.017625  8.322315570554554e-33
0.01765  4.161157785277277e-33
0.017675  2.0805788926386385e-33
0.0177  1.0402894463193192e-33
0.017725  5.201447231596596e-34
0.01775  2.600723615798298e-34
0.017775  1.300361807899149e-34
0.0178  6.501809039495745e-35
0.017825  3.2509045197478726e-35
0.01785  1.6254522598739363e-35
0.017875  8.127261299369682e-36
0.0179  4.063630649684841e-36
0.017925  2.0318153248424204e-36
0.01795  1.0159076624212102e-36
0.017975  5.079538312106051e-37
0.018  2.5397691560530255e-37
0.018025  1.2698845780265127e-37
0.01805  6.349422890132564e-38
0.018075  3.174711445066282e-38
0.0181  1.587355722533141e-38
0.018125  7.936778612665705e-39
0.01815  3.968389306332852e-39
0.018175  1.984194653166426e-39
0.0182  9.92097326583213e-40
0.018225  4.960486632916065e-40
0.01825  2.4802433164580327e-40
0.018275  1.2401216582290163e-40
0.0183  6.200608291145082e-41
0.018325  3.100304145572541e-41
0.01835  1.5501520727862704e-41
0.018375  7.750760363931352e-42
0.0184  3.875380181965676e-42
0.018425  1.937690090982838e-42
0.01845  9.68845045491419e-43
0.018475  4.844225227457095e-43
0.0185  2.4221126137285475e-43
0.018525  1.2110563068642738e-43
0.01855  6.055281534321369e-44
0.018575  3.0276407671606844e-44
0.0186  1.5138203835803422e-44
0.018625  7.569101917901711e-45
0.01865  3.7845509589508555e-45
0.018675  1.8922754794754278e-45
0.0187  9.461377397377139e-46
0.018725  4.7306886986885694e-46
0.01875  2.3653443493442847e-46
0.018775  1.1826721746721424e-46
0.0188  5.913360873360712e-47
0.018825  2.956680436680356e-47
0.01885  1.478340218340178e-47
0.018875  7.39170109170089e-48
0.0189  3.695850545850445e-48
0.018925  1.8479252729252224e-48
0.01895  9.239626364626112e-49
0.018975  4.619813182313056e-49
0.019  2.309906591156528e-49
0.019025  1.154953295578264e-49
0.01905  5.77476647789132e-50
0.019075  2.88738323894566e-50
0.0191  1.44369161947283e-50
0.019125  7.21845809736415e-51
0.01915  3.609229048682075e-51
0.019175  1.8046145243410375e-51
0.0192  9.023072621705188e-52
0.019225  4.511536310852594e-52
0.01925  2.255768155426297e-52
0.019275  1.1278840777131485e-52
0.0193  5.639420388565742e-53
0.019325  2.819710194282871e-53
0.01935  1.4098550971414356e-53
0.019375  7.049275485707178e-54
0.0194  3.524637742853589e-54
0.019425  1.7623188714267945e-54
0.01945  8.811594357133972e-55
0.019475  4.405797178566986e-55
0.0195  2.202898589283493e-55
0.019525  1.1014492946417465e-55
0.01955  5.507246473208733e-56
0.019575  2.7536232366043664e-56
0.0196  1.3768116183021832e-56
0.019625  6.884058091510916e-57
0.01965  3.442029045755458e-57
0.019675  1.721014522877729e-57
0.0197  8.605072614388645e-58
0.019725  4.3025363071943224e-58
0.01975  2.1512681535971612e-58
0.019775  1.0756340767985806e-58
0.0198  5.378170383992903e-59
0.019825  2.6890851919964515e-59
0.01985  1.3445425959982258e-59
0.019875  6.722712979991129e-60
0.0199  3.3613564899955644e-60
0.019925  1.6806782449977822e-60
0.01995  8.403391224988911e-61
0.019975  4.2016956124944555e-61
0.02  0.5
0.020025  0.7022542485937433
0.02005  0.678381372890625
0.020075  0.5119364378515845
0.0201  0.3037139703320646
0.020125  0.1518569851660323
0.02015  0.12367424398927117
0.020175  0.2345828734008797
0.0202  0.4445456852941652
0.020225  0.6745270912408088
0.02025  0.8372635456204044
0.020275  0.8708860214039487
0.0203  0.7626972592957328
0.020325  0.5540943810541437
0.02035  0.3247929419333473
0.020375  0.16239647096667365
0.0204  0.12894398688958866
0.020425  0.23721774485103325
0.02045  0.44586312101922343
0.020475  0.675185809103343
0.0205  0.8375929045516715
0.020525  0.8710507008695854
0.02055  0.7627795990285562
0.020575  0.5541355509205469
0.0206  0.32481352686654374
0.020625  0.16240676343327187
0.02065  0.12894913312288464
0.020675  0.23722031796767618
0.0207  0.4458644075775667
0.020725  0.6751864523825115
0.02075  0.8375932261912558
0.020775  0.8710508616893807
0.0208  0.7627796794384591
0.020825  0.5541355911255035
0.02085  0.3248135469690252
0.020875  0.1624067734845126
0.0209  0.1289491381485018
0.020925  0.23722032048050662
0.02095  0.4458644088339768
0.020975  0.6751864530107134
0.021  0.8375932265053567
0.021025  0.8710508618464343
0.02105  0.762779679516964
0.021075  0.554135591164761
0.0211  0.3248135469886571
0.021125  0.16240677349432855
0.02115  0.12894913815340664
0.021175  0.23722032048295394
0.0212  0.44586440883519535
0.021225  0.6751864530113195
0.02125  0.8375932265056598
0.021275  0.8710508618465891
0.0213  0.7627796795170465
0.021325  0.5541355911648074
0.02135  0.32481354698866677
0.021375  0.16240677349433338
0.0214  0.12894913815342257
0.021425  0.23722032048298383
0.02145  0.4458644088352322
0.021475  0.6751864530113515
0.0215  0.8375932265056758
0.021525  0.8710508618465835
0.02155  0.7627796795170219
0.021575  0.5541355911647732
0.0216  0.32481354698865283
0.021625  0.16240677349432642
0.02165  0.12894913815341594
0.021675  0.23722032048297537
0.0217  0.4458644088352229
0.021725  0.6751864530113436
0.02175  0.8375932265056718
0.021775  0.871050861846568
0.0218  0.7627796795170192
0.021825  0.554135591164777
0.02185  0.3248135469886579
0.021875  0.16240677349432894
0.0219  0.12894913815343073
0.021925  0.2372203204829776
0.02195  0.44586440883521883
0.021975  0.6751864530113384
0.022  0.8375932265056691
0.022025  0.87105086184657
0.02205  0.7627796795170253
0.022075  0.5541355911647852
0.0221  0.32481354698866516
0.022125  0.16240677349433258
0.02215  0.12894913815342937
0.022175  0.2372203204829718
0.0222  0.44586440883521083
0.022225  0.6751864530113312
0.02225  0.8375932265056656
0.022275  0.8710508618465713
0.0223  0.7627796795170311
0.022325  0.5541355911647932
0.02235  0.3248135469886723
0.022375  0.16240677349433616
0.0224  0.128949138153428
0.022425  0.23722032048296599
0.02245  0.44586440883520284
0.022475  0.6751864530113241
0.0225  0.837593226505662
0.022525  0.8710508618465727
0.02255  0.7627796795170368
0.022575  0.5541355911648012
0.0226  0.32481354698867954
0.022625  0.16240677349433977
0.02265  0.12894913815342662
0.022675  0.2372203204829602
0.0227  0.44586440883519485
0.022725  0.6751864530113336
0.02275  0.8375932265056668
0.022775  0.8710508618465782
0.0228  0.7627796795170447
0.022825  0.5541355911648103
0.02285  0.3248135469886705
0.022875  0.16240677349433524
0.0229  0.1289491381534212
0.022925  0.23722032048295233
0.02295  0.44586440883518574
0.022975  0.6751864530113258
0.023  0.8375932265056629
0.023025  0.8710508618465795
0.02305  0.7627796795170505
0.023075  0.5541355911648183
0.0231  0.3248135469886777
0.023125  0.16240677349433885
0.02315  0.12894913815341982
0.023175  0.23722032048294656
0.0232  0.44586440883520473
0.023225  0.6751864530113323
0.02325  0.8375932265056661
0.023275  0.8710508618465842
0.0233  0.762779679517058
0.023325  0.5541355911648002
0.02335  0.3248135469886718
0.023375  0.1624067734943359
0.0234  0.12894913815341522
0.023425  0.23722032048293912
0.02345  0.44586440883519585
0.023475  0.6751864530113246
0.0235  0.8375932265056623
0.023525  0.8710508618465855
0.02355  0.7627796795170368
0.023575  0.5541355911647946
0.0236  0.3248135469886722
0.023625  0.1624067734943361
0.02365  0.12894913815341214
0.023675  0.2372203204829595
0.0237  0.4458644088352009
0.023725  0.675186453011324
0.02375  0.837593226505662
0.023775  0.8710508618465885
0.0238  0.7627796795170434
0.023825  0.554135591164803
0.02385  0.3248135469886796
0.023875  0.1624067734943398
0.0239  0.1289491381534108
0.023925  0.23722032048295366
0.02395  0.44586440883519285
0.023975  0.6751864530113167
0.024  0.8375932265056584
0.024025  0.8710508618465732
0.02405  0.762779679517041
0.024075  0.5541355911648069
0.0241  0.3248135469886847
0.024125  0.16240677349434235
0.02415  0.12894913815342562
0.024175  0.237220320482956
0.0242  0.44586440883521594
0.024225  0.6751864530113418
0.02425  0.8375932265056709
0.024275  0.8710508618465826
0.0243  0.7627796795170236
0.024325  0.5541355911647764
0.02435  0.3248135469886559
0.024375  0.16240677349432794
0.0244  0.12894913815343195
0.024425  0.23722032048298103
0.02445  0.44586440883522344
0.024475  0.6751864530113424
0.0245  0.8375932265056711
0.024525  0.8710508618465691
0.02455  0.7627796795170221
0.024575  0.5541355911647807
0.0246  0.3248135469886612
0.024625  0.1624067734943306
0.02465  0.12894913815343012
0.024675  0.23722032048297495
0.0247  0.44586440883521516
0.024725  0.6751864530113352
0.02475  0.8375932265056676
0.024775  0.8710508618465704
0.0248  0.7627796795170279
0.024825  0.5541355911647887
0.02485  0.3248135469886684
0.024875  0.1624067734943342
0.0249  0.12894913815342873
0.024925  0.23722032048296915
0.02495  0.44586440883520717
0.024975  0.675186453011328
0.025  0.837593226505664
0.025025  0.871050861846572
0.02505  0.7627796795170337
0.025075  0.5541355911647968
0.0251  0.3248135469886756
0.025125  0.1624067734943378
0.02515  0.12894913815342737
0.025175  0.23722032048296332
0.0252  0.4458644088351992
0.025225  0.6751864530113207
0.02525  0.8375932265056604
0.025275  0.8710508618465733
0.0253  0.7627796795170395
0.025325  0.5541355911648048
0.02535  0.32481354698866605
0.025375  0.16240677349433302
0.0254  0.12894913815342182
0.025425  0.23722032048295544
0.02545  0.44586440883518996
0.025475  0.6751864530113296
0.0255  0.8375932265056648
0.025525  0.8710508618465787
0.02555  0.7627796795170474
0.025575  0.5541355911648139
0.0256  0.32481354698867376
0.025625  0.16240677349433688
0.02565  0.12894913815342057
0.025675  0.2372203204829497
0.0257  0.4458644088351821
0.025725  0.6751864530113227
0.02575  0.8375932265056614
0.025775  0.8710508618465801
0.0258  0.7627796795170532
0.025825  0.5541355911647949
0.02585  0.3248135469886675
0.025875  0.16240677349433374
0.0259  0.12894913815341585
0.025925  0.23722032048294223
0.02595  0.4458644088352003
0.025975  0.6751864530113286
0.026  0.8375932265056643
0.026025  0.8710508618465846
0.02605  0.7627796795170607
0.026075  0.5541355911648038
0.0261  0.32481354698867504
0.026125  0.16240677349433752
0.02615  0.12894913815341455
0.026175  0.2372203204829365
0.0262  0.4458644088351922
0.026225  0.6751864530113213
0.02625  0.8375932265056607
0.026275  0.8710508618465862
0.0263  0.7627796795170395
0.026325  0.5541355911647983
0.02635  0.3248135469886755
0.026375  0.16240677349433774
0.0264  0.12894913815341152
0.026425  0.23722032048295683
0.02645  0.44586440883519735
0.026475  0.6751864530113207
0.0265  0.8375932265056604
0.026525  0.8710508618465892
0.02655  0.7627796795170461
0.026575  0.5541355911648067
0.0266  0.3248135469886828
0.026625  0.1624067734943414
0.02665  0.12894913815342687
0.026675  0.23722032048295943
0.0267  0.4458644088351934
0.026725  0.6751864530113156
0.02675  0.8375932265056578
0.026775  0.8710508618465742
0.0268  0.7627796795170437
0.026825  0.5541355911648107
0.02685  0.32481354698868803
0.026875  0.16240677349434401
0.0269  0.128949138153425
0.026925  0.23722032048295333
0.02695  0.4458644088351853
0.026975  0.6751864530113085
0.027  0.8375932265056543
0.027025  0.8710508618465757
0.02705  0.7627796795170225
0.027075  0.5541355911647782
0.0271  0.32481354698865816
0.027125  0.16240677349432908
0.02715  0.1289491381534311
0.027175  0.23722032048297825
0.0272  0.4458644088352196
0.027225  0.6751864530113392
0.02725  0.8375932265056696
0.027275  0.8710508618465698
0.0273  0.7627796795170247
0.027325  0.5541355911647844
0.02735  0.3248135469886645
0.027375  0.16240677349433225
0.0274  0.1289491381534295
0.027425  0.23722032048297237
0.02745  0.44586440883521156
0.027475  0.675186453011332
0.0275  0.837593226505666
0.027525  0.8710508618465712
0.02755  0.7627796795170305
0.027575  0.5541355911647925
0.0276  0.3248135469886717
0.027625  0.16240677349433585
0.02765  0.12894913815342812
0.027675  0.2372203204829665
0.0277  0.4458644088352036
0.027725  0.6751864530113247
0.02775  0.8375932265056624
0.027775  0.8710508618465725
0.0278  0.7627796795170363
0.027825  0.5541355911648004
0.02785  0.3248135469886788
0.027875  0.1624067734943394
0.0279  0.12894913815342673
0.027925  0.2372203204829607
0.02795  0.4458644088351955
0.027975  0.6751864530113343
0.028  0.8375932265056671
0.028025  0.8710508618465781
0.02805  0.7627796795170443
0.028075  0.5541355911648096
0.0281  0.32481354698866993
0.028125  0.16240677349433497
0.02815  0.12894913815342135
0.028175  0.23722032048295288
0.0282  0.4458644088351864
0.028225  0.6751864530113265
0.02825  0.8375932265056633
0.028275  0.8710508618465793
0.0283  0.7627796795170501
0.028325  0.5541355911648176
0.02835  0.32481354698867704
0.028375  0.16240677349433852
0.0284  0.12894913815341996
0.028425  0.23722032048294708
0.02845  0.4458644088352054
0.028475  0.6751864530113328
0.0285  0.8375932265056665
0.028525  0.8710508618465841
0.02855  0.7627796795170575
0.028575  0.5541355911647994
0.0286  0.32481354698867115
0.028625  0.16240677349433558
0.02865  0.1289491381534153
0.028675  0.23722032048293962
0.0287  0.4458644088351966
0.028725  0.6751864530113253
0.02875  0.8375932265056627
0.028775  0.8710508618465853
0.0288  0.7627796795170634
0.028825  0.5541355911648074
0.02885  0.32481354698867826
0.028875  0.16240677349433913
0.0289  0.12894913815341394
0.028925  0.23722032048296088
0.02895  0.44586440883520206
0.028975  0.6751864530113248
0.029  0.8375932265056625
0.029025  0.8710508618465884
0.02905  0.762779679517043
0.029075  0.5541355911648024
0.0291  0.3248135469886789
0.029125  0.16240677349433946
0.02915  0.1289491381534109
0.029175  0.2372203204829542
0.0292  0.4458644088351937
0.029225  0.6751864530113175
0.02925  0.8375932265056587
0.029275  0.8710508618465731
0.0293  0.7627796795170403
0.029325  0.5541355911648063
0.02935  0.32481354698868403
0.029375  0.16240677349434202
0.0294  0.12894913815342576
0.029425  0.23722032048295644
0.02945  0.44586440883518963
0.029475  0.6751864530113123
0.0295  0.8375932265056562
0.029525  0.8710508618465749
0.02955  0.7627796795170464
0.029575  0.5541355911648144
0.0296  0.3248135469886913
0.029625  0.16240677349434565
0.02965  0.1289491381534244
0.029675  0.2372203204829507
0.0297  0.4458644088351817
0.029725  0.6751864530113052
0.02975  0.8375932265056526
0.029775  0.8710508618465763
0.0298  0.7627796795170522
0.029825  0.5541355911648224
0.02985  0.32481354698869846
0.029875  0.16240677349434923
0.0299  0.12894913815343972
0.029925  0.23722032048298028
0.02995  0.4458644088352184
0.029975  0.675186453011337
