0  0
2.5e-05  0.0
5e-05  0.0
7.5e-05  0.0
0.0001  0.0
0.000125  0.0
0.00015  0.0
0.000175  0.0
0.0002  0.0
0.000225  0.0
0.00025  0.0
0.000275  0.0
0.0003  0.0
0.000325  0.0
0.00035  0.0
0.000375  0.0
0.0004  0.0
0.000425  0.0
0.00045  0.0
0.000475  0.0
0.0005  0.0
0.000525  0.0
0.00055  0.0
0.000575  0.0
0.0006  0.0
0.000625  0.0
0.00065  0.0
0.000675  0.0
0.0007  0.0
0.000725  0.0
0.00075  0.0
0.000775  0.0
0.0008  0.0
0.000825  0.0
0.00085  0.0
0.000875  0.0
0.0009  0.0
0.000925  0.0
0.00095  0.0
0.000975  0.0
0.001  0.0
0.001025  0.0
0.00105  0.0
0.001075  0.0
0.0011  0.0
0.001125  0.0
0.00115  0.0
0.001175  0.0
0.0012  0.0
0.001225  0.0
0.00125  0.0
0.001275  0.0
0.0013  0.0
0.001325  0.0
0.00135  0.0
0.001375  0.0
0.0014  0.0
0.001425  0.0
0.00145  0.0
0.001475  0.0
0.0015  0.0
0.001525  0.0
0.00155  0.0
0.001575  0.0
0.0016  0.0
0.001625  0.0
0.00165  0.0
0.001675  0.0
0.0017  0.0
0.001725  0.0
0.00175  0.0
0.001775  0.0
0.0018  0.0
0.001825  0.0
0.00185  0.0
0.001875  0.0
0.0019  0.0
0.001925  0.0
0.00195  0.0
0.001975  0.0
0.002  0.0
0.002025  0.0
0.00205  0.0
0.002075  0.0
0.0021  0.0
0.002125  0.0
0.00215  0.0
0.002175  0.0
0.0022  0.0
0.002225  0.0
0.00225  0.0
0.002275  0.0
0.0023  0.0
0.002325  0.0
0.00235  0.0
0.002375  0.0
0.0024  0.0
0.002425  0.0
0.00245  0.0
0.002475  0.0
0.0025  0.0
0.002525  0.0
0.00255  0.0
0.002575  0.0
0.0026  0.0
0.002625  0.0
0.00265  0.0
0.002675  0.0
0.0027  0.0
0.002725  0.0
0.00275  0.0
0.002775  0.0
0.0028  0.0
0.002825  0.0
0.00285  0.0
0.002875  0.0
0.0029  0.0
0.002925  0.0
0.00295  0.0
0.002975  0.0
0.003  0.0
0.003025  0.0
0.00305  0.0
0.003075  0.0
0.0031  0.0
0.003125  0.0
0.00315  0.0
0.003175  0.0
0.0032  0.0
0.003225  0.0
0.00325  0.0
0.003275  0.0
0.0033  0.0
0.003325  0.0
0.00335  0.0
0.003375  0.0
0.0034  0.0
0.003425  0.0
0.00345  0.0
0.003475  0.0
0.0035  0.0
0.003525  0.0
0.00355  0.0
0.003575  0.0
0.0036  0.0
0.003625  0.0
0.00365  0.0
0.003675  0.0
0.0037  0.0
0.003725  0.0
0.00375  0.0
0.003775  0.0
0.0038  0.0
0.003825  0.0
0.00385  0.0
0.003875  0.0
0.0039  0.0
0.003925  0.0
0.00395  0.0
0.003975  0.0
0.004  0.0
0.004025  0.0
0.00405  0.0
0.004075  0.0
0.0041  0.0
0.004125  0.0
0.00415  0.0
0.004175  0.0
0.0042  0.0
0.004225  0.0
0.00425  0.0
0.004275  0.0
0.0043  0.0
0.004325  0.0
0.00435  0.0
0.004375  0.0
0.0044  0.0
0.004425  0.0
0.00445  0.0
0.004475  0.0
0.0045  0.0
0.004525  0.0
0.00455  0.0
0.004575  0.0
0.0046  0.0
0.004625  0.0
0.00465  0.0
0.004675  0.0
0.0047  0.0
0.004725  0.0
0.00475  0.0
0.004775  0.0
0.0048  0.0
0.004825  0.0
0.00485  0.0
0.004875  0.0
0.0049  0.0
0.004925  0.0
0.00495  0.0
0.004975  0.0
0.005  0.0
0.005025  0.0
0.00505  0.0
0.005075  0.0
0.0051  0.0
0.005125  0.0
0.00515  0.0
0.005175  0.0
0.0052  0.0
0.005225  0.0
0.00525  0.0
0.005275  0.0
0.0053  0.0
0.005325  0.0
0.00535  0.0
0.005375  0.0
0.0054  0.0
0.005425  0.0
0.00545  0.0
0.005475  0.0
0.0055  0.0
0.005525  0.0
0.00555  0.0
0.005575  0.0
0.0056  0.0
0.005625  0.0
0.00565  0.0
0.005675  0.0
0.0057  0.0
0.005725  0.0
0.00575  0.0
0.005775  0.0
0.0058  0.0
0.005825  0.0
0.00585  0.0
0.005875  0.0
0.0059  0.0
0.005925  0.0
0.00595  0.0
0.005975  0.0
0.006  0.0
0.006025  0.0
0.00605  0.0
0.006075  0.0
0.0061  0.0
0.006125  0.0
0.00615  0.0
0.006175  0.0
0.0062  0.0
0.006225  0.0
0.00625  0.0
0.006275  0.0
0.0063  0.0
0.006325  0.0
0.00635  0.0
0.006375  0.0
0.0064  0.0
0.006425  0.0
0.00645  0.0
0.006475  0.0
0.0065  0.0
0.006525  0.0
0.00655  0.0
0.006575  0.0
0.0066  0.0
0.006625  0.0
0.00665  0.0
0.006675  0.0
0.0067  0.0
0.006725  0.0
0.00675  0.0
0.006775  0.0
0.0068  0.0
0.006825  0.0
0.00685  0.0
0.006875  0.0
0.0069  0.0
0.006925  0.0
0.00695  0.0
0.006975  0.0
0.007  0.0
0.007025  0.0
0.00705  0.0
0.007075  0.0
0.0071  0.0
0.007125  0.0
0.00715  0.0
0.007175  0.0
0.0072  0.0
0.007225  0.0
0.00725  0.0
0.007275  0.0
0.0073  0.0
0.007325  0.0
0.00735  0.0
0.007375  0.0
0.0074  0.0
0.007425  0.0
0.00745  0.0
0.007475  0.0
0.0075  0.0
0.007525  0.0
0.00755  0.0
0.007575  0.0
0.0076  0.0
0.007625  0.0
0.00765  0.0
0.007675  0.0
0.0077  0.0
0.007725  0.0
0.00775  0.0
0.007775  0.0
0.0078  0.0
0.007825  0.0
0.00785  0.0
0.007875  0.0
0.0079  0.0
0.007925  0.0
0.00795  0.0
0.007975  0.0
0.008  0.0
0.008025  0.0
0.00805  0.0
0.008075  0.0
0.0081  0.0
0.008125  0.0
0.00815  0.0
0.008175  0.0
0.0082  0.0
0.008225  0.0
0.00825  0.0
0.008275  0.0
0.0083  0.0
0.008325  0.0
0.00835  0.0
0.008375  0.0
0.0084  0.0
0.008425  0.0
0.00845  0.0
0.008475  0.0
0.0085  0.0
0.008525  0.0
0.00855  0.0
0.008575  0.0
0.0086  0.0
0.008625  0.0
0.00865  0.0
0.008675  0.0
0.0087  0.0
0.008725  0.0
0.00875  0.0
0.008775  0.0
0.0088  0.0
0.008825  0.0
0.00885  0.0
0.008875  0.0
0.0089  0.0
0.008925  0.0
0.00895  0.0
0.008975  0.0
0.009  0.0
0.009025  0.0
0.00905  0.0
0.009075  0.0
0.0091  0.0
0.009125  0.0
0.00915  0.0
0.009175  0.0
0.0092  0.0
0.009225  0.0
0.00925  0.0
0.009275  0.0
0.0093  0.0
0.009325  0.0
0.00935  0.0
0.009375  0.0
0.0094  0.0
0.009425  0.0
0.00945  0.0
0.009475  0.0
0.0095  0.0
0.009525  0.0
0.00955  0.0
0.009575  0.0
0.0096  0.0
0.009625  0.0
0.00965  0.0
0.009675  0.0
0.0097  0.0
0.009725  0.0
0.00975  0.0
0.009775  0.0
0.0098  0.0
0.009825  0.0
0.00985  0.0
0.009875  0.0
0.0099  0.0
0.009925  0.0
0.00995  0.0
0.009975  0.0
0.01  0.09999999999999998
0.010025  0.18045084971874836
0.01005  0.2278566144656224
0.010075  0.23962010330031408
0.0101  0.22520724325153602
0.010125  0.20268651892638243
0.01015  0.1919670173149955
0.010175  0.20731946586474656
0.0102  0.2520383689970175
0.010225  0.31728538181606125
0.01025  0.3855568436344551
0.010275  0.4374520089897586
0.0103  0.45915765780953127
0.010325  0.44779104230983313
0.01035  0.41256108836010297
0.010375  0.3713049795240927
0.0104  0.3437236318529341
0.010425  0.3439004189488916
0.01045  0.37496122677274696
0.010475  0.4279159538142188
0.0105  0.4851243584327969
0.010525  0.5270627723082653
0.01055  0.5398073447961883
0.010575  0.5203757605978254
0.0106  0.4778873348192967
0.010625  0.43009860133736705
0.01065  0.39663789148488204
0.010675  0.3915232526176465
0.0107  0.41782177707462803
0.010725  0.4664904490859128
0.01075  0.5198414041773214
0.010775  0.5583081134783362
0.0108  0.5679281518492505
0.010825  0.5456844869455798
0.01085  0.5006651885322746
0.010875  0.45059866967904716
0.0109  0.4150879529923952
0.010925  0.4081283079744073
0.01095  0.4327663268957145
0.010975  0.47994054392488994
0.011  0.5319464895324009
0.011025  0.5692026902979084
0.01105  0.5777332709868664
0.011075  0.5545090941694324
0.0111  0.5086073350337424
0.011125  0.4577466015303682
0.01115  0.42152109165858354
0.011175  0.41391813277397577
0.0112  0.43797716921532504
0.011225  0.48463030201253887
0.01125  0.536167271811285
0.011275  0.5730013943489047
0.0113  0.5811521046327642
0.011325  0.5575860444507414
0.01135  0.5113765902869213
0.011375  0.4602389312582292
0.0114  0.42376418841365776
0.011425  0.41593691985354425
0.01145  0.43979407758693567
0.011475  0.48626551954698777
0.0115  0.537638967592289
0.011525  0.574325920551809
0.01155  0.5823441782153763
0.011575  0.5586589106750934
0.0116  0.5123421698888371
0.011625  0.4611079528999534
0.01165  0.4245463078912089
0.011675  0.41664082738333924
0.0117  0.4404275943637501
0.011725  0.4868356846461218
0.01175  0.5381521161815096
0.011775  0.5747877542821065
0.0118  0.5827598285726451
0.011825  0.5590329959966363
0.01185  0.5126788466782262
0.011875  0.46141096201040355
0.0119  0.42481901609061506
0.011925  0.41688626476280377
0.01195  0.4406484880052672
0.011975  0.48703448892348655
0.012  0.5383310400311379
0.012025  0.5749487857467726
0.01205  0.5829047568908456
0.012075  0.5591634314830152
0.0121  0.5127962386159662
0.012125  0.4615166147543696
0.01215  0.42491410356018555
0.012175  0.4169718434854189
0.0122  0.4407255088556251
0.012225  0.48710380768880973
0.01225  0.5383934269199286
0.012275  0.5750049339466832
0.0123  0.5829552902707634
0.012325  0.5592089115249395
0.01235  0.5128371706536987
0.012375  0.46155345358832883
0.0124  0.4249472585107482
0.012425  0.41700168294092427
0.01245  0.44075236436557896
0.012475  0.48712797764776755
0.0125  0.5384151798829908
0.012525  0.5750245116134398
0.01255  0.5829729101708455
0.012575  0.5592247694350143
0.0126  0.5128514427727667
0.012625  0.4615662984954901
0.01265  0.4249588189271927
0.012675  0.417012087315726
0.0127  0.4407617283028995
0.012725  0.4871364051913554
0.01275  0.5384227646722198
0.012775  0.5750313379237465
0.0128  0.5829790538501198
0.012825  0.5592302987463622
0.01285  0.5128564191529805
0.012875  0.4615707772376825
0.0129  0.4249628497951652
0.012925  0.41701571509690016
0.01295  0.4407649933059552
0.012975  0.48713934369410655
0.013  0.5384254093246958
0.013025  0.5750337181109755
0.01305  0.582981196018627
0.013075  0.5592322266980198
0.0131  0.5128581543094712
0.013125  0.4615723388785241
0.01315  0.4249642552719238
0.013175  0.41701698002598186
0.0132  0.44076613174212775
0.013225  0.48714036828666124
0.01325  0.5384263314579951
0.013275  0.5750345480309439
0.0133  0.5829819429465996
0.013325  0.5592328989331934
0.01335  0.5128587593211281
0.013375  0.4615728833890153
0.0134  0.4249647453313652
0.013425  0.41701742107947815
0.01345  0.44076652869027605
0.013475  0.48714072553999405
0.0135  0.5384266529859946
0.013525  0.5750348374061424
0.01355  0.5829822033842764
0.013575  0.5592331333271009
0.0136  0.5128589702756439
0.013625  0.4615730732480795
0.01365  0.424964916204524
0.013675  0.4170175748653227
0.0137  0.44076666709753787
0.013725  0.48714085010653074
0.01375  0.5384267650958776
0.013775  0.5750349383050377
0.0138  0.5829822941932833
0.013825  0.5592332150552081
0.01385  0.5128590438309409
0.013875  0.46157313944784684
0.0139  0.4249649757843139
0.013925  0.41701762848713264
0.01395  0.4407667153571657
0.013975  0.4871408935401952
0.014  0.5384268041861757
0.014025  0.5750349734863067
0.01405  0.5829823258564237
0.014075  0.5592332435520355
0.0141  0.5128590694780862
0.014125  0.46157316253027764
0.01415  0.42496499655850106
0.014175  0.4170176471839028
0.0142  0.4407667321842579
0.014225  0.48714090868457915
0.01425  0.5384268178161212
0.014275  0.5750349857532582
0.0143  0.5829823368966811
0.014325  0.5592332534882681
0.01435  0.5128590784206946
0.014375  0.4615731705786251
0.0144  0.4249650038020132
0.014425  0.41701765370306265
0.01445  0.4407667380515007
0.014475  0.487140913965097
0.0145  0.5384268225685873
0.014525  0.5750349900304768
0.01455  0.5829823407461788
0.014575  0.5592332569528171
0.0146  0.5128590815387893
0.014625  0.46157317338491044
0.01465  0.424965006327671
0.014675  0.41701765597615365
0.0147  0.4407667400972843
0.014725  0.48714091580630164
0.01475  0.5384268242256713
0.014775  0.5750349915218529
0.0148  0.5829823420884184
0.014825  0.559233258160831
0.01485  0.5128590826260024
0.014875  0.4615731743634022
0.0149  0.424965007208313
0.014925  0.41701765676873037
0.01495  0.440766740810605
0.014975  0.48714091644829133
0.015  0.4384268248034622
0.015025  0.39458414232311595
0.01505  0.35512572809080434
0.015075  0.3196131552817239
0.0151  0.2876518397535515
0.015125  0.25888665577819636
0.01515  0.23299799020037673
0.015175  0.20969819118033906
0.0152  0.18872837206230517
0.015225  0.16985553485607466
0.01525  0.1528699813704672
0.015275  0.1375829832334205
0.0153  0.12382468491007845
0.015325  0.11144221641907061
0.01535  0.10029799477716354
0.015375  0.09026819529944718
0.0154  0.08124137576950247
0.015425  0.07311723819255223
0.01545  0.065805514373297
0.015475  0.0592249629359673
0.0155  0.05330246664237057
0.015525  0.047972219978133515
0.01555  0.043174997980320165
0.015575  0.03885749818228815
0.0156  0.034971748364059335
0.015625  0.031474573527653406
0.01565  0.028327116174888065
0.015675  0.02549440455739926
0.0157  0.022944964101659335
0.015725  0.020650467691493403
0.01575  0.018585420922344064
0.015775  0.01672687883010966
0.0158  0.015054190947098693
0.015825  0.013548771852388824
0.01585  0.012193894667149941
0.015875  0.010974505200434947
0.0159  0.009877054680391453
0.015925  0.008889349212352307
0.01595  0.008000414291117077
0.015975  0.00720037286200537
0.016  0.006480335575804833
0.016025  0.00583230201822435
0.01605  0.005249071816401915
0.016075  0.0047241646347617235
0.0161  0.004251748171285551
0.016125  0.0038265733541569965
0.01615  0.0034439160187412967
0.016175  0.0030995244168671673
0.0162  0.0027895719751804505
0.016225  0.0025106147776624054
0.01625  0.002259553299896165
0.016275  0.0020335979699065486
0.0163  0.0018302381729158937
0.016325  0.0016472143556243045
0.01635  0.001482492920061874
0.016375  0.0013342436280556868
0.0164  0.0012008192652501182
0.016425  0.0010807373387251064
0.01645  0.0009726636048525958
0.016475  0.0008753972443673362
0.0165  0.0007878575199306027
0.016525  0.0007090717679375425
0.01655  0.0006381645911437882
0.016575  0.0005743481320294093
0.0166  0.0005169133188264684
0.016625  0.0004652219869438216
0.01665  0.00041869978824943943
0.016675  0.0003768298094244955
0.0167  0.00033914682848204596
0.016725  0.00030523214563384137
0.01675  0.00027470893107045725
0.016775  0.00024723803796341154
0.0168  0.00022251423416707038
0.016825  0.00020026281075036334
0.01685  0.00018023652967532702
0.016875  0.00016221287670779432
0.0169  0.0001459915890370149
0.016925  0.0001313924301333134
0.01695  0.00011825318711998207
0.016975  0.00010642786840798387
0.017  9.578508156718549e-05
0.017025  8.620657341046694e-05
0.01705  7.758591606942025e-05
0.017075  6.982732446247823e-05
0.0171  6.28445920162304e-05
0.017125  5.656013281460736e-05
0.01715  5.0904119533146625e-05
0.017175  4.581370757983196e-05
0.0172  4.123233682184877e-05
0.017225  3.710910313966389e-05
0.01725  3.33981928256975e-05
0.017275  3.005837354312775e-05
0.0173  2.7052536188814975e-05
0.017325  2.4347282569933478e-05
0.01735  2.1912554312940132e-05
0.017375  1.972129888164612e-05
0.0174  1.774916899348151e-05
0.017425  1.597425209413336e-05
0.01745  1.4376826884720024e-05
0.017475  1.2939144196248022e-05
0.0175  1.164522977662322e-05
0.017525  1.0480706798960898e-05
0.01755  9.432636119064808e-06
0.017575  8.489372507158326e-06
0.0176  7.640435256442494e-06
0.017625  6.876391730798245e-06
0.01765  6.188752557718421e-06
0.017675  5.569877301946579e-06
0.0177  5.012889571751922e-06
0.017725  4.5116006145767295e-06
0.01775  4.0604405531190566e-06
0.017775  3.654396497807151e-06
0.0178  3.288956848026436e-06
0.017825  2.960061163223792e-06
0.01785  2.664055046901413e-06
0.017875  2.3976495422112717e-06
0.0179  2.1578845879901445e-06
0.017925  1.9420961291911303e-06
0.01795  1.7478865162720173e-06
0.017975  1.5730978646448156e-06
0.018  1.415788078180334e-06
0.018025  1.2742092703623005e-06
0.01805  1.1467883433260706e-06
0.018075  1.0321095089934636e-06
0.0181  9.288985580941172e-07
0.018125  8.360087022847055e-07
0.01815  7.52407832056235e-07
0.018175  6.771670488506115e-07
0.0182  6.094503439655503e-07
0.018225  5.485053095689953e-07
0.01825  4.936547786120959e-07
0.018275  4.442893007508863e-07
0.0183  3.9986037067579767e-07
0.018325  3.598743336082179e-07
0.01835  3.238869002473961e-07
0.018375  2.914982102226565e-07
0.0184  2.6234838920039084e-07
0.018425  2.3611355028035176e-07
0.01845  2.1250219525231658e-07
0.018475  1.9125197572708492e-07
0.0185  1.7212677815437642e-07
0.018525  1.5491410033893878e-07
0.01855  1.394226903050449e-07
0.018575  1.254804212745404e-07
0.0186  1.1293237914708636e-07
0.018625  1.0163914123237773e-07
0.01865  9.147522710913996e-08
0.018675  8.232770439822597e-08
0.0187  7.409493395840338e-08
0.018725  6.668544056256305e-08
0.01875  6.001689650630674e-08
0.018775  5.401520685567607e-08
0.0188  4.861368617010846e-08
0.018825  4.375231755309762e-08
0.01885  3.9377085797787854e-08
0.018875  3.543937721800907e-08
0.0189  3.1895439496208166e-08
0.018925  2.870589554658735e-08
0.01895  2.5835305991928614e-08
0.018975  2.3251775392735753e-08
0.019  2.092659785346218e-08
0.019025  1.8833938068115963e-08
0.01905  1.6950544261304368e-08
0.019075  1.525548983517393e-08
0.0191  1.3729940851656538e-08
0.019125  1.2356946766490884e-08
0.01915  1.1121252089841795e-08
0.019175  1.0009126880857616e-08
0.0192  9.008214192771855e-09
0.019225  8.10739277349467e-09
0.01925  7.296653496145204e-09
0.019275  6.5669881465306834e-09
0.0193  5.910289331877615e-09
0.019325  5.319260398689854e-09
0.01935  4.787334358820869e-09
0.019375  4.308600922938782e-09
0.0194  3.877740830644904e-09
0.019425  3.489966747580414e-09
0.01945  3.1409700728223724e-09
0.019475  2.8268730655401354e-09
0.0195  2.544185758986122e-09
0.019525  2.28976718308751e-09
0.01955  2.0607904647787587e-09
0.019575  1.854711418300883e-09
0.0196  1.6692402764707948e-09
0.019625  1.5023162488237153e-09
0.01965  1.3520846239413438e-09
0.019675  1.2168761615472094e-09
0.0197  1.0951885453924886e-09
0.019725  9.856696908532397e-10
0.01975  8.871027217679157e-10
0.019775  7.983924495911241e-10
0.0198  7.185532046320117e-10
0.019825  6.466978841688106e-10
0.01985  5.820280957519295e-10
0.019875  5.238252861767366e-10
0.0199  4.71442757559063e-10
0.019925  4.2429848180315667e-10
0.01995  3.81868633622841e-10
0.019975  3.4368177026055695e-10
0.02  0.10000000030931355
0.020025  0.1804508499971309
0.02005  0.22785661471616847
0.020075  0.23962010352580604
0.0201  0.2252072434544799
0.020125  0.2026865191090319
0.02015  0.19196701747937972
0.020175  0.20731946601269055
0.0202  0.2520383691301666
0.020225  0.31728538193589506
0.02025  0.3855568437423056
0.020275  0.4374520090868243
0.0203  0.45915765789689356
0.020325  0.4477910423884596
0.02035  0.41256108843086875
0.020375  0.37130497958778186
0.0204  0.34372363191025407
0.020425  0.34390041900047646
0.02045  0.37496122681917016
0.020475  0.42791595385599945
0.0205  0.4851243584703995
0.020525  0.5270627723421095
0.02055  0.5398073448266513
0.020575  0.5203757606252399
0.0206  0.47788733484397
0.020625  0.430098601359573
0.02065  0.3966378915048654
0.020675  0.3915232526356256
0.0207  0.41782177709080875
0.020725  0.4664904491004735
0.02075  0.5198414041904262
0.020775  0.5583081134901342
0.0208  0.5679281518598746
0.020825  0.5456844869551418
0.02085  0.5006651885408824
0.020875  0.45059866968679413
0.0209  0.41508795299936385
0.020925  0.4081283079806786
0.02095  0.4327663269013554
0.020975  0.4799405439299649
0.021  0.5319464895369683
0.021025  0.5692026903020226
0.02105  0.5777332709905697
0.021075  0.5545090941727685
0.0211  0.5086073350367469
0.021125  0.45774660153307223
0.02115  0.4215210916610135
0.021175  0.41391813277616224
0.0212  0.4379771692172897
0.021225  0.48463030201430507
0.02125  0.5361672718128745
0.021275  0.5730013943503389
0.0213  0.5811521046340554
0.021325  0.5575860444519067
0.02135  0.5113765902879687
0.021375  0.4602389312591718
0.0214  0.4237641884145058
0.021425  0.41593691985430975
0.02145  0.43979407758762684
0.021475  0.4862655195476112
0.0215  0.5376389675928501
0.021525  0.5743259205523142
0.02155  0.5823441782158288
0.021575  0.5586589106754984
0.0216  0.5123421698892019
0.021625  0.4611079529002817
0.02165  0.4245463078915041
0.021675  0.4166408273836072
0.0217  0.4404275943639935
0.021725  0.4868356846463405
0.02175  0.5381521161817064
0.021775  0.5747877542822822
0.0218  0.5827598285728011
0.021825  0.5590329959967745
0.02185  0.512678846678351
0.021875  0.46141096201051585
0.0219  0.4248190160907175
0.021925  0.4168862647628982
0.02195  0.4406484880053544
0.021975  0.4870344889235647
0.022  0.5383310400312082
0.022025  0.5749487857468345
0.02205  0.5829047568908992
0.022075  0.5591634314830638
0.0221  0.512796238616012
0.022125  0.4615166147544108
0.02215  0.42491410356022236
0.022175  0.4169718434854516
0.0222  0.4407255088556514
0.022225  0.48710380768883144
0.02225  0.5383934269199483
0.022275  0.5750049339467012
0.0223  0.5829552902707801
0.022325  0.5592089115249577
0.02235  0.512837170653717
0.022375  0.4615534535883453
0.0224  0.42494725851076276
0.022425  0.41700168294093687
0.02245  0.4407523643655872
0.022475  0.487127977647773
0.0225  0.5384151798829957
0.022525  0.5750245116134445
0.02255  0.5829729101708502
0.022575  0.5592247694350218
0.0226  0.5128514427727754
0.022625  0.46156629849549785
0.02265  0.42495881892719944
0.022675  0.41701208731572886
0.0227  0.44076172830289895
0.022725  0.48713640519135626
0.02275  0.5384227646722206
0.022775  0.5750313379237475
0.0228  0.5829790538501238
0.022825  0.5592302987463691
0.02285  0.5128564191529853
0.022875  0.4615707772376868
0.0229  0.42496284979516885
0.022925  0.41701571509690033
0.02295  0.4407649933059522
0.022975  0.48713934369410355
0.023  0.5384254093246932
0.023025  0.5750337181109735
0.02305  0.5829811960186283
0.023075  0.5592322266980241
0.0231  0.5128581543094755
0.023125  0.46157233887852794
0.02315  0.4249642552719252
0.023175  0.41701698002598003
0.0232  0.4407661317421283
0.023225  0.48714036828666146
0.02325  0.5384263314579953
0.023275  0.575034548030946
0.0233  0.5829819429466045
0.023325  0.5592328989331983
0.02335  0.5128587593211328
0.023375  0.46157288338901953
0.0234  0.424964745331367
0.023425  0.4170174210794766
0.02345  0.4407665286902742
0.023475  0.4871407255399921
0.0235  0.5384266529859929
0.023525  0.5750348374061445
0.02355  0.5829822033842789
0.023575  0.5592331333271062
0.0236  0.5128589702756506
0.023625  0.4615730732480856
0.02365  0.42496491620452587
0.023675  0.417017574865324
0.0237  0.4407666670975358
0.023725  0.4871408501065269
0.02375  0.5384267650958742
0.023775  0.5750349383050383
0.0238  0.5829822941932843
0.023825  0.5592332150552122
0.02385  0.5128590438309466
0.023875  0.46157313944785194
0.0239  0.4249649757843149
0.023925  0.4170176284871331
0.02395  0.44076671535716294
0.023975  0.4871408935401907
0.024  0.5384268041861715
0.024025  0.5750349734863032
0.02405  0.5829823258564237
0.024075  0.5592332435520386
0.0241  0.512859069478091
0.024125  0.4615731625302819
0.02415  0.4249649965585046
0.024175  0.4170176471839028
0.0242  0.4407667321842601
0.024225  0.4871409086845809
0.02425  0.5384268178161227
0.024275  0.5750349857532598
0.0243  0.5829823368966803
0.024325  0.5592332534882652
0.02435  0.5128590784206923
0.024375  0.4615731705786231
0.0244  0.4249650038020144
0.024425  0.417017653703066
0.02445  0.44076673805150596
0.024475  0.4871409139651015
0.0245  0.5384268225685913
0.024525  0.5750349900304789
0.02455  0.5829823407461785
0.024575  0.5592332569528146
0.0246  0.5128590815387872
0.024625  0.4615731733849085
0.02465  0.42496500632767065
0.024675  0.4170176559761556
0.0247  0.44076674009728556
0.024725  0.4871409158063025
0.02475  0.5384268242256722
0.024775  0.5750349915218523
0.0248  0.5829823420884156
0.024825  0.559233258160829
0.02485  0.5128590826260009
0.024875  0.4615731743634008
0.0249  0.42496500720831304
0.024925  0.4170176567687327
0.02495  0.44076674081060396
0.024975  0.48714091644828844
0.025  0.5384268248034596
0.025025  0.5750349920418616
0.02505  0.582982342556425
0.025075  0.5592332585820385
0.0251  0.5128590830050901
0.025125  0.4615731747045811
0.02515  0.4249650075153747
0.025175  0.41701765704508714
0.0252  0.4407667410593219
0.025225  0.48714091667213394
0.02525  0.5384268250049205
0.025275  0.575034992223177
0.0253  0.5829823427196099
0.025325  0.559233258728906
0.02535  0.5128590831372681
0.025375  0.4615731748235413
0.0254  0.4249650076224383
0.025425  0.41701765714144334
0.02545  0.4407667411460414
0.025475  0.4871409167501842
0.0255  0.5384268250751658
0.025525  0.5750349922863984
0.02555  0.5829823427765102
0.025575  0.5592332587801172
0.0256  0.5128590831833588
0.025625  0.461573174865023
0.02565  0.42496500765977113
0.025675  0.4170176571750419
0.0257  0.4407667411762791
0.025725  0.4871409167773975
0.02575  0.5384268250996578
0.025775  0.5750349923084419
0.0258  0.5829823427963503
0.025825  0.5592332587979689
0.02585  0.5128590831994261
0.025875  0.46157317487948346
0.0259  0.42496500767278494
0.025925  0.4170176571867533
0.02595  0.4407667411868238
0.025975  0.4871409167868871
0.026  0.5384268251081984
0.026025  0.5750349923161291
0.02605  0.5829823428032699
0.026075  0.5592332588041976
0.0261  0.5128590832050325
0.026125  0.46157317488452926
0.02615  0.4249650076773255
0.026175  0.4170176571908388
0.0262  0.4407667411904997
0.026225  0.4871409167901948
0.02625  0.5384268251111752
0.026275  0.575034992318809
0.0263  0.5829823428056773
0.026325  0.5592332588063653
0.02635  0.512859083206984
0.026375  0.46157317488628563
0.0264  0.42496500767890566
0.026425  0.4170176571922653
0.02645  0.44076674119178255
0.026475  0.4871409167913487
0.0265  0.5384268251122138
0.026525  0.5750349923197442
0.02655  0.5829823428065201
0.026575  0.5592332588071248
0.0266  0.5128590832076683
0.026625  0.46157317488690147
0.02665  0.42496500767946255
0.026675  0.4170176571927655
0.0267  0.4407667411922317
0.026725  0.4871409167917523
0.02675  0.538426825112577
0.026775  0.5750349923200684
0.0268  0.5829823428068128
0.026825  0.5592332588073894
0.02685  0.512859083207907
0.026875  0.4615731748871163
0.0269  0.4249650076796553
0.026925  0.41701765719293793
0.02695  0.44076674119238585
0.026975  0.4871409167918904
0.027  0.5384268251127013
0.027025  0.575034992320181
0.02705  0.5829823428069099
0.027075  0.5592332588074722
0.0271  0.5128590832079788
0.027125  0.4615731748871809
0.02715  0.4249650076797161
0.027175  0.41701765719299705
0.0272  0.4407667411924434
0.027225  0.48714091679194493
0.02725  0.5384268251127504
0.027275  0.5750349923202224
0.0273  0.582982342806948
0.027325  0.5592332588075076
0.02735  0.5128590832080113
0.027375  0.4615731748872102
0.0274  0.4249650076797419
0.027425  0.4170176571930192
0.02745  0.44076674119246234
0.027475  0.4871409167919613
0.0275  0.5384268251127653
0.027525  0.5750349923202365
0.02755  0.5829823428069618
0.027575  0.5592332588075211
0.0276  0.5128590832080241
0.027625  0.4615731748872217
0.02765  0.4249650076797516
0.027675  0.4170176571930269
0.0277  0.4407667411924683
0.027725  0.487140916791966
0.02775  0.5384268251127694
0.027775  0.5750349923202407
0.0278  0.5829823428069666
0.027825  0.5592332588075264
0.02785  0.5128590832080294
0.027875  0.4615731748872265
0.0279  0.4249650076797553
0.027925  0.41701765719302925
0.02795  0.44076674119246934
0.027975  0.4871409167919697
0.028  0.5384268251127727
0.028025  0.5750349923202444
0.02805  0.5829823428069709
0.028075  0.5592332588075313
0.0281  0.5128590832080312
0.028125  0.4615731748872281
0.02815  0.4249650076797561
0.028175  0.4170176571930289
0.0282  0.440766741192468
0.028225  0.48714091679196786
0.02825  0.5384268251127711
0.028275  0.5750349923202435
0.0283  0.5829823428069711
0.028325  0.5592332588075325
0.02835  0.5128590832080329
0.028375  0.4615731748872296
0.0284  0.42496500767975687
0.028425  0.41701765719302863
0.02845  0.44076674119247217
0.028475  0.48714091679197097
0.0285  0.5384268251127737
0.028525  0.5750349923202465
0.02855  0.5829823428069749
0.028575  0.5592332588075315
0.0286  0.5128590832080326
0.028625  0.4615731748872294
0.02865  0.424965007679756
0.028675  0.41701765719302675
0.0287  0.4407667411924694
0.028725  0.48714091679196786
0.02875  0.5384268251127711
0.028775  0.5750349923202447
0.0288  0.5829823428069744
0.028825  0.559233258807532
0.02885  0.5128590832080338
0.028875  0.4615731748872304
0.0289  0.4249650076797562
0.028925  0.41701765719303135
0.02895  0.4407667411924725
0.028975  0.48714091679197
0.029  0.5384268251127731
0.029025  0.5750349923202471
0.02905  0.5829823428069721
0.029075  0.559233258807531
0.0291  0.5128590832080335
0.029125  0.4615731748872302
0.02915  0.4249650076797554
0.029175  0.41701765719302963
0.0292  0.44076674119246995
0.029225  0.4871409167919671
0.02925  0.5384268251127704
0.029275  0.575034992320242
0.0293  0.5829823428069686
0.029325  0.5592332588075289
0.02935  0.5128590832080322
0.029375  0.461573174887229
0.0294  0.42496500767975703
0.029425  0.4170176571930301
0.02945  0.44076674119246934
0.029475  0.4871409167919659
0.0295  0.5384268251127693
0.029525  0.5750349923202418
0.02955  0.5829823428069694
0.029575  0.5592332588075306
0.0296  0.5128590832080344
0.029625  0.461573174887231
0.02965  0.4249650076797582
0.029675  0.4170176571930301
0.0297  0.44076674119246834
0.029725  0.48714091679196436
0.02975  0.538426825112768
0.029775  0.5750349923202411
0.0298  0.5829823428069698
0.029825  0.5592332588075322
0.02985  0.5128590832080364
0.029875  0.46157317488723276
0.0299  0.42496500767976253
0.029925  0.41701765719303835
0.02995  0.44076674119248016
0.029975  0.4871409167919777
