0.000000
-0.004011
-0.007199
-0.008910
-0.008792
-0.006870
-0.003539
0.000519
0.004470
0.007504
0.008998
0.008646
0.006519
0.003055
-0.001036
-0.004915
-0.007785
-0.009058
-0.008471
-0.006147
-0.002561
0.001550
0.005344
0.008040
0.009087
0.008269
0.005755
0.002059
-0.002059
-0.005755
-0.008269
-0.009087
-0.008040
-0.005344
-0.001550
0.002561
0.006147
0.008471
0.009058
0.007785
0.004915
0.001036
-0.003055
-0.006519
-0.008646
-0.008998
-0.007504
-0.004470
-0.000519
0.003539
0.006870
0.008792
0.008910
0.007199
0.004011
-0.000000
-0.004011
-0.007199
-0.008910
-0.008792
-0.006870
-0.003539
0.000519
0.004470
0.007504
0.008998
0.008646
0.006519
0.003055
-0.001036
-0.004915
-0.007785
-0.009058
-0.008471
-0.006147
-0.002561
0.001550
0.005344
0.008040
0.009087
0.008269
0.005755
0.002059
-0.002059
-0.005755
-0.008269
-0.009087
-0.008040
-0.005344
-0.001550
0.002561
0.006147
0.008471
0.009058
0.007785
0.004915
0.001036
-0.003055
-0.006519
-0.008646
-0.008998
-0.007504
-0.004470
-0.000519
0.003539
0.006870
0.008792
0.008910
0.007199
0.004011
