0.145455
0.140407
0.125898
0.103735
0.076628
0.047785
0.020449
-0.002561
-0.019224
-0.028549
-0.030646
-0.026610
-0.018272
-0.007847
0.002452
0.010762
0.015834
0.017166
0.015001
0.010194
0.003985
-0.002267
-0.007355
-0.010427
-0.011113
-0.009543
-0.006270
-0.002119
0.002001
0.005282
0.007165
0.007431
0.006200
0.003882
0.001060
-0.001646
-0.003707
-0.004784
-0.004779
-0.003828
-0.002245
-0.000438
0.001189
0.002326
0.002809
0.002642
0.001973
0.001040
0.000105
-0.000612
-0.000988
-0.001009
-0.000765
-0.000412
-0.000115
0.000000
-0.000115
-0.000412
-0.000765
-0.001009
-0.000988
-0.000612
0.000105
0.001040
0.001973
0.002642
0.002809
0.002326
0.001189
-0.000438
-0.002245
-0.003828
-0.004779
-0.004784
-0.003707
-0.001646
0.001060
0.003882
0.006200
0.007431
0.007165
0.005282
0.002001
-0.002119
-0.006270
-0.009543
-0.011113
-0.010427
-0.007355
-0.002267
0.003985
0.010194
0.015001
0.017166
0.015834
0.010762
0.002452
-0.007847
-0.018272
-0.026610
-0.030646
-0.028549
-0.019224
-0.002561
0.020449
0.047785
0.076628
0.103735
0.125898
0.140407
