1622
1487
1366
1056
949
865
1008
1148
1416
1499
2065
2517
3271
3643
3813
3822
4943
6143
6358
5870
6620
7412
8029
7790
7540
7811
8088
8114
7206
4171
3253
2658
2960
219
-1610
-1504
-2674
-4094
-5094
-5781
-5534
-5238
-4978
-6093
-5949
-4610
-3452
-3011
-2521
-1396
-309
683
1447
1613
2562
3553
3975
3526
3134
3612
3223
2729
2052
1108
39
-939
-2927
-4746
-5624
-5983
-6466
-7717
-8346
-8138
-8211
-7368
-6971
-6213
-5149
-4267
-3729
-3346
-2389
-1075
-457
-84
111
463
915
1213
1091
868
981
1126
848
496
361
249
2
-220
-350
-392
21
429
666
1205
1905
2359
3037
3681
4700
5269
5743
6272
5790
7004
7237
8043
7653
7990
7582
7983
8033
7715
7137
7020
6587
5967
4652
2228
103
101
-249
-1692
-3442
-3914
-4388
-4975
-4807
-5493
-5265
-3903
-3214
-3492
-3445
-2095
-736
39
740
1167
1740
2420
3064
2749
2648
2994
2932
2366
1527
851
261
-149
-684
-1661
-2583
-3180
-3755
-4712
-5555
-6172
-6804
-6965
-6486
-6321
-6188
-5625
-4883
-3766
-3386
-2512
-2142
-1469
-866
-663
-651
-513
-420
-346
-711
-803
-1044
-1024
-1020
-996
-1130
-1021
-906
-689
-591
-388
-185
-19
466
932
1445
1884
2413
2983
3558
3954
4628
4922
5624
6058
6295
6301
5941
6377
6319
6973
6539
6450
6936
6496
6814
6011
5727
6209
5617
5374
3707
1014
-289
137
169
-1783
-3346
-3619
-3834
-3877
-3965
-4625
-4359
-2874
-2277
-2693
-2347
-1330
-245
619
1013
1230
1641
2326
2590
2021
1812
1910
1705
1118
413
-611
-1000
-1109
-1747
-2531
-3052
-3283
-3480
-4046
-4456
-5335
-5356
-4816
-5366
-5973
-5646
-4741
-4069
-3829
-3552
-3384
-2600
-1786
-1809
-1956
-1745
-1355
-1511
-1917
-2040
-2218
-2057
-1854
-2026
-2082
-1692
-1214
-920
-803
-470
72
431
803
951
1103
1585
2121
2373
2389
2655
3459
4204
4363
4478
4566
5136
5606
5458
6149
5841
6348
6160
5766
6300
6568
6874
6540
6055
5612
5644
5648
4696
2984
193
-1360
-639
-1494
-2717
-4100
-4936
-4634
-4409
-4270
-4805
-4446
-2919
-2216
-1597
-1309
-527
677
1621
2164
1726
2423
2948
2954
2523
1765
1524
1091
500
-553
-1811
-2132
-2217
-2717
-3248
-3545
-3559
-3068
-3135
-3276
-3786
-3642
-3223
-3800
-4290
-3896
-3401
-3144
-3274
-3414
-3196
-2781
-2278
-2785
-3220
-3136
-3113
-3116
-3337
-3487
-3340
-3134
-2707
-2559
-2046
-1364
-905
-472
123
675
1157
1284
1174
1234
1793
2323
1960
1689
2104
2687
3297
3372
3289
3727
4759
5625
5636
5172
5735
6802
6889
6707
6029
6265
7035
6866
7215
6564
6444
6391
5895
5419
4530
2782
922
-514
-909
-1541
-2441
-3084
-3707
-3501
-3080
-2256
-2029
-1411
-810
-495
191
493
591
922
610
618
242
205
-217
-844
-1407
-1759
-2013
-2154
-2566
-2819
-2983
-2690
-2369
-2076
-1719
-1531
-939
-682
-690
-705
-886
-1112
-2060
-3162
-3570
-4208
-4031
-4584
-5041
-5025
-4738
-4023
-3752
-3645
-3317
-2880
-2381
-2242
-2338
-2187
-2029
-1665
-1815
-1677
-1515
-1092
-780
-728
-603
-100
224
422
245
327
582
1058
1378
1356
1644
2138
2902
3594
4168
4726
4936
5262
5735
6361
6348
6512
6558
5953
6248
6292
6665
6608
6674
6190
6034
5936
5775
5329
4610
4104
1975
142
-436
-697
-1348
-2094
-3025
-3482
-2670
-1617
-1855
-1751
-1506
-1154
-568
-233
-446
-628
-361
-85
-522
-561
-917
-864
-1041
-1465
-1934
-2113
-1760
-1821
-2002
-2038
-1967
-1505
-1263
-1164
-1226
-1022
-974
-1184
-1359
-2401
-3327
-3897
-4063
-4364
-4720
-5005
-5271
-4724
-4108
-3708
-3626
-3214
-2884
-2400
-2186
-1916
-1990
-1794
-1741
-1736
-1686
-1442
-1257
-948
-871
-790
-502
-46
346
385
350
545
1025
1537
1660
1666
1949
2550
3021
3355
3730
3970
4916
5606
5605
5458
5638
6422
7136
7462
6605
6519
6412
7156
7261
7072
6225
6292
6168
5971
5003
2721
785
-99
-268
-1092
-2099
-3134
-3538
-2520
-1888
-2107
-2009
-1540
-1149
-833
-632
-829
-528
-107
-537
-937
-1077
-1092
-971
-1022
-1716
-2181
-2132
-1923
-1885
-1984
-1984
-1648
-1161
-762
-675
-598
-382
-180
-402
-822
-1466
-2068
-2872
-3898
-4314
-4354
-4457
-4650
-4600
-4565
-3429
-2735
-2209
-2190
-1690
-1440
-948
-1025
-1337
-1595
-1739
-1837
-2044
-2016
-1964
-1710
-1652
-1492
-1257
-576
-109
119
118
351
1030
1619
1772
1729
1955
2678
3532
3815
3715
3813
4658
5457
5736
5431
5293
5358
6028
6120
5540
5103
5189
5793
6305
6200
5677
5515
5729
5834
5044
3470
1627
729
518
-213
-1064
-1937
-2539
-2206
-1807
-1912
-2056
-2089
-1844
-1473
-1247
-1287
-1023
-845
-846
-974
-996
-1016
-1027
-934
-1338
-1608
-1769
-1810
-1658
-1511
-1601
-1494
-1251
-1056
-772
-626
-670
-666
-819
-1020
-1261
-1740
-2733
-3604
-4142
-3996
-3953
-4133
-4366
-4261
-3416
-2711
-2284
-2208
-2110
-1959
-1607
-1493
-1622
-1728
-1966
-2016
-1972
-1809
-1644
-1348
-1266
-1122
-821
-371
55
341
454
494
930
1352
1779
2024
2058
2176
2631
3153
3553
3910
3981
4257
4681
5047
5102
5371
5493
5408
5718
5757
5835
5944
6110
5939
5896
5656
5265
4912
4105
2820
1476
923
344
96
-399
-1485
-1800
-1710
-1432
-1169
-1451
-2147
-1991
-1533
-1343
-1069
-1412
-1619
-1243
-997
-902
-918
-1169
-1162
-954
-1096
-1216
-1299
-1331
-1114
-902
-933
-983
-866
-794
-690
-704
-900
-988
-1021
-1128
-1411
-2071
-2738
-3131
-3135
-3120
-3104
-3189
-3275
-2976
-2558
-2282
-2143
-2215
-2252
-2075
-1883
-1741
-1723
-1847
-1800
-1539
-1322
-1089
-1051
-1059
-954
-775
-568
-331
-86
217
474
679
949
1325
1661
1807
1897
2033
2316
2832
3243
3403
3581
3733
4001
4402
4605
4548
4614
4867
5085
5378
5604
5710
5808
5839
5839
5608
5150
4526
3735
2943
2277
1771
1344
868
314
-25
-268
-452
-813
-1403
-1684
-1758
-1684
-1640
-1827
-2037
-1995
-1772
-1600
-1530
-1662
-1691
-1557
-1484
-1471
-1498
-1472
-1264
-1100
-1041
-1023
-1040
-963
-887
-902
-939
-1094
-1243
-1389
-1619
-1925
-2174
-2343
-2397
-2390
-2393
-2338
-2279
-2097
-1948
-1966
-2003
-1996
-1895
-1882
-1896
-1911
-1844
-1668
-1467
-1287
-1204
-1060
-920
-794
-634
-515
-289
-43
172
317
417
586
825
1167
1431
1590
1750
1938
2334
2798
3146
3369
3551
3820
4150
4445
4660
4844
5015
5255
5469
5731
5915
5972
5987
5893
5876
5647
5004
4056
3164
2738
2544
2216
1521
887
426
298
40
-633
-1305
-1761
-1583
-1492
-1703
-2036
-2313
-2135
-1840
-1621
-1760
-1890
-1791
-1662
-1508
-1590
-1583
-1374
-1122
-912
-938
-1016
-1000
-870
-773
-802
-881
-956
-954
-1004
-1170
-1474
-1972
