0
516
405
417
375
441
558
636
600
591
528
513
513
609
660
711
762
675
588
525
414
390
342
414
579
561
648
561
525
432
339
294
387
423
588
555
585
588
714
687
594
396
273
213
177
261
375
474
585
408
270
141
120
237
405
621
774
966
846
708
264
-72
-252
-294
6
426
933
1254
1191
855
417
129
81
258
399
696
813
858
804
777
816
816
570
462
117
42
-60
117
213
558
741
642
369
69
-288
-279
-135
105
387
552
600
522
438
321
255
228
231
480
594
870
981
990
975
771
648
372
168
42
135
411
747
1107
1386
1464
1284
912
654
555
753
1035
1272
1293
1110
924
474
153
288
315
669
675
900
864
807
432
264
72
165
159
246
495
639
897
876
633
546
441
210
375
519
696
918
1062
789
432
174
90
459
816
1263
1470
1494
1110
576
-69
-213
-60
105
357
483
558
339
444
585
795
807
363
204
150
150
168
306
390
240
240
-45
-24
141
453
741
795
870
813
690
660
864
1017
1044
1263
1398
1386
1410
1239
1311
1434
1566
1116
1143
858
1071
1365
1554
1800
1935
1554
924
246
-174
-210
-240
-78
90
438
876
1161
1098
1026
741
612
402
285
132
354
618
747
834
837
900
1044
1020
732
450
-159
-699
-837
-789
-618
-372
93
408
654
615
627
639
-66
-609
-1299
-1350
-1485
-1317
-1122
-774
-141
39
117
276
297
468
450
189
-75
-9
99
651
1425
1893
2220
2016
1932
1839
2166
2010
2097
2070
2130
2394
2340
2787
3381
4353
4527
3993
2904
1689
816
519
888
1620
2667
3471
4140
4059
3447
2676
2103
1641
1431
1413
1302
1401
1146
867
222
-507
-1029
-1407
-1479
-1521
-1827
-2040
-2181
-2163
-1965
-1959
-1956
-2070
-2385
-2757
-3237
-3534
-3657
-3432
-3159
-2967
-2715
-2583
-2472
-2391
-2400
-2514
-2559
-2667
-2709
-2637
-2181
-1662
-789
204
1224
2004
2637
3228
3693
3624
2799
1716
1527
2352
2760
3861
4326
5871
7269
8100
9327
8922
9318
9102
8664
8571
8928
9483
9297
7989
6561
5550
5355
4881
5766
5592
5067
2208
-2544
-6942
-9018
-7899
-3927
813
4242
6279
6576
5265
3270
636
-1119
-2010
-2403
-2766
-3066
-3879
-4311
-3990
-3036
-1572
-135
1107
1980
1896
999
-144
-1962
-4599
-8373
-11850
-13455
-12972
-10131
-6420
-3102
-618
531
555
-726
-2610
-4425
-5619
-6771
-7833
-8310
-8067
-6543
-4605
-2223
-306
807
1113
564
-150
-873
-858
-429
177
750
1020
1443
1806
2505
3819
5412
6963
8340
9162
8694
8178
8637
10284
11712
13314
13440
14712
15450
16062
16725
15663
12741
8445
1926
-10500
-20130
-24333
-20988
-10833
-585
8574
13980
14901
14430
12474
7827
3747
885
-2448
-4938
-7191
-9903
-10785
-10332
-7002
-2163
1809
5067
7599
7671
6630
5127
2505
-165
-2166
-3555
-4422
-5469
-6252
-5904
-5100
-3645
-1293
-2319
-4428
-6804
-8505
-8463
-8463
-7005
-5409
-4023
-2994
-2565
-2988
-3810
-3660
-3714
-4395
-5274
-6351
-6855
-6870
-6009
-4659
-3291
-1980
-765
177
786
1359
1929
2226
2112
1980
1623
948
441
150
1320
2982
5361
7467
8910
9714
10206
11238
12273
13008
13422
13071
13215
12858
12540
12360
13407
14100
14580
14418
12660
4092
-9270
-20886
-25320
-20658
-10251
357
7989
11130
11772
11496
10305
8202
5988
3768
1512
-1458
-5283
-9045
-11346
-11223
-8202
-3594
435
2790
4356
5160
5142
4518
3477
2253
432
-1362
-2721
-4491
-7317
-11160
-14955
-16854
-15693
-11958
-6831
-2637
30
1047
822
-348
-2163
-3549
-4626
-6141
-7974
-9744
-10464
-9687
-7560
-4623
-2079
-273
276
249
-57
-249
-3
747
1191
1347
1551
2289
3252
4014
3705
3372
3198
4518
6156
8127
9048
10077
11295
12069
12627
13623
15924
16104
15777
15036
15054
15492
16260
16314
15180
13182
9999
5853
-3126
-14184
-22878
-22317
-14043
-4512
2607
6348
8700
9243
9957
10710
10104
7353
3114
-534
-4113
-7722
-11145
-12174
-10389
-6879
-3378
-537
1326
2469
3444
4416
5391
5130
3516
1116
-669
-2373
-4608
-8106
-12339
-16935
-19344
-17616
-13026
-7575
-3636
-1197
-27
603
573
-549
-1593
-2844
-5286
-8592
-11412
-12228
-11154
-8862
-6282
-4125
-2538
-1728
-1377
-333
1212
2502
2892
2607
1683
453
-282
-318
540
1698
2751
3753
5058
6483
8226
9267
10347
10659
11013
11478
12906
14046
14907
15030
15846
16269
15783
15228
15981
16209
16029
14094
11301
6324
-2340
-13776
-23244
-23484
-15594
-5205
1110
1431
678
2901
7428
10596
11226
10152
8331
5844
2625
-1206
-5457
-8121
-9156
-8358
-7119
-5337
-4161
-3927
-3147
-1152
2316
4971
5160
4137
2949
2286
768
-2667
-8649
-14781
-17229
-16188
-13533
-11310
-10416
-9420
-7431
-4302
-1548
486
1029
921
-246
-2250
-4821
-7047
-7782
-7341
-6366
-5586
-5442
-5304
-4356
-1872
1431
4149
5487
5097
4122
3180
2979
3318
3804
3858
3576
3540
4485
6192
7965
8865
8793
8823
9477
10698
11502
11856
11955
11988
12801
14145
15027
14892
13476
12207
11637
12654
13959
13953
12234
8319
2178
-5193
-10437
-11475
-7848
-2124
1587
816
-2208
-4251
-2649
1632
5451
5862
3309
-117
-2268
-2121
-729
258
36
-816
-1485
-1350
-525
228
141
-582
-1311
-1494
-1332
-1038
-1278
-1932
-2628
-3030
-3000
-2967
-3279
-3924
-4353
-4017
-3108
-2130
-2037
-2892
-3888
-4164
-3492
-2535
-2199
-2874
-3966
-4653
-4299
-3246
-2007
-1500
-1863
-2472
-2943
-2895
-2436
-1914
-1686
-1638
-1596
-1371
-1083
-483
-171
-441
-729
-744
-555
-39
384
558
528
555
654
663
879
1335
1731
1836
1755
1569
1575
1935
2424
2763
2985
3072
3066
3117
3189
3126
2889
2664
2556
2637
2901
3276
3639
3897
4035
4128
4170
3987
3384
2286
948
-15
-132
504
1161
1173
378
-705
-1266
-981
-279
177
-87
-756
-1398
-1698
-1689
-1527
-1485
-1638
-1920
-2250
-2460
-2367
-1854
-1119
-447
-87
66
36
-45
-318
-897
-1701
-2499
-2823
-2448
-1959
-1857
-2256
-2937
-3225
-2793
-1938
-1299
-1422
-1992
-2604
-2670
-2124
-1302
-867
-864
-1275
-1734
-1830
-1413
-681
135
627
648
264
-222
-378
9
627
948
1089
1038
900
852
1203
1464
1779
1836
2064
2298
2745
3237
3354
3189
2736
2418
2352
2688
3120
3378
3420
3540
3999
4872
5394
5415
5238
5046
5721
6597
6849
6210
5400
5106
5784
6858
7485
7230
5901
3489
102
-2772
-3729
-2490
-573
9
-1317
-3096
-3729
-2535
-966
-39
-402
-906
-648
285
744
462
66
-3
588
1170
993
123
-786
-1332
-1500
-2271
-4080
-6834
-9021
-9837
-9402
-8235
-7737
-8076
-8574
-7854
-6060
-4005
-3153
-3843
-4674
-4728
-4356
-4176
-4557
-4965
-5286
-4818
-4137
-3666
-3051
-2181
-546
1092
2415
2895
3207
3195
3186
2964
2817
2256
2616
3915
5034
6210
6885
6921
8316
10683
12471
13686
15726
16416
15693
15255
15372
16329
18954
21822
22803
21645
21702
21876
21381
20595
17256
12705
2619
-8982
-22374
-28656
-23520
-12564
-3504
-1680
-3096
-2565
2253
10251
14454
15705
14187
12480
10233
5955
897
-4191
-6891
-8676
-10278
-10626
-11097
-11364
-11064
-8874
-4794
-219
1263
-1410
-4698
-7749
-8493
-8928
-9186
-10926
-12543
-13257
-13791
-13947
-13227
-11565
-9339
-7983
-7059
-7557
-7725
-7656
-6489
-4665
-3594
-3234
-3732
-3465
-1671
1281
3423
3144
1608
111
288
2085
4044
5478
6984
7557
7242
8217
9045
10854
13200
15405
17988
18999
19818
19710
19047
19662
22974
28863
-32644
-32392
30588
24249
20367
14841
3672
-18450
26605
22333
-31368
-14994
-5391
-1818
-1068
3138
12741
20373
23436
20928
17613
13455
8247
1875
-5520
-11679
-16770
-18417
-16008
-12531
-11793
-12240
-9888
-4365
4173
9657
10920
9258
6792
3408
-2316
-9081
-17910
-23754
-26997
-28077
-25674
-21681
-17004
-12648
-7380
-1647
1344
1650
-399
-2790
-5160
-7794
-10869
-13965
-14793
-12795
-8805
-4347
-372
2919
5733
6666
6306
4263
2727
1266
435
1221
3534
6702
8085
10725
12582
15651
18786
21348
20976
19662
19311
18684
19251
24585
28935
30795
30504
28395
26667
26181
17394
-312
-26661
17812
17926
-30504
-10953
-1332
1305
2400
4467
11883
18366
21786
20124
17106
13470
7920
894
-8568
-16200
-19779
-18393
-14667
-11433
-10755
-11430
-7911
-1209
6378
9696
10884
10122
7776
4875
-984
-10221
-21444
-30855
29410
32188
-26385
-20682
-16527
-12279
-6366
-687
3441
4866
2469
-1173
-6345
-11514
-15975
-18117
-17331
-14064
-9807
-6252
-2463
1635
5748
8328
9153
6822
2955
345
-198
2502
5880
8694
7968
7947
10581
13368
17334
23325
24336
23283
21360
22551
27150
31593
-30646
-28681
-30967
31089
26670
9684
-16677
22507
7555
16468
-27420
-7788
363
2001
4092
9348
18696
26532
28644
24177
17748
11304
3576
-6069
-16341
-23478
-25173
-21375
-16923
-14010
-12669
-10362
-4014
5553
13296
15942
14832
11472
6921
786
-6540
-15657
-25821
31501
28648
30763
-28191
-21168
-13995
-7197
-759
3324
5283
4827
3069
-645
-5562
-11610
-16650
-19083
-17304
-13233
-8070
-3795
12
3480
6948
8733
8370
5688
3306
1788
2757
5304
7194
8784
11580
13845
16221
18843
22389
24417
24963
24222
23382
25485
30018
-31579
-30964
32379
28764
20781
321
-28797
16345
14422
28141
-17808
-3720
1914
270
3579
12228
20700
28065
27798
21825
15138
7467
-1020
-10413
-17820
-22002
-21315
-18039
-15012
-14985
-13980
-9177
-1734
7413
13407
14529
10536
4614
-2967
-10326
-16788
-21717
-24723
-25494
-24648
-23019
-21159
-17652
-11349
-4173
1005
2646
576
-2772
-5706
-6810
-7392
-8652
-10398
-11109
-9477
-6270
-2433
894
4038
5925
7287
7299
7236
6642
7308
8130
8826
10755
11547
15384
17670
18699
21465
25404
27837
28611
31071
30252
29976
31101
30123
26550
19155
-1845
-29889
17173
17005
30907
-17094
-4122
-678
-3225
318
9414
18888
27657
28500
22869
16356
7851
-1365
-9213
-15531
-18768
-18429
-17151
-16341
-18642
-18300
-12960
-4452
5721
12489
11883
7716
282
-6204
-8931
-12393
-15864
-19692
-24303
-26865
-27387
-24051
-17910
-10821
-4956
-2325
-2730
-2877
-2715
-1749
-1041
-2646
-6084
-9345
-10353
-7800
-3849
210
3009
4029
4767
6612
8799
10836
12306
12735
12612
12336
14973
17307
21594
23142
26370
26841
27891
30654
-32107
-31609
-32686
30132
27360
8730
-19698
25954
19339
26815
-21198
-8715
-6180
-9858
-9678
-285
12264
25065
29442
26583
21525
15777
8817
2238
-5409
-11496
-14499
-16665
-18591
-22986
-25749
-23631
-15813
-4911
4002
6201
5709
3681
2367
1230
-3279
-7986
-13566
-17589
-20070
-22344
-24636
-24864
-22266
-17241
-12051
-8346
-6297
-5040
-3147
-288
1536
1116
-957
-3291
-3699
-1764
711
3402
4836
5643
6699
7728
9591
11319
12873
15918
18675
20238
23262
26298
28227
29271
-32617
-31774
-31546
-31918
29661
25584
21279
3783
-19458
30382
27781
-29817
-16818
-8652
-9492
-12177
-9393
525
11286
21957
24528
21765
18048
15156
11802
7296
1896
-4512
-8964
-13827
-17736
-22809
-25770
-24297
-18561
-10944
-6699
-5649
-7845
-6996
-4545
-1086
-396
-2628
-7251
-11229
-13017
-13626
-13884
-14913
-15513
-16158
-16122
-15177
-13323
-10593
-7845
-4815
-3189
-2466
-2289
-795
2037
5913
8745
9795
9423
10068
11622
12384
13401
13635
15495
17034
18846
22332
22911
25272
29328
31242
-31087
-30301
31425
29691
22377
2001
-18486
-28713
-27894
-22407
-13905
-13038
-17439
-17973
-11274
-696
9543
19764
21207
20469
18288
17097
13932
11622
8781
5055
-393
-7629
-14142
-21492
-23193
-21783
-18213
-15723
-14280
-14664
-14187
-13785
-12189
-8217
-6222
-4464
-5865
-8763
-10956
-10479
-9486
-8913
-8913
-11103
-12732
-13479
-11322
-9054
-6000
-4968
-4725
-4830
-2799
525
4737
8685
10272
11142
11613
14091
16974
17925
18660
18870
19587
22959
25671
27282
30672
32055
-32443
31590
27057
25710
11937
-7389
-20622
-22707
-19992
-14040
-12327
-16302
-20379
-17286
-9039
-2376
7878
15705
19419
20013
19212
17562
16101
17052
15861
11370
3207
-3654
-11466
-17037
-19161
-19242
-18393
-18054
-16530
-19014
-20280
-19509
-14862
-9951
-5625
-5502
-7140
-7869
-6984
-4824
-4164
-4371
-6576
-8727
-11094
-12033
-11511
-9645
-7248
-5769
-4575
-3147
507
3429
6639
8070
9732
11565
15024
17853
19158
20790
23025
25059
27012
29037
30192
31596
-32503
31974
28215
24657
7917
-11751
-19896
-20619
-18561
-15699
-16848
-20514
-20682
-16491
-9969
-5922
4020
11673
15630
15333
14361
14382
15963
20391
20376
15441
9039
3945
-2652
-7368
-10137
-11997
-12879
-15792
-19020
-24894
-28236
-28434
-23718
-19359
-15225
-13293
-11742
-8499
-4119
-123
1815
3255
1767
-363
-3390
-5100
-5778
-5598
-6213
-7782
-7815
-5424
-591
2886
4860
5346
7785
11307
15723
18174
20130
22395
24144
27633
28797
29937
31746
31272
30864
30735
21483
6546
-7110
-10194
-8862
-12813
-14952
-21153
-24810
-23280
-20517
-19161
-14199
-4146
1386
4491
6114
10206
14790
21903
24441
23937
21750
18942
14664
6906
1704
-2151
-5235
-10377
-17427
-25542
-30378
-31851
-31530
-28734
-26220
-22761
-20241
-16746
-12642
-7074
-1899
1425
2730
1947
1812
1941
2379
1977
1479
207
-186
555
1986
3594
4170
4266
4464
6222
6810
8475
11277
15021
18036
21000
24081
26547
30117
31518
32409
-31219
25866
13323
3354
1263
-387
-6237
-10878
-16014
-21183
-22395
-24720
-25689
-20634
-11496
-8097
-6369
-3519
1206
6483
12120
14577
16857
19233
19281
16449
12693
12351
12594
9669
1350
-5856
-11163
-15549
-19695
-24639
-26694
-26292
-27375
-29148
-28329
-25122
-19227
-15225
-12606
-9363
-4632
-540
1431
3579
5343
8310
9609
9510
9897
11268
11214
9531
7593
7674
8325
9282
9762
11454
14016
17094
19275
19173
22227
25134
23655
27003
20703
9816
4416
4962
2970
-3750
-4371
-5166
-12048
-13812
-15645
-18282
-14061
-8484
-10290
-10563
-7545
-4755
-3420
-1818
2241
5052
7104
8004
6795
7482
11376
12618
10122
6909
4164
1491
-3864
-9054
-11820
-14325
-16791
-20217
-24474
-23400
-23109
-21555
-20193
-17628
-13317
-9759
-7479
-4326
-333
2643
4839
5703
7707
10623
12570
12663
12903
14634
15024
15954
15786
16992
18960
20688
19926
20676
20415
19386
20703
20499
18150
9426
1815
2655
687
-4158
-3708
-4710
-9072
-12186
-15639
-16848
-14445
-10671
-12507
-12705
-10572
-9576
-9372
-8442
-2823
732
3834
5058
5982
7707
9870
9798
7278
7464
6810
2826
-2889
-6180
-7950
-10491
-14508
-17427
-18750
-19731
-19716
-20499
-18939
-16356
-14613
-13752
-11523
-7692
-4884
-2562
-165
3297
6588
9051
10734
13368
16899
18822
19890
20364
22245
23283
23478
22977
23739
23226
21831
20478
21246
19266
11097
5913
6516
4164
-1605
-2274
-3297
-7560
-12219
-14784
-14946
-13596
-11358
-13470
-13860
-11490
-11100
-11622
-9645
-4242
-2628
-804
687
2514
3984
4509
3966
4167
5835
4779
1161
-1551
-2394
-3771
-6771
-9003
-9930
-11295
-13833
-15333
-16008
-14988
-14415
-14514
-13581
-11571
-9609
-8151
-5643
-2139
1080
3357
5337
7764
10611
13572
16221
18255
21291
23352
24750
25869
27783
29073
28098
27510
27294
26790
20460
12699
9153
9258
4722
-2046
-480
-1779
-8730
-13551
-13782
-13386
-13506
-13320
-15222
-13839
-12204
-13449
-13038
-9414
-4896
-4725
-3312
-318
2016
2268
1389
3015
4725
4989
1920
-375
-1347
-3015
-5958
-8199
-8202
-9642
-12003
-14073
-14118
-13371
-13953
-13737
-13104
-11586
-10833
-9639
-7218
-4077
-1653
-222
2109
5031
8094
11277
13551
16062
19101
20367
21750
24792
26694
27855
28641
28641
29751
28578
20031
15585
14475
12954
6378
1815
3042
-1329
-9138
-11970
-11673
-13509
-14787
-15159
-16899
-15789
-16269
-17388
-14925
-10080
-7590
-7056
-4431
-1053
1077
-633
2130
4917
5295
3954
1992
1443
-603
-3735
-6078
-7308
-8541
-11106
-13071
-14361
-14058
-14742
-15204
-14064
-11865
-10725
-9444
-7374
-4938
-2301
-525
1974
4092
6969
9846
12009
15066
17400
19845
22203
24405
27438
28278
29985
30030
30789
30495
21903
17517
16725
13443
6186
3732
3456
-3027
-9825
-11976
-12978
-14772
-15423
-15675
-17721
-16311
-16797
-17982
-15729
-10401
-8472
-7584
-5115
-3039
-1887
-2961
630
3366
4470
3924
2907
2163
723
-939
-3114
-4659
-6042
-8637
-10938
-13128
-12711
-14028
-14880
-14934
-13914
-12864
-11496
-8988
-6504
-3531
-1287
1284
4560
8457
12525
14964
16986
20394
23355
25221
27312
28734
30051
30954
30723
30759
22530
17643
15891
14640
8529
5799
5811
-114
-7887
-11139
-12519
-14310
-14721
-14523
-17952
-17391
-16935
-17724
-17106
-12129
-8982
-8499
-6396
-4038
-1389
-1101
1086
3327
5055
5070
3252
2952
1710
1224
-1155
-3534
-5259
-7965
-10092
-13266
-13842
-14400
-14802
-15087
-15249
-13371
-12216
-9828
-8100
-5190
-1830
648
3462
6576
11406
14649
17748
20400
23964
27696
28659
30768
31914
-32758
-31624
31869
23778
18012
16884
14532
7875
4623
2769
-3006
-10857
-13953
-15759
-17202
-15879
-17019
-21051
-20460
-18813
-18492
-17409
-12204
-8523
-6495
-4314
-2061
804
2724
4734
6684
7557
7998
6555
4953
2484
1590
-1116
-3069
-5997
-9051
-10605
-13257
-14721
-15702
-16143
-15576
-15234
-14052
-13110
-10830
-8712
-5835
-2631
165
4101
7194
12198
16113
19650
23463
26385
29607
31551
32379
-31963
-31876
-31123
31329
23373
15393
14322
11736
5250
1977
-3000
-8568
-13236
-16554
-19290
-20460
-17937
-18615
-22512
-22155
-19737
-16710
-13893
-9129
-7257
-4713
-1263
441
2163
4656
7644
9252
9000
8307
5964
4542
1920
-459
-4110
-6240
-9174
-12612
-15105
-17544
-18336
-18594
-18318
-17259
-16476
-13824
-11535
-8592
-5781
-1938
1728
4881
8157
11445
16017
20145
23388
25521
27195
31659
32331
-31735
-31348
-31969
-31141
31125
21870
12432
10137
8472
3726
-225
-7602
-13902
-17472
-18477
-20982
-22641
-19458
-18846
-21114
-20772
-19128
-15507
-10080
-4122
-3051
-2001
930
3690
6033
7794
8679
9291
10065
8796
5205
1953
-1077
-2415
-5784
-8952
-12822
-16782
-18249
-19728
-20991
-21630
-20973
-19041
-17469
-14412
-12243
-8730
-4473
66
4425
7647
11142
14658
18735
22938
25710
28371
29568
32481
-32296
-31858
-31714
-32518
-32680
-32650
23295
12501
6843
5658
3615
615
-5970
-14271
-20841
-21501
-21567
-22269
-20907
-19581
-21270
-20235
-18240
-15855
-10896
-2898
1170
2481
3321
4377
7005
10899
11556
10941
8994
8151
5769
2487
-1266
-5397
-9657
-12099
-15051
-19239
-22203
-23373
-23856
-23211
-22362
-21552
-19860
-15255
-10317
-6291
-2619
1050
5388
9624
13668
16686
18639
22554
25491
28068
29073
31416
32358
31263
-32548
31863
29994
29847
26271
19020
7275
2265
1032
186
-345
-7596
-18048
-23889
-23598
-22257
-21051
-18213
-19752
-20793
-18282
-14571
-10635
-5520
312
2955
5061
7614
7743
9318
12384
12429
10287
7824
4641
-132
-2886
-5898
-10539
-14805
-18093
-20895
-23721
-24624
-24927
-25695
-24468
-22191
-20280
-17643
-13119
-8943
-5160
-441
3756
7602
12054
16560
19203
22029
25299
27573
29355
31524
32178
32733
-32542
31725
30498
29016
28881
26826
17427
5391
-1269
-4092
-3960
-2907
-9192
-19206
-25719
-26943
-23547
-18654
-14826
-16041
-18663
-16602
-11649
-6078
561
5382
6054
7104
8853
8718
9837
11850
10842
8697
6117
2229
-3432
-7014
-9180
-12591
-15636
-18684
-22494
-26079
-26760
-25881
-25794
-24045
-22206
-21450
-18627
-13275
-8415
-4221
111
3552
7092
12438
17322
20301
22059
24966
26328
28815
30168
31086
31779
31392
30558
29172
28155
27171
25806
17208
7881
945
-4083
-4260
-2898
-5022
-12306
-22671
-27162
-25701
-19776
-13152
-11835
-15231
-16506
-14034
-8742
-519
6681
8262
8379
8688
9561
11295
13608
14478
10929
7461
3885
-1188
-5265
-8223
-12084
-17733
-20640
-23448
-27192
-27957
-27180
-26601
-24363
-22419
-20961
-19371
-15501
-9411
-4896
-225
4071
5895
9753
14709
18183
20859
22761
24348
24300
25854
28446
27726
26901
26901
25575
26091
25224
23943
23499
15252
7965
-651
-5742
-4713
-3657
-3846
-9579
-19902
-24957
-24696
-19437
-12855
-9168
-12483
-15450
-14904
-10494
-2037
5574
8682
8805
7527
8529
9885
12723
14775
13308
9666
4602
0
-4158
-6459
-10611
-15579
-15561
-23178
-25605
-25689
-29220
-25458
-25617
-23613
-20649
-21129
-15741
-10764
-7509
273
3417
4743
9468
13629
17598
21255
22953
23115
23244
23940
25851
27111
27024
26010
25287
22734
23238
23163
21228
21669
14502
4116
-2715
-6477
-5622
-4059
-4584
-10116
-20088
-25152
-23283
-18276
-11514
-7737
-10560
-14892
-14559
-9822
-2952
4089
7575
6990
4479
4668
6633
9330
12141
12489
8793
3114
-411
-4287
-6699
-8190
-10326
-13584
-18429
-22395
-24342
-25101
-22710
-20214
-18951
-18612
-17688
-15357
-11166
-5670
-597
2886
4626
6486
9972
14031
17808
20391
21258
21693
21588
22986
24486
25113
25965
25128
24624
23991
23340
22770
22386
20079
14685
3645
-3123
-4869
-3216
-1785
-2694
-9030
-17142
-22422
-20406
-14022
-8676
-7269
-10692
-15240
-15870
-11547
-4140
2070
3414
2358
882
1338
3888
7494
10155
10473
8271
5295
2010
-1143
-2403
-4215
-6012
-8724
-12327
-15579
-17370
-17022
-14772
-12399
-10638
-9495
-8427
-6441
-2751
1869
5679
8100
9426
11241
9696
11691
14361
16320
17271
12237
12615
11559
13230
14046
12729
9579
9807
6945
7074
7167
5319
5265
4236
3963
3666
2760
1632
852
-576
369
1545
2868
2541
258
-1881
-2832
-1845
96
1242
177
-2307
-4914
-5556
-4176
-2001
-1134
-2283
-4560
-5847
-5529
-3927
-2292
-1920
-2721
-3888
-4179
-3951
-1860
-1269
-1560
-1566
-2274
-2010
-1101
-495
-156
-1089
-2196
-2679
-2556
-1983
-1839
-2280
-3048
-3807
-3834
-2901
-1845
-1128
-1134
-1608
-1770
-1536
-690
105
339
102
-441
-906
-720
-177
432
816
897
831
834
1338
2232
3150
3804
4089
3966
3810
3672
3786
4302
4548
4323
3690
3156
3189
3774
4338
4269
3438
2352
1458
1065
1263
1425
1200
435
-552
-1215
-1320
-1062
-774
-729
-1068
-1623
-1656
-1422
-1098
-1008
-1311
-1875
-2577
-3027
-3120
-3204
-3168
-3327
-3744
-3927
-3855
-3360
-2793
-2211
-1641
-1479
-1692
-1872
-1914
-1812
-1548
-1332
-1245
-1155
-1080
-837
-480
-132
66
348
414
234
141
117
378
708
864
1044
1143
1344
1680
1989
2361
2955
3564
4071
4668
5268
5811
6222
6414
6306
6111
5994
5943
5757
5592
5283
4755
4074
3534
3198
2895
2955
2628
1929
1128
432
93
240
204
-231
-897
-1368
-1629
-1641
-1320
-990
-1074
-1383
-1635
-1842
-1866
-1884
-1950
-2160
-2337
-2340
-2415
-2334
-2208
-2301
-2436
-2406
-2157
-1740
-1236
-783
-693
-792
-1080
-1362
-1380
-1356
-1413
-1923
-2670
-3261
-3498
-3255
-2697
-2115
-1860
-1782
-1482
-858
276
1482
2337
2826
3021
3192
3564
4083
4692
5232
5571
5760
5781
5847
5985
6102
6063
5805
5271
4893
4908
5205
5676
5688
5070
4092
3180
3003
3381
3882
3813
2892
1434
216
-486
-648
-1284
-5445
-11031
-13398
-12789
-11025
-8838
-7302
-6594
-4992
-3972
-2559
-1887
-1929
-1350
-2268
-3279
-4143
-2988
-465
1374
336
-3063
-5655
-5913
-4659
-4155
-4713
-5469
-6894
-8031
-8448
-7923
-4788
-4269
-4773
-4962
-4728
-2166
-999
-1440
2457
3198
2442
5271
4089
5271
5526
7680
9156
8721
10500
11991
12990
11958
13281
15312
16167
16371
16092
16410
16731
14391
9684
5625
4008
5592
6363
5877
2298
-2703
-7149
-9378
-7689
-4350
-3057
-5337
-8946
-11391
-10977
-7749
-3987
-1197
-192
-1149
-2112
-1545
801
3417
4560
4557
2589
-3
-2163
-3786
-3633
-3288
-3765
-5793
-8982
-11988
-13818
-13941
-12807
-11685
-11934
-12915
-13977
-13794
-11466
-8559
-5556
-3912
-2967
-1995
-651
1689
4785
7146
8868
9369
9582
10362
11847
13803
15678
16104
16191
16656
17364
18501
19041
19929
20502
19995
20115
19995
18516
15051
7683
2535
921
1590
3873
2781
-957
-7371
-13464
-14547
-11550
-6849
-4446
-6135
-9507
-11724
-11895
-8181
-2838
972
2832
2157
1521
2241
3846
6117
8043
9303
9678
8466
6408
2319
-993
-3027
-4848
-5616
-7245
-10338
-14025
-17907
-20055
-19728
-18075
-16245
-15546
-15618
-15465
-14478
-12135
-8883
-5487
-2211
258
1998
4014
6099
7794
9699
11313
11919
12561
13317
14793
15477
16068
16275
16662
17046
17241
18753
19290
19842
20355
20388
20952
20946
17775
10998
5028
1101
1503
2934
3654
2001
-4740
-11496
-15774
-15255
-11022
-7572
-6459
-7812
-11013
-12606
-10824
-6354
-1419
1419
2661
2835
2793
3738
5586
7134
8130
8358
8559
8850
7143
4356
660
-3606
-6693
-9996
-11694
-13032
-15789
-18552
-21327
-22935
-23007
-21849
-19455
-17157
-15699
-14307
-12771
-11310
-9207
-6165
-2337
1137
3618
5403
6426
7107
7722
8904
10635
12513
13902
15234
15447
14838
14577
15453
17022
18174
19713
20619
20022
19389
18483
18567
19311
16839
12099
6087
1320
27
-114
1620
1725
-2760
-8400
-13140
-14532
-12513
-9021
-6579
-6471
-8829
-10458
-9672
-6846
-3027
252
2580
3585
3780
4911
5799
6267
6960
7386
7797
8124
7803
6687
3630
-192
-3090
-5991
-8598
-11217
-13905
-16800
-19329
-20646
-21012
-21336
-21459
-20619
-19239
-17283
-14817
-12456
-10710
-9516
-7419
-4239
-846
2496
5094
6423
7074
7734
8766
9933
10815
11643
11961
11802
11574
11670
12672
13470
14244
15690
16311
17301
18990
19656
19812
19941
20754
21405
18336
12036
6501
2073
378
1956
3582
2775
-2223
-7659
-12189
-14463
-12765
-9282
-7449
-7662
-9297
-10866
-10977
-8976
-5469
-2061
-213
1611
3003
4173
4914
5580
6123
6459
7017
8244
8256
6990
4704
1425
-2349
-5334
-7632
-10554
-14913
-18549
-21375
-23364
-23604
-22944
-22878
-22998
-22503
-21090
-19392
-17094
-14541
-12831
-11382
-8883
-6120
-3555
-951
1239
2385
3414
5136
7233
8256
8652
8841
9066
9600
10260
10803
10683
11523
12075
12585
13965
15258
16395
17133
17424
18621
19341
20367
21996
19260
14286
8439
3438
1071
1248
3162
2277
-2883
-8376
-13785
-17037
-16317
-13011
-11436
-11619
-13206
-14940
-15306
-13173
-9198
-5841
-3684
-1317
-18
1467
2964
4200
4971
5142
5787
6861
7005
7059
5532
2568
-984
-3666
-5973
-8832
-12399
-16737
-21333
-24636
-25554
-24879
-24222
-23544
-23139
-22896
-21924
-19743
-17139
-14505
-12039
-9354
-7146
-4647
-2082
-93
1503
3150
5070
6978
8889
10086
9858
9543
9327
9570
10578
11658
12750
12849
12480
12624
13626
15045
16689
18396
19482
20793
21387
21027
21876
22410
23286
20643
14736
10263
5115
2787
3426
4035
2283
-2400
-6870
-11973
-14313
-12480
-10890
-9417
-9012
-9225
-10287
-9834
-6867
-4665
-1962
867
2550
4053
5331
6879
7098
7515
8463
8895
9735
10488
10332
8934
6702
4911
2724
1065
-672
-3642
-8382
-12663
-16083
-17559
-17352
-15942
-15351
-15525
-15573
-14958
-13569
-10785
-7830
-5505
-3555
-1431
378
2013
3594
5295
7014
9306
11640
13314
14298
14550
13824
13320
13878
15249
16194
16746
16341
15777
15339
16137
17457
18507
19677
20220
21162
22128
23151
23973
24264
25428
26316
27624
25158
20109
14736
9432
7053
7575
9069
8226
4095
-549
-6528
-10041
-8802
-6774
-4845
-4269
-5565
-8160
-9147
-7227
-4749
-1512
1863
2982
3699
4884
6519
7851
9897
11493
11892
12264
12675
12327
11817
10440
8643
6492
5139
4107
1791
-2034
-6696
-11817
-14538
-15297
-13818
-12675
-12378
-12885
-14091
-13860
-11580
-8922
-5592
-3276
-1947
-1017
162
1836
3783
5721
7824
9267
10698
11751
12159
12342
12081
11787
11694
11955
12249
11895
11421
11115
10998
11622
12660
13749
14526
15297
15888
17118
18267
19482
20352
21276
22017
22833
23649
24198
21675
16923
12558
8301
6471
7104
7434
5433
990
-4455
-10308
-12720
-10965
-9303
-7851
-8109
-10878
-13875
-14337
-12363
-9453
-5457
-2835
-2880
-2616
-1851
-756
1449
4203
5769
6387
7044
7113
6651
6771
6363
5370
4851
4344
3087
1002
-2463
-5769
-9852
-10881
-11280
-11082
-10362
-11454
-13395
-14391
-14553
-12699
-10161
-7560
-5991
-5598
-4983
-4029
-2241
234
2202
4065
5511
6882
7971
8328
8466
8214
8259
8571
8649
8472
7848
6837
5823
5361
5592
5577
5931
5985
5775
5766
5886
6354
6993
7713
8598
9078
9669
10200
10683
11274
11811
12171
10887
8721
5505
2931
1080
591
1251
585
-1251
-3792
-7401
-9885
-10530
-9978
-9333
-8940
-9612
-11724
-13134
-13275
-12870
-11112
-9246
-8694
-8745
-8748
-8700
-8028
-6162
-4644
-3672
-2529
-2202
-2154
-1539
-1074
-873
-705
-600
-819
-1044
-1500
-2862
-4812
-6351
-7920
-8601
-8250
-8244
-8742
-9798
-11148
-12156
-12126
-11079
-10053
-9123
-8454
-8436
-8067
-7236
-6120
-4929
-3831
-3273
-3000
-2805
-2637
-2256
-1656
-1365
-1278
-1374
-1731
-2106
-2286
-2565
-2496
-2475
-2247
-2136
-2244
-2088
-2004
-2025
-1455
-873
-393
12
276
432
828
1494
2370
3174
3699
4014
4434
4845
5205
5709
5229
4461
3333
2346
1800
1791
1785
1005
-336
-2010
-3831
-4944
-5298
-5439
-5763
-6459
-7602
-8958
-9534
-9453
-9030
-8202
-7743
-7854
-7854
-7890
-7584
-6693
-5481
-4575
-3990
-3570
-3591
-3564
-3315
-3183
-2853
-2628
-2661
-2994
-3336
-3648
-4230
-4755
-5268
-5775
-5982
-6021
-6177
-6321
-6393
-6411
-6294
-5850
-5382
-5055
-4806
-4683
-4713
-4596
-4344
-3978
-3561
-3252
-3411
-3864
-4302
-4551
-4281
-3381
-2211
-927
-711
-1287
-1953
-2973
-3297
-2580
-1503
-285
672
486
15
-300
-114
1005
2187
2970
3390
3042
2532
2343
2484
2940
3423
3498
3117
2478
1962
1848
1983
2265
2589
2532
2292
1893
1308
906
801
867
792
579
183
-372
-846
-1266
-1494
-1500
-1506
-1674
-2007
-2511
-2910
-3153
-3423
-3585
-3771
-4002
-4323
-4656
-4842
-4827
-4770
-4584
-4530
-4593
-4686
-4734
-4659
-4473
-4296
-4233
-4269
-4440
-4596
-4542
-4374
-4110
-3882
-3741
-3687
-3651
-3528
-3189
-2826
-2496
-2286
-2163
-2175
-2163
-2103
-2052
-1998
-1926
-1866
-1995
-2220
-2283
-2280
-2136
-1854
-1740
-1896
-2142
-2346
-2349
-2211
-1962
-1773
-1761
-1824
-1854
-1767
-1473
-1122
-876
-771
-651
-540
-387
-207
-30
132
240
291
471
720
873
849
858
903
957
1059
1161
1329
1470
1563
1617
1641
1791
2007
2238
2367
2547
2769
2853
2934
3069
3150
3291
3387
3357
3252
3087
2976
2901
2799
2643
2373
2058
1722
1332
1041
732
453
183
-102
-435
-873
-1353
-1761
-1953
-1962
-1902
-1959
-2088
-2223
-2325
-2337
-2226
-2058
-1872
-1656
-1479
-1362
-1200
-957
-603
-243
138
339
423
492
489
531
660
831
795
588
462
366
351
525
609
585
420
306
183
195
369
444
306
192
129
189
306
390
423
453
594
777
1032
1359
1674
1866
2028
2142
2307
2562
2862
3072
3132
3159
3258
3402
3582
3672
3711
3846
3924
3960
3885
3768
3606
3435
3321
3339
3519
3645
3648
3630
3675
3633
3708
4017
4362
4740
4980
4980
4941
4935
4959
4893
4734
4527
4170
3720
3198
2718
2385
2139
1887
1626
1377
1110
765
381
207
111
243
336
360
234
141
63
-3
141
375
507
531
393
48
-309
-492
-630
-618
-678
-771
-882
-1098
-1206
-1287
-1290
-1143
-1071
-1020
-1029
-1029
-924
-720
-336
105
384
507
612
705
861
1002
1116
1161
1170
1212
1317
1449
1560
1626
1641
1767
1881
2070
2355
2538
2559
2403
2121
1782
1674
1839
2007
2010
1932
1764
1560
1569
1761
1944
2067
2016
1818
1665
1575
1668
1764
1743
1635
1404
1218
1185
1302
1377
1482
1497
1491
1530
1674
1884
2058
2154
2235
2355
2595
2769
2817
2712
2571
2544
2646
2808
2811
2748
2568
2307
2130
2151
2286
2421
2442
2304
2064
1914
1920
2007
2076
2091
1920
1656
1464
1425
1458
1602
1590
1404
1083
753
513
312
252
330
360
246
69
-87
-183
-114
15
147
276
402
408
429
600
576
591
495
402
372
321
366
324
153
-45
-687
-1206
-1362
-951
-339
-279
-1362
-1731
-1917
-2376
-3468
-2784
-1362
432
-1716
-5103
-777
3675
5382
4140
879
2508
6426
6555
5001
2334
2547
5652
6702
4200
1785
1953
3366
2772
2346
285
-3417
-1839
3162
2253
-141
-3543
-3708
-345
-1860
-2484
-2667
-435
1707
903
834
1845
3735
5688
4611
4602
5388
6651
7809
6507
6255
6852
6486
7200
6246
5199
5022
5430
5538
4455
3804
4077
4023
3699
3132
3060
3045
2454
2289
1191
1110
1530
1212
564
-426
-129
-6
-591
-315
-1260
-864
-651
-993
-1257
-1593
-1083
30
156
-858
45
-1692
-6306
-6582
-2289
-15
-2781
-4749
-4551
-1563
-186
-3414
-4212
-1992
1161
309
-738
-1362
945
1974
1305
-27
1326
2061
2637
1413
1050
1686
2199
2463
1986
573
1929
4698
2661
1059
1446
3645
4257
3363
2841
3354
4275
5415
4665
4758
5103
5511
5172
5580
7761
6687
4833
5745
6525
7365
7839
6258
6360
7905
8358
8361
6888
8274
10389
9597
10194
8976
8355
9987
9807
7320
5160
5547
6612
4941
2787
1698
975
96
-1134
-2967
-3282
-2556
-4749
-6387
-6135
-5556
-5655
-6228
-5583
-4689
-4110
-4392
-4728
-3408
-1590
-444
-2040
-2418
-1251
-1035
-1974
-2688
-2103
-2616
-3300
-4020
-4800
-4611
-6102
-6120
-7443
-7959
-8016
-8634
-7929
-7758
-8331
-8679
-7854
-6276
-6051
-6009
-5199
-3576
-2052
-1521
-774
336
1566
2946
4287
4605
4542
5040
6030
6378
6714
6810
7449
7383
7011
7185
7023
6972
7950
5421
3489
6192
7881
6729
4617
5976
9129
12153
8340
7629
9462
14898
15120
13074
13104
16608
17412
16767
15561
15774
13350
10281
7833
7560
5709
3645
1845
-2547
-5358
-6462
-7470
-9753
-10011
-10902
-11898
-13542
-13422
-12999
-10878
-9699
-8877
-7938
-5724
-3930
-2559
-891
1335
2802
3942
4776
5061
5742
6468
5811
3954
-237
-276
-3765
-4083
-8322
-10140
-12060
-14520
-15915
-16764
-18051
-16401
-16926
-16140
-17076
-15918
-13137
-11289
-9360
-8313
-5985
-4107
-2088
-210
828
3075
4479
5208
6321
6222
7209
6735
6555
5499
4866
4461
4098
3168
2847
2595
3024
3444
4248
4497
6195
7551
9813
10929
11439
11466
14829
18429
19074
17610
19860
22236
24087
23370
22620
23433
24264
24342
21618
12513
9759
7974
8880
657
-4830
-4512
-8022
-12282
-15282
-17343
-16602
-15714
-14934
-18279
-17847
-13830
-10356
-9033
-7563
-4188
-927
2049
4341
4839
7686
10659
11925
10578
9402
10836
9669
8187
6156
3324
117
-2817
-8781
-14238
-16872
-17949
-19398
-23151
-25038
-24414
-24633
-22104
-20913
-18639
-15447
-12801
-11187
-10038
-7167
-3225
-1371
-252
333
1389
2745
3639
3273
2604
2943
3378
2544
1488
1083
747
6
-660
-1050
-1176
63
1287
1998
3615
5715
7077
9111
11043
14100
15807
17229
18816
17370
21012
21711
24129
22959
23970
22746
23949
24099
23145
21411
21060
19761
17901
13956
6684
309
303
-747
-5076
-10326
-11742
-13164
-14925
-14421
-16479
-15795
-11709
-9642
-10476
-10335
-6285
-2208
117
2220
3501
5220
7260
9192
8247
7944
8982
8796
7098
4581
2553
783
-447
-2052
-4983
-7749
-9540
-11265
-14136
-16665
-18516
-20412
-20895
-19458
-18963
-18564
-16875
-14649
-11298
-10158
-7536
-6426
-4407
-2598
-1989
-1953
-1539
-1260
-1038
-2133
-2409
-3132
-3072
-3060
-2988
-3390
-3063
-2718
-2067
-1773
-1164
-555
-57
1398
2796
4335
5652
7239
8949
10674
11862
13884
14766
16872
18174
18885
18903
17823
19131
18957
20919
19617
19350
20808
19488
20442
18033
17181
18627
16851
16122
11121
3042
-867
411
507
-5349
-10038
-10857
-11502
-11631
-11895
-13875
-13077
-8622
-6831
-8079
-7041
-3990
-735
1857
3039
3690
4923
6978
7770
6063
5436
5730
5115
3354
1239
-1833
-3000
-3327
-5241
-7593
-9156
-9849
-10440
-12138
-13368
-16005
-16068
-14448
-16098
-17919
-16938
-14223
-12207
-11487
-10656
-10152
-7800
-5358
-5427
-5868
-5235
-4065
-4533
-5751
-6120
-6654
-6171
-5562
-6078
-6246
-5076
-3642
-2760
-2409
-1410
216
1293
2409
2853
3309
4755
6363
7119
7167
7965
10377
12612
13089
13434
13698
15408
16818
16374
18447
17523
19044
18480
17298
18900
19704
20622
19620
18165
16836
16932
16944
14088
8952
579
-4080
-1917
-4482
-8151
-12300
-14808
-13902
-13227
-12810
-14415
-13338
-8757
-6648
-4791
-3927
-1581
2031
4863
6492
5178
7269
8844
8862
7569
5295
4572
3273
1500
-1659
-5433
-6396
-6651
-8151
-9744
-10635
-10677
-9204
-9405
-9828
-11358
-10926
-9669
-11400
-12870
-11688
-10203
-9432
-9822
-10242
-9588
-8343
-6834
-8355
-9660
-9408
-9339
-9348
-10011
-10461
-10020
-9402
-8121
-7677
-6138
-4092
-2715
-1416
369
2025
3471
3852
3522
3702
5379
6969
5880
5067
6312
8061
9891
10116
9867
11181
14277
16875
16908
15516
17205
20406
20667
20121
18087
18795
21105
20598
21645
19692
19332
19173
17685
16257
13590
8346
2766
-1542
-2727
-4623
-7323
-9252
-11121
-10503
-9240
-6768
-6087
-4233
-2430
-1485
573
1479
1773
2766
1830
1854
726
615
-651
-2532
-4221
-5277
-6039
-6462
-7698
-8457
-8949
-8070
-7107
-6228
-5157
-4593
-2817
-2046
-2070
-2115
-2658
-3336
-6180
-9486
-10710
-12624
-12093
-13752
-15123
-15075
-14214
-12069
-11256
-10935
-9951
-8640
-7143
-6726
-7014
-6561
-6087
-4995
-5445
-5031
-4545
-3276
-2340
-2184
-1809
-300
672
1266
735
981
1746
3174
4134
4068
4932
6414
8706
10782
12504
14178
14808
15786
17205
19083
19044
19536
19674
17859
18744
18876
19995
19824
20022
18570
18102
17808
17325
15987
13830
12312
5925
426
-1308
-2091
-4044
-6282
-9075
-10446
-8010
-4851
-5565
-5253
-4518
-3462
-1704
-699
-1338
-1884
-1083
-255
-1566
-1683
-2751
-2592
-3123
-4395
-5802
-6339
-5280
-5463
-6006
-6114
-5901
-4515
-3789
-3492
-3678
-3066
-2922
-3552
-4077
-7203
-9981
-11691
-12189
-13092
-14160
-15015
-15813
-14172
-12324
-11124
-10878
-9642
-8652
-7200
-6558
-5748
-5970
-5382
-5223
-5208
-5058
-4326
-3771
-2844
-2613
-2370
-1506
-138
1038
1155
1050
1635
3075
4611
4980
4998
5847
7650
9063
10065
11190
11910
14748
16818
16815
16374
16914
19266
21408
22386
19815
19557
19236
21468
21783
21216
18675
18876
18504
17913
15009
8163
2355
-297
-804
-3276
-6297
-9402
-10614
-7560
-5664
-6321
-6027
-4620
-3447
-2499
-1896
-2487
-1584
-321
-1611
-2811
-3231
-3276
-2913
-3066
-5148
-6543
-6396
-5769
-5655
-5952
-5952
-4944
-3483
-2286
-2025
-1794
-1146
-540
-1206
-2466
-4398
-6204
-8616
-11694
-12942
-13062
-13371
-13950
-13800
-13695
-10287
-8205
-6627
-6570
-5070
-4320
-2844
-3075
-4011
-4785
-5217
-5511
-6132
-6048
-5892
-5130
-4956
-4476
-3771
-1728
-327
357
354
1053
3090
4857
5316
5187
5865
8034
10596
11445
11145
11439
13974
16371
17208
16293
15879
16074
18084
18360
16620
15309
15567
17379
18915
18600
17031
16545
17187
17502
15132
10410
4881
2187
1554
-639
-3192
-5811
-7617
-6618
-5421
-5736
-6168
-6267
-5532
-4419
-3741
-3861
-3069
-2535
-2538
-2922
-2988
-3048
-3081
-2802
-4014
-4824
-5307
-5430
-4974
-4533
-4803
-4482
-3753
-3168
-2316
-1878
-2010
-1998
-2457
-3060
-3783
-5220
-8199
-10812
-12426
-11988
-11859
-12399
-13098
-12783
-10248
-8133
-6852
-6624
-6330
-5877
-4821
-4479
-4866
-5184
-5898
-6048
-5916
-5427
-4932
-4044
-3798
-3366
-2463
-1113
165
1023
1362
1482
2790
4056
5337
6072
6174
6528
7893
9459
10659
11730
11943
12771
14043
15141
15306
16113
16479
16224
17154
17271
17505
17832
18330
17817
17688
16968
15795
14736
12315
8460
4428
2769
1032
288
-1197
-4455
-5400
-5130
-4296
-3507
-4353
-6441
-5973
-4599
-4029
-3207
-4236
-4857
-3729
-2991
-2706
-2754
-3507
-3486
-2862
-3288
-3648
-3897
-3993
-3342
-2706
-2799
-2949
-2598
-2382
-2070
-2112
-2700
-2964
-3063
-3384
-4233
-6213
-8214
-9393
-9405
-9360
-9312
-9567
-9825
-8928
-7674
-6846
-6429
-6645
-6756
-6225
-5649
-5223
-5169
-5541
-5400
-4617
-3966
-3267
-3153
-3177
-2862
-2325
-1704
-993
-258
651
1422
2037
2847
3975
4983
5421
5691
6099
6948
8496
9729
10209
10743
11199
12003
13206
13815
13644
13842
14601
15255
16134
16812
17130
17424
17517
17517
16824
15450
13578
11205
8829
6831
5313
4032
2604
942
-75
-804
-1356
-2439
-4209
-5052
-5274
-5052
-4920
-5481
-6111
-5985
-5316
-4800
-4590
-4986
-5073
-4671
-4452
-4413
-4494
-4416
-3792
-3300
-3123
-3069
-3120
-2889
-2661
-2706
-2817
-3282
-3729
-4167
-4857
-5775
-6522
-7029
-7191
-7170
-7179
-7014
-6837
-6291
-5844
-5898
-6009
-5988
-5685
-5646
-5688
-5733
-5532
-5004
-4401
-3861
-3612
-3180
-2760
-2382
-1902
-1545
-867
-129
516
951
1251
1758
2475
3501
4293
4770
5250
5814
7002
8394
9438
10107
10653
11460
12450
13335
13980
14532
15045
15765
16407
17193
17745
17916
17961
17679
17628
16941
15012
12168
9492
8214
7632
6648
4563
2661
1278
894
120
-1899
-3915
-5283
-4749
-4476
-5109
-6108
-6939
-6405
-5520
-4863
-5280
-5670
-5373
-4986
-4524
-4770
-4749
-4122
-3366
-2736
-2814
-3048
-3000
-2610
-2319
-2406
-2643
-2868
-2862
-3012
-3510
-4422
-5916
-6864
-7518
-7632
-7368
-7464
-7248
-7146
-6663
-6279
-6375
-6600
-6849
-6531
-6204
-6030
-6060
-5991
-5202
-4431
-3738
-3231
-2814
-2133
-1659
-1392
-1236
-744
36
591
1071
1296
1710
2418
3129
3861
4554
5559
6708
7758
8739
9567
10560
11607
12525
13260
13815
14481
15309
16086
16650
17715
18657
19056
18918
17994
16281
13569
11019
9309
8229
7233
5526
3861
2454
1572
420
-1485
-3345
-4791
-5007
-5118
-6012
-7056
-7665
-7212
-6450
-6063
-6108
-6150
-5790
-5223
-4920
-4839
-4728
-4080
-3228
-2661
-2517
-2814
-2853
-2751
-2685
-2784
-3090
-3309
-3474
-4095
-5091
-6012
-6879
-7218
-7464
-7743
-7845
-8124
-7665
-7236
-7095
-7305
-7428
-7056
-6768
-6624
-6846
-6801
-6291
-5466
-4659
-4344
-3987
-3462
-2757
-2046
-1638
-1137
-288
666
1260
1389
1599
2181
2844
3465
3756
4149
5004
6084
7209
8037
8853
9855
10968
11775
12444
13116
14145
15366
16005
16605
17379
18501
19275
19134
18879
17763
16152
13608
10911
9222
8133
7521
5595
3741
2268
1419
339
-1389
-2820
-3906
-3981
-4305
-5115
-5952
-6417
-5967
-5286
-5259
-5613
-5820
-5409
-4617
-4449
-4419
-4128
-3384
-2583
-2217
-2295
-2592
-2235
-2043
-2226
-2595
-2847
-2652
-2637
-2928
-4017
-5493
-6648
-7122
-6990
-7221
-7368
-7578
-7587
-6861
-6525
-6669
-7092
-7074
-6357
-5973
-6222
-6615
-6282
-5409
-4350
-3819
-3552
-2931
-2196
-1485
-1059
-759
-69
936
1776
2244
2580
3078
3882
4506
4725
5190
5955
7005
8001
8814
9645
10515
11601
12834
13698
14304
14772
15510
16242
17139
17883
18087
18306
18414
18351
16923
14709
12123
10041
8898
7602
6153
4074
2628
2094
993
-711
-2817
-3981
-4209
-4461
-5493
-7041
-7572
-7257
-6297
-6120
-6765
-6852
-6447
-5511
-5361
-5820
-5826
-4914
-3621
-3213
-3153
-3150
-2592
-1887
-2082
-2595
-3195
-3312
-2979
-3147
-4266
-5640
-6570
-6891
-7074
-7479
-8046
-8091
-7737
-7398
-7389
-7884
-8049
-7827
-7383
-7335
-7806
-8037
-7611
-6768
-6186
-6036
-5595
-4563
-3330
-2682
-2673
-2352
-1515
-303
585
810
1014
1710
2814
3765
3906
4179
4893
6009
7005
7356
7710
8514
9864
11082
11538
12060
12699
13908
14820
15285
15807
16404
17568
18228
18366
17397
15615
13671
11610
9888
8373
7071
5520
4284
3123
1584
-342
-2109
-3072
-3738
-4710
-5934
-7020
-7581
-7662
-7584
-7620
-7740
-7449
-6648
-6243
-6336
-6498
-6396
-5634
-4674
-4236
-3900
-3402
-2679
-2235
-2565
-2982
-3075
-2907
-2919
-3420
-4308
-5193
-5862
-6615
-7527
-8178
-8667
-8649
-8343
-8499
-8580
-8628
-8241
-8034
-8037
-7875
-7791
-7602
-7407
-7107
-6639
-6171
-5295
-4413
-3687
-2985
-2493
-1734
-1068
-345
297
744
1302
1824
2328
2766
3204
3690
4314
5154
5925
6672
7398
8232
9171
10134
10899
11622
12603
13353
13803
14673
15777
16713
17358
17766
17982
17826
16758
14871
12792
10881
9756
8295
6783
5295
3723
2544
417
-1422
-2991
-4257
-5259
-6612
-7839
-8673
-8808
-8475
-8424
-8511
-8205
-7227
-6417
-6168
-5988
-5829
-4989
-4113
-3585
-3144
-2820
-2328
-1968
-1998
-2400
-2676
-2790
-2799
-3147
-3744
-4698
-5271
-6192
-7212
-8004
-8550
-8499
-8802
-9021
-8886
-8937
-8808
-8925
-8691
-8457
-8550
-8409
-8373
-7770
-7377
-6891
-6297
-5736
-4740
-3825
-3120
-2577
-2034
-1158
-396
294
741
1209
2058
2733
3150
3438
4158
5079
5775
6369
7053
7878
8829
9651
10350
11115
12015
12807
13413
14151
14721
15150
15864
16440
16752
16527
15699
14499
12819
11244
9738
8181
6852
5406
3768
2379
645
-1095
-2772
-4272
-5415
-6744
-8067
-9078
-9606
-9918
-10008
-9894
-9447
-8736
-8079
-7761
-7329
-6609
-5778
-4884
-4212
-3510
-2757
-2016
-1512
-1299
-1170
-1242
-1284
-1329
-1656
-2136
-2769
-3282
-3801
-4890
-6006
-6783
-7410
-7872
-8445
-8925
-8778
-8742
-8757
-8931
-8937
-8751
-8616
-8361
-8184
-7776
-7350
-6906
-6198
-5427
-4443
-3408
-2469
-1647
-963
-117
504
1134
1671
2172
2730
3243
3837
4488
5094
5706
6150
6612
7140
7833
8562
9117
9849
10608
11484
12297
13071
13899
14712
15354
15912
16164
16653
16917
16791
16227
15006
13743
12240
10818
9720
8187
6729
5196
3747
2130
240
-1212
-2607
-3909
-5307
-6801
-7695
-8472
-8961
-9315
-9297
-8733
-8214
-7782
-7311
-6651
-5871
-5070
-4305
-3564
-2721
-1884
-1137
-528
-132
219
480
615
438
96
-78
-345
-951
-1722
-2592
-3255
-3810
-4470
-5052
-5520
-5628
-5715
-5976
-6198
-6324
-6267
-6144
-6087
-6033
-5910
-5550
-5046
-4494
-3867
-3153
-2283
-1377
-522
264
924
1542
2013
2442
2811
3138
3522
3861
4320
4698
5010
5358
5652
6054
6558
6984
7413
7911
8463
9087
9609
10092
10608
11103
11382
11667
12087
12363
12717
12834
12657
12474
12387
11979
11376
10656
9642
8445
7236
6108
4983
3657
2649
1620
555
-531
-1653
-2628
-3525
-4542
-5391
-5904
-6312
-6714
-6843
-6768
-6534
-6204
-5904
-5415
-4866
-4338
-3822
-3339
-2844
-2364
-1929
-1533
-1140
-810
-633
-516
-459
-279
-135
-18
21
-6
-150
-366
-579
-987
-1347
-1647
-1959
-2184
-2346
-2445
-2562
-2619
-2628
-2640
-2601
-2481
-2379
-2268
-2199
-2169
-2031
-1887
-1767
-1632
-1407
-1014
-633
-312
-147
198
525
837
1134
1389
1683
2085
2370
2670
2925
3315
3747
3975
4251
4593
4980
5211
5499
5685
5880
6108
6417
6639
6681
6831
6963
7083
6975
6663
6525
6435
6342
6177
5907
5646
5460
5370
5202
4881
4479
4158
3891
3564
3057
2463
2055
1773
1443
948
444
54
-321
-753
-1251
-1737
-2070
-2328
-2616
-2901
-3141
-3246
-3300
-3279
-3153
-3108
-3135
-3051
-2982
-2958
-2916
-2775
-2589
-2373
-2127
-2001
-1860
-1629
-1302
-951
-552
-213
48
261
489
645
702
675
678
705
660
594
495
423
288
213
27
-45
-84
-138
-228
-312
-519
-681
-678
-615
-645
-630
-684
-651
-498
-411
-309
-105
216
387
462
483
393
-2646
-2166
993
177
879
3678
1629
2355
2433
1995
3003
2148
1332
2718
2409
1971
2508
1914
1986
2535
2355
2166
2562
2193
2616
3087
2811
3087
3375
3264
3312
3420
3168
3303
3150
3183
3303
3231
2850
2850
2559
2379
2403
2331
2181
2046
1791
1437
1254
1026
480
492
279
-132
0
-351
-822
-939
-1137
-1344
-1248
-1617
-1482
-1692
-1503
-1752
-1563
-1680
-1728
-1695
-1683
-1914
-3315
-6507
-3591
-3816
-3597
-1644
-447
426
645
660
237
702
576
702
978
1440
1788
876
1749
1401
1698
1644
1971
957
1017
2175
831
1017
1581
1182
-93
1329
57
903
1032
-360
-459
-750
630
-537
474
-666
-444
-1212
504
-1230
-1032
72
-873
-327
-558
669
276
357
267
738
201
1464
-873
195
1707
951
630
3249
-3027
1149
2553
75
2037
1956
1539
3627
3798
-63
3576
2415
3162
1242
1980
3585
1764
4992
1530
2316
2529
3168
2223
2259
702
1887
2328
522
2175
1785
2112
1239
999
1239
2322
1446
669
2244
-891
3882
1176
9
2973
-966
516
2097
-1650
822
2232
-1818
2091
585
-2460
2922
-699
-138
1746
-36
-774
1032
-753
-81
849
-303
-198
-1347
4044
-1263
-21
306
-2610
3552
-837
-2262
582
2214
-1629
-639
2409
-1083
-2496
4758
-2412
1596
639
-1911
1236
-252
2955
-225
2154
-1266
2001
2598
2040
-57
-24
3615
-927
-120
4500
-5559
6594
2484
-858
3516
-2019
3099
282
2454
1893
-1506
4212
765
2559
4635
696
345
3528
2685
2472
5286
2409
84
5718
846
2955
4014
1335
2193
4701
594
2556
4527
1701
1581
3507
-603
2718
4119
-1110
3354
558
2355
1626
-1545
1704
1374
-681
1473
-2061
-75
1464
-2916
957
-645
-522
-609
441
-2070
1389
-528
-681
-1110
-1017
-222
-501
-54
-2721
-612
378
672
-2157
-474
-1050
-1725
-1176
-2328
117
-2382
-237
-4233
-3099
1737
-3819
-3069
816
-4125
-1260
1728
-5619
-204
-912
-393
462
-3294
-60
1083
636
-678
948
-840
3006
636
-873
651
-279
1221
18
2034
3009
267
-249
3045
1515
1803
3492
-1209
3201
4167
3636
3720
432
4659
831
4569
3204
1677
6366
3645
3300
5343
4758
6930
4536
5151
4572
3978
6201
4920
4467
6834
3981
2532
4122
846
4395
897
1662
192
1401
1317
-621
144
-1446
-1149
711
-3687
393
-702
-1869
-651
-2040
-1413
-597
363
-2325
-2304
2031
-1878
-2169
579
-1656
-816
-1257
42
-2238
-528
114
-4347
-231
-2394
-1986
-702
-4686
-1584
-2430
-1998
-2991
-3456
-510
-3828
-2892
-2163
-2412
-3144
-1233
-1635
-5730
1767
-2583
-1791
3117
-3069
-240
-741
-627
-888
-1635
3558
-96
585
1542
279
30
3237
-507
3
2379
4116
-540
1845
3354
2241
3276
4632
2559
2886
4206
2364
4770
5421
4794
5853
3531
5451
4668
6882
5742
6993
8667
6417
5865
8220
9105
3819
5271
4029
3972
3207
1929
849
-951
993
-1887
-3753
-1185
-2157
-3522
-2619
-3957
-4929
-1884
-3264
-4257
-2649
-2202
-1197
-2508
-2157
-1062
6
-156
-1869
-177
-150
786
-981
-1251
483
216
0
-1398
-3213
-801
-2937
-3888
-3927
-5253
-3894
-5286
-7110
-6243
-5916
-5367
-7026
-6732
-6699
-4707
-3342
-6870
-3936
-915
-4842
-1605
-4215
-210
687
-2349
-9
129
2511
2472
1203
-657
3609
2802
2541
0
3489
5925
4623
4182
1380
5265
3282
4992
2352
1914
12876
5487
4788
7323
5019
10089
9525
6657
10389
7605
12174
10164
6096
12825
11883
10038
10809
5652
5907
8610
5673
2040
2640
2091
1020
-1902
-2439
-3825
-2412
-2718
-6957
-6540
-4305
-4410
-5370
-5160
-4452
-2937
-1794
-2952
-3318
-114
948
-156
-261
942
2061
2037
1107
-315
1110
2112
786
-867
-687
-237
168
-2526
-4191
-5070
-5199
-7356
-7383
-7773
-8370
-8553
-9312
-9150
-8499
-8175
-8934
-8376
-6195
-6111
-5391
-5394
-2922
-3225
-1662
-1839
-1674
2310
1455
204
4752
1017
2988
8133
165
6159
2541
2961
2373
4683
4155
993
4548
4368
3600
8187
5412
4023
9759
5817
4659
9678
9210
7887
11703
12603
13260
13635
14343
11913
12366
15477
11565
8520
9843
6375
6612
7107
3117
543
1920
-984
-4761
-3060
-5397
-6123
-6039
-7992
-9642
-7146
-7209
-8220
-7065
-6342
-5724
-4281
-3678
-4056
-1956
-246
-501
-102
1512
2082
2976
2958
2841
3207
3630
2826
1749
1746
1218
762
-792
-2286
-2586
-3279
-5748
-8283
-8991
-10467
-10494
-11385
-11898
-11991
-11307
-10815
-10638
-9333
-8592
-8028
-5823
-5841
-4818
-1446
-2226
-1731
597
2778
-855
1143
2628
2103
2019
6498
5058
1758
4584
2832
1350
5007
4899
486
7308
4443
4347
5874
5370
5850
9429
9318
5463
8778
13857
7068
10413
12972
10620
12216
14466
10677
12021
16086
13347
7269
8613
7245
7098
6921
3000
546
1551
48
-2478
-5049
-3630
-4791
-5730
-6900
-9342
-7773
-5736
-7188
-7686
-6669
-5955
-4413
-3837
-4065
-2673
168
426
219
1326
2298
2886
3642
2502
1911
3213
2745
1335
942
693
-102
399
-1083
-1794
-1962
-2247
-4689
-5757
-6318
-6642
-7221
-8415
-9453
-9363
-8061
-7842
-8451
-7815
-5319
-5535
-4038
-4956
-4305
-1854
-318
-2970
846
-1026
4785
1968
771
-636
2532
5406
432
4764
2595
4248
1344
5790
2313
4896
3570
7389
4323
2247
4035
4047
6066
7437
9519
3969
5952
9561
8586
9204
8973
7674
7602
12465
9324
9621
9009
9195
9162
5424
4497
5217
6288
4098
3201
339
1026
-207
-990
-1614
-2730
-2538
-3942
-4491
-5199
-4593
-4527
-4587
-5124
-4962
-3900
-3690
-2934
-3075
-2985
-1410
-1764
-1752
-1335
-1125
-1344
-1113
-606
-1512
-1626
-1176
-1476
-1701
-1053
-2085
-1152
-2694
-1944
-2214
-2151
-2472
-2289
-2073
-1821
-3414
-4617
-2949
-4206
-4185
-3612
-4266
-4425
-3162
-3420
-3864
-2679
-2070
-1485
-5337
-1764
882
-2652
-5241
-2826
291
2328
-1356
-1686
-2769
-24
-1266
894
5433
1584
1041
2280
2739
-2139
897
2100
3429
2379
3255
63
3066
3216
3255
3804
2070
2862
4167
1968
3606
4098
3360
2505
3291
5175
5328
3453
4257
4020
5508
3885
3945
4293
3948
3219
3123
2901
2805
3072
2412
2364
1482
1203
1110
621
-48
-432
-174
-612
-1539
-1146
-765
-1347
-2886
-2661
-2382
-2895
-2202
-2130
-2376
-3711
-3177
-3045
-2991
-3252
-2844
-2859
-3228
-2850
-2226
-2289
-2574
-2364
-2055
-1437
-1524
-1041
-1131
-1080
-783
-552
-474
-255
-234
-99
423
447
420
660
957
885
888
1128
1020
960
753
924
741
609
621
321
219
123
84
-144
-210
-462
-522
-777
-726
-1119
-1269
-954
-1059
-1104
-1218
-1368
-1206
-1176
-978
-879
-972
-891
-552
-372
-198
-189
96
189
255
555
858
1233
1311
1692
1668
1914
1935
1938
2025
2157
2076
1884
2016
1818
1917
1830
1797
1851
1695
1728
1548
1626
1623
1554
1503
1662
1641
1722
1719
1554
1410
1479
1365
1296
1104
1095
1056
1065
1071
882
837
840
789
648
552
492
480
429
384
216
219
165
-171
-123
-249
-225
-222
-219
-381
-309
-237
-147
-192
-123
51
-81
63
36
171
279
357
213
360
507
537
555
603
681
678
780
492
588
672
681
819
798
825
810
750
774
690
750
705
759
783
795
792
882
921
687
768
786
708
882
774
762
918
804
906
876
924
849
834
864
717
840
831
741
717
735
771
801
675
735
807
786
870
957
1032
1023
1119
1167
1005
1191
1257
1158
1089
1074
978
981
870
882
741
846
876
741
810
771
738
780
696
507
702
654
606
729
789
750
738
672
681
870
825
996
1068
1272
1188
1170
1296
1338
1347
1494
1431
1371
1587
1458
1509
1575
1587
1443
1491
1353
1356
1389
1410
1206
1248
1275
1170
1167
1125
1002
1011
1026
963
786
957
1050
894
1074
1062
1107
1263
1083
909
1086
987
951
921
885
954
957
1011
891
876
981
891
897
795
777
831
717
678
699
675
696
624
591
561
672
873
897
906
1017
819
963
963
951
1089
1041
990
924
957
855
780
795
609
534
642
564
678
642
579
465
471
519
378
426
450
306
384
366
252
300
336
300
423
516
495
654
741
840
1029
1038
912
1050
951
1062
849
969
1056
1032
993
879
795
822
765
732
837
666
750
561
624
483
492
531
465
567
519
663
681
792
888
849
957
918
927
954
924
885
918
873
858
840
801
771
735
753
660
603
525
516
519
426
531
432
354
369
306
339
342
342
411
414
453
462
486
552
612
582
684
708
714
768
975
933
981
1128
1023
1164
1158
1176
1284
1281
1287
1266
1224
1227
1233
1368
1233
1269
1293
1173
1125
1119
1077
1059
957
1044
1002
1143
1116
1056
1005
1002
879
876
840
741
819
765
648
492
552
399
471
462
417
486
402
414
492
468
492
555
663
750
708
822
981
882
1002
1071
1107
1233
1368
1329
1422
1542
1527
1545
1572
1623
1620
1617
1575
1512
1551
1482
1455
1341
1350
1296
1206
1245
1107
1206
1326
1242
1278
1206
1320
1287
1215
1101
1128
1143
1140
1092
1050
1101
1131
1047
1002
1011
1050
897
774
786
795
915
924
933
1008
1047
1050
1053
978
1062
894
1017
837
1050
1047
765
648
651
888
864
897
966
963
1068
1107
975
921
948
879
981
1161
942
876
924
747
771
732
615
780
588
564
663
579
339
318
261
360
312
585
315
336
531
618
927
627
741
939
894
879
1266
972
969
891
1200
1389
1497
1389
765
528
957
1302
1632
1209
1068
510
1122
789
1398
885
1023
1008
1275
1587
1377
1371
924
1152
1419
1458
915
663
882
1125
1197
654
1110
888
1140
651
663
1119
1713
1230
894
615
264
231
729
123
-795
-480
693
891
876
924
1116
1017
-195
297
354
606
768
2124
1482
774
1089
921
975
804
897
795
234
816
288
1416
1737
1200
1071
1512
-210
-618
39
1218
1953
1761
-126
-1083
-519
1173
-108
192
72
801
987
855
225
126
747
1887
1635
672
-774
132
-3
-243
99
1047
675
906
1074
963
1866
1836
585
-156
987
987
741
1431
2055
1521
2091
1221
552
903
1050
1863
1899
1761
1965
462
597
924
357
1134
801
1989
1476
567
1110
471
282
819
1098
453
-1647
-39
-2046
-1266
-1371
78
-453
1185
1377
1203
342
-432
1209
990
1110
2541
2163
1749
2256
2052
2256
2259
2646
1053
1230
-1500
-3399
-2463
1980
3738
2799
1989
1173
834
-678
-1932
-1053
-1461
1872
3810
681
171
3465
2394
423
-1764
-4569
-1995
1524
924
1302
1770
807
843
3195
1413
-2907
-3879
-3198
3852
-375
1725
2790
2340
2439
1044
-1128
-7080
-1638
5514
7614
2847
4470
-234
-1044
-5643
-5661
-1515
1890
5865
4110
6492
615
-1281
-2850
-5766
-4365
-5436
951
3297
7938
1254
-396
2244
-342
-5697
-1074
2637
288
2100
-2415
-207
-660
-906
1380
2253
-111
-4050
-1266
1254
-3336
-3072
-1392
-321
-1824
1443
2286
3453
1854
729
-180
645
-2031
-1707
-2547
-1584
1284
5154
5613
4662
-1482
-5253
-5112
-1887
-231
-960
-399
1071
5163
4335
3435
-954
-2778
579
1221
516
-1713
1074
1371
2781
-1848
-927
-2706
-4452
-4179
3645
5991
3501
2679
-1536
-1950
-1419
-2151
-2586
-2424
1557
-285
-186
3459
2775
2715
3075
1500
-3765
-786
513
186
153
2358
3654
2118
-1209
2442
4506
1668
-4353
-3375
-264
-558
2016
-1020
1113
4494
5166
810
-2289
-2451
525
2370
675
1530
285
-2961
1266
-1302
1497
-1875
4023
747
3282
-2004
2178
1080
4494
2475
927
687
-2073
-1146
915
4608
1842
-807
-2382
1386
2205
-495
-813
-3285
3057
-366
111
1134
-990
-3951
-2790
18
1137
-1038
3360
78
1371
111
-2472
-2235
162
3624
3294
1767
-4824
-3897
2373
1173
3891
1866
234
1422
5160
4557
-2001
495
1482
2199
-4329
-216
3645
2214
339
648
318
-777
-54
798
21
-303
222
513
-945
-3021
-6021
1482
-372
2841
-660
2121
4434
8019
162
1107
-2379
-1866
-1587
-174
318
3219
1371
2424
2262
-2514
-417
-162
-2106
-1503
5640
-315
-7359
-648
-1362
5073
-2922
1701
-123
3345
-2358
4269
3366
-1584
-2598
42
1866
4356
1329
-924
-2751
-522
171
1233
-3258
-3501
-879
1134
660
-3309
4068
1851
744
357
-507
1956
-1020
-1887
-2556
3441
-4539
-708
-2238
-1980
-141
447
54
216
2178
4071
1308
-4173
828
-588
2310
3441
339
-1209
1479
2508
5577
-339
-324
-2298
-987
2073
1791
-345
-1047
402
879
1764
252
228
213
1140
576
-2112
291
-867
183
1635
-2436
2673
3618
729
2637
-1596
2649
72
288
-4725
-1254
1668
858
1851
90
-225
-978
3990
648
2556
-1122
1110
708
579
-1176
2340
3105
1389
-2688
-2073
-681
-1503
-492
276
462
2223
2121
-3318
1482
-618
3294
-21
-384
-192
-78
843
-1428
-1902
870
207
1110
2070
-1254
2022
2577
4776
-2106
2136
-156
1158
-501
138
2793
1557
2715
1329
-1386
426
-528
777
-2058
216
2217
4356
-360
-3069
549
2862
-669
-1206
-3963
2727
-1230
234
-306
2289
2331
-795
1146
1866
1248
-2154
-222
2415
315
-564
1491
3645
357
1743
-747
-2409
-516
1698
3069
-2088
1002
-66
2778
2733
-186
156
-1725
369
129
2802
942
-168
-2073
615
2163
-702
1059
-213
-3
18
-1530
1320
648
885
-354
1335
135
-1284
-1245
1734
1134
999
105
-1629
1104
1701
-903
-690
582
258
1992
1047
825
-297
-636
516
42
489
-342
-333
750
1035
-258
-2142
1683
348
1488
840
249
678
-180
-684
-681
-477
747
-147
2637
-1140
-801
219
138
942
2838
147
1419
519
-564
702
-387
2721
-345
-531
198
528
69
828
969
300
2199
864
-831
75
-54
3156
267
1158
456
-177
489
216
1680
-165
540
-1335
1632
159
-45
2874
1419
-21
-1113
636
333
123
855
1392
1629
-2241
1077
225
606
1290
-1431
1944
-702
369
1674
123
1788
1122
903
1656
-207
2604
2016
834
735
948
312
2619
999
-654
2430
-342
2637
543
1386
1614
474
1560
1212
1194
234
78
1374
1785
897
153
1152
219
588
786
1800
1530
2601
1173
489
318
1629
1524
585
810
207
615
-276
1110
1251
615
333
1257
603
1341
276
621
654
855
165
57
399
-291
1395
-1176
1062
966
1977
603
-831
516
678
858
924
597
-126
-81
57
843
834
300
1500
693
-411
621
1518
549
123
1365
795
444
468
336
2043
2871
1467
711
-882
2775
729
498
2079
867
1626
2283
-219
1830
1791
2916
2040
873
2496
1230
1377
2199
1332
2100
888
1116
2301
375
1377
855
1185
1254
-501
861
1350
90
396
-21
-381
750
-201
-303
222
108
63
-66
-48
-375
-30
-447
-696
-1200
-483
-342
-1374
-771
-774
-618
-969
-1878
-1587
-1764
-1485
-1671
-2535
-1182
-1719
-2070
-1407
-2613
-663
-1230
-678
-6
-1215
906
-450
231
1221
1203
1467
372
696
2352
2157
2439
1995
2010
3243
1650
2424
4233
4167
3867
2526
3141
3771
3891
5607
4002
3972
4248
3426
4050
4194
5127
4755
4584
4536
4125
4794
4458
5268
5508
4656
4362
2904
2016
1593
-585
255
-234
-111
-945
-2202
-4482
-5508
-5121
-5214
-4164
-4803
-5310
-6531
-6480
-6084
-5439
-4080
-4176
-4569
-4611
-4632
-4143
-3393
-2760
-1698
-2283
-2247
-2265
-2985
-2442
-1680
-1416
-1200
-1455
-2352
-2172
-1800
-204
-1467
-678
285
-663
69
1596
1797
1911
3060
2658
2577
2397
2643
4494
3939
3930
4614
3966
3900
5169
5010
5871
5250
5874
5556
6363
7194
6756
7878
7902
8481
8124
7533
8577
9075
9366
9909
9915
9351
7707
5724
3885
2793
2247
2169
618
-1197
-3000
-4695
-5376
-5382
-5253
-5193
-5466
-6285
-6420
-6357
-5532
-4389
-3177
-2442
-2064
-1851
-1500
-786
153
1362
1941
2193
1791
1509
1221
1326
1215
918
63
-1245
-2826
-4305
-5985
-7167
-8877
-10089
-11067
-11517
-11544
-11439
-11424
-10863
-10179
-9177
-7626
-6549
-5220
-4296
-3087
-1971
-930
-108
816
1338
2382
2340
3315
3087
3291
3396
2814
2733
2937
1947
3720
2433
2307
2802
2562
2691
4179
4371
4719
5697
6180
6591
7656
8775
9411
10152
11307
12357
13095
13926
14613
14718
16014
17169
16692
12000
6792
3024
1872
2760
3258
1404
-2970
-7509
-10326
-10887
-9882
-8019
-7986
-8769
-10089
-10617
-10101
-8148
-5025
-2154
-264
534
273
93
1464
3309
5562
6909
6957
5421
3759
2640
2514
2841
3066
2061
129
-1782
-3648
-4689
-5160
-4863
-4884
-5388
-6498
-7824
-8967
-8802
-8937
-8667
-8424
-8742
-9147
-9423
-8838
-7686
-6369
-5112
-4464
-4419
-4050
-3957
-3345
-2268
-1548
-1002
-1071
-1413
-1494
-1176
-435
477
1065
1311
738
1575
1197
1359
2355
3105
3909
3969
4380
4770
5880
6531
7443
8205
8322
9015
9681
10425
11613
12384
12867
13584
13518
13899
14223
14709
15546
15753
15963
15438
14841
10461
5319
2322
573
294
249
-1236
-4122
-8127
-10164
-10569
-10167
-8307
-7176
-7293
-7302
-7428
-6840
-5379
-2628
477
2427
4137
4185
3447
4197
5205
6399
7788
7923
6849
4809
3054
1854
960
621
183
-1074
-2712
-4296
-5886
-6909
-6969
-6699
-6498
-6717
-7680
-9384
-11085
-11415
-10482
-8556
-6954
-6609
-6738
-6855
-6387
-5541
-4188
-2565
-1497
-1422
-2001
-2865
-3432
-2775
-1740
-828
-354
-486
-909
-1641
-1467
-672
537
1716
2196
2232
1983
2049
2799
4116
5400
6276
7245
7458
8151
8007
8994
9795
11301
12204
11955
12384
11613
12606
12729
13020
13389
13560
14151
13716
13929
13893
13713
13434
11196
7947
3681
1044
-924
-1824
-1833
-3030
-4602
-7044
-8274
-8961
-8481
-7170
-6126
-5079
-4245
-3384
-3147
-2301
-528
1332
3222
4587
5352
5097
4752
4665
4263
4539
4272
3813
2469
843
-753
-2361
-3528
-4119
-4536
-5082
-5604
-6513
-7308
-7887
-8220
-8118
-8286
-8340
-8886
-9963
-10275
-9705
-8775
-7605
-6441
-5988
-5751
-4806
-4869
-4239
-3507
-3099
-2280
-2190
-2337
-2436
-2517
-2337
-1641
-1185
-618
-39
108
282
477
978
1581
1983
2904
3678
4638
5277
5622
5739
6477
7332
8700
9504
9672
10590
10617
10746
11688
11457
12606
13179
13416
13872
13161
13452
14298
13809
15087
14811
14838
15348
14217
13044
9273
4548
1542
-1626
-2640
-2565
-3432
-4410
-6858
-8229
-9003
-9546
-8376
-6753
-5310
-3117
-1767
-1065
-348
222
1770
3429
5028
6732
7317
6570
6429
4728
3438
2985
2067
1434
648
-444
-2103
-4035
-5454
-6639
-6984
-6732
-6402
-5736
-5730
-6336
-6705
-8148
-8649
-8589
-8028
-6891
-5511
-4908
-4626
-4419
-4497
-4074
-3615
-2814
-2211
-1671
-1728
-2175
-2778
-3186
-3264
-2871
-2265
-1284
-726
-729
-588
-300
354
594
1845
2778
3846
5637
4635
4443
4545
4581
5583
6432
8112
9069
8328
8628
8499
8031
8997
10074
11451
12084
12972
12942
12432
12786
13083
13797
14400
15450
15633
15414
14958
14190
12948
12087
10659
6717
2547
-840
-3924
-5364
-6639
-7176
-7368
-8532
-8079
-8721
-9219
-8187
-7137
-5472
-3060
-753
1155
2415
3108
3813
3990
4431
5229
5172
4875
5127
4050
2469
573
-1344
-2772
-4614
-5031
-5697
-6567
-6657
-6891
-7347
-7515
-7416
-6747
-6012
-5214
-4704
-5781
-6543
-7251
-7872
-7776
-7632
-6798
-5904
-5676
-4902
-5310
-5628
-5670
-5847
-5751
-5391
-4821
-4272
-3807
-3483
-3483
-3435
-3222
-2673
-1773
-792
531
1494
2115
2349
2373
2313
2247
2688
3222
3810
4524
5613
5436
5886
5838
5685
6372
6414
7380
7908
9108
10248
11118
11667
11229
11643
11856
12024
12591
12660
13563
13746
13290
12816
12258
11619
10851
10185
10236
8544
5517
1974
-2241
-5262
-7632
-8778
-8631
-7839
-7227
-6183
-5664
-5529
-5040
-4635
-3795
-2259
42
1998
3723
5079
5397
5148
4497
3336
2202
1209
867
471
-198
-954
-2517
-3840
-5496
-6810
-7623
-7968
-7758
-6810
-5769
-4749
-3840
-3273
-3084
-2736
-2565
-3462
-4146
-5724
-6360
-6876
-7488
-7320
-7377
-7275
-6843
-6837
-7050
-6864
-6849
-6417
-5916
-5382
-4761
-3948
-3516
-2844
-2319
-1851
-1188
-708
-135
375
1041
1305
1557
1482
1578
1395
1710
1419
1572
1935
2193
2562
2700
3444
3639
4359
4749
4890
5550
5808
6633
7617
7719
8850
9348
8997
10254
9894
10179
10935
10146
10725
10443
10035
10536
10479
10314
10419
10098
8943
6414
2577
-1338
-4929
-7881
-9885
-10404
-10317
-9348
-8067
-7125
-6276
-5826
-5589
-5367
-4821
-4056
-1623
504
2778
4878
5526
4989
3783
2112
-54
-1260
-2502
-2952
-2793
-3366
-3465
-3990
-5418
-6384
-7572
-8496
-8454
-7872
-6552
-4605
-2694
-1155
-81
-291
-837
-2139
-4815
-6525
-8367
-9276
-9417
-9543
-8766
-8007
-7566
-7101
-7257
-7347
-7452
-7170
-6642
-5706
-4368
-3012
-1983
-1254
-780
-858
-960
-1200
-1236
-933
-555
51
519
714
765
636
282
-180
-165
78
822
1350
2442
3273
4272
4908
5361
5673
5559
5877
6348
7236
8052
8715
9261
9612
9279
9423
8238
8247
7350
7656
7539
8166
8901
9597
10470
10542
10542
10113
9231
6687
3846
-93
-3312
-5985
-8577
-9261
-9378
-8994
-7344
-5982
-4791
-3834
-3297
-2628
-2010
-1455
-198
1290
2595
4170
5208
5286
5061
3927
2406
651
-1293
-2598
-3702
-4401
-4611
-4542
-4791
-4740
-4857
-5139
-5043
-4725
-4074
-3012
-1692
-309
1224
2097
2604
2766
1785
147
-1734
-4692
-6939
-8991
-10488
-10878
-10731
-9957
-8520
-7200
-5964
-4713
-3801
-3177
-2451
-1842
-972
-435
399
639
1059
987
636
258
-675
-1158
-1776
-1953
-1701
-1698
-1062
-765
-150
432
744
1194
1944
2439
3393
4308
5367
6219
6978
7461
7398
7626
7098
6933
6582
6402
6690
6798
7137
7221
7263
7137
7050
6843
6888
7008
6834
7710
8127
8970
9558
10035
10329
10629
9252
6708
3672
-84
-3600
-6432
-9099
-9936
-9918
-9132
-7254
-5409
-3960
-2178
-1203
-615
54
318
858
1857
2448
3693
4377
4368
4182
3120
1473
-144
-2133
-3780
-4728
-5739
-5625
-5298
-4953
-3969
-3258
-2865
-2232
-1809
-1365
-612
78
864
1824
2406
2865
3150
2550
1494
-447
-3426
-5790
-8487
-10251
-11229
-11418
-10245
-8835
-6900
-5115
-3564
-2535
-1815
-1458
-1548
-1440
-1446
-1080
-825
-543
-288
-378
-816
-1401
-1884
-2487
-2814
-3003
-2775
-2262
-1497
-534
468
1326
2010
2559
2835
3261
3705
4248
4953
5448
6210
6276
6594
6585
6171
5880
5259
5097
4677
4830
4638
5196
5190
5712
6213
6627
7383
7260
7722
7464
7566
7905
8124
8622
8958
9390
9885
9240
7164
4593
1077
-2550
-5871
-9222
-10917
-11496
-10905
-8862
-6420
-4161
-1344
534
1722
2718
2451
2364
2160
1776
1851
2178
2310
2652
2832
2115
1656
435
-1071
-2454
-3957
-4965
-5382
-5454
-4884
-3702
-2454
-1041
399
1221
1986
2385
2316
2331
2073
1902
1728
1410
393
-1080
-2880
-4995
-6891
-8787
-10047
-11004
-10869
-10098
-8448
-6471
-4239
-2271
-753
408
720
741
174
-525
-1176
-1542
-1632
-1647
-1389
-1362
-1107
-1092
-1098
-1311
-1476
-1482
-1290
-780
-138
864
1719
2790
3483
4119
4413
4494
4374
4152
3990
4002
4002
4149
4404
4440
4962
4785
4905
4674
4629
4326
4308
4002
4212
4191
4326
4761
5106
5583
5931
6252
6348
6795
6858
6849
6765
6918
7113
7407
6264
4563
2439
-366
-3060
-5781
-8454
-9450
-10101
-9495
-7500
-5490
-2844
-150
1689
3213
4221
4089
4137
3498
2748
2430
1944
1518
1791
1947
1941
2097
1569
693
-93
-1392
-2367
-3102
-3690
-3678
-3144
-2448
-1386
-162
918
1983
2691
3033
2979
2691
1980
1134
135
-1203
-2781
-4350
-6003
-7359
-8364
-9126
-9117
-8475
-7476
-6069
-4389
-2715
-1002
369
1368
1944
2055
1770
1311
792
276
-108
-402
-474
-507
-456
-300
-96
144
465
744
1017
1320
1650
1983
2469
2961
3336
3747
4011
4176
4500
4482
4668
4572
4533
4437
4377
4365
4350
4602
4935
5052
5253
5334
5220
5358
5007
4878
4533
4449
4377
4479
4674
4965
5646
6261
6885
7548
8106
8706
8766
7917
6642
4665
2067
-294
-3147
-5130
-6339
-7134
-6750
-5646
-4176
-2118
-42
1491
3219
4098
4479
4725
4299
3861
3570
3117
2829
2760
2523
2280
2094
1587
1047
306
-576
-1428
-2109
-2547
-2790
-2637
-2163
-1446
-429
453
1410
2124
2655
2979
3027
2817
2367
1440
282
-1263
-2823
-4551
-5712
-6846
-7470
-7293
-6903
-5811
-4515
-2907
-1473
15
990
1761
2310
2322
2130
1674
1083
585
153
-129
-408
-480
-507
-393
-363
-315
-210
-186
54
192
498
783
1239
1575
1953
2484
2787
3312
3738
3999
4338
4434
4281
4368
4299
4425
4524
4509
4815
4866
5160
5214
5154
5202
5343
5148
5097
4995
4794
4932
5034
5133
5508
5964
6624
7254
7809
7674
6882
5559
3621
1305
-1113
-3507
-5514
-6513
-7077
-6453
-5070
-3312
-1053
1104
2820
4116
4737
4800
4482
3831
2961
2223
1368
987
711
684
696
732
597
462
144
-276
-795
-1365
-1761
-1971
-1992
-1734
-1119
-372
582
1485
2181
2634
2868
2811
2439
1854
870
-264
-1545
-2955
-4173
-5538
-6333
-6984
-7224
-6855
-6429
-5439
-4197
-2943
-1521
-348
633
1311
1728
1782
1662
1335
894
435
-12
-573
-927
-1146
-1212
-1068
-891
-525
-96
273
741
1083
1476
1920
2145
2496
2595
2643
2661
2631
2691
2838
3075
3318
3828
4200
4611
4923
5253
5481
5715
5829
5910
5883
5931
5619
5424
5121
4878
4671
4746
4968
5313
6075
6474
6504
6267
5382
4053
2265
45
-2163
-4023
-5472
-6255
-6057
-5238
-3657
-1689
228
2085
3546
4368
4725
4449
3711
2763
1704
627
-84
-495
-615
-498
-366
-162
-72
-144
-432
-774
-1311
-1701
-2100
-2301
-2319
-2049
-1617
-975
-228
555
1290
1680
1899
1881
1494
831
-87
-1026
-2349
-3360
-4512
-5475
-5955
-6318
-6324
-5934
-5385
-4491
-3363
-2256
-1245
-261
300
705
891
726
399
27
-528
-1059
-1485
-1842
-1983
-2067
-1998
-1764
-1440
-924
-327
261
837
1344
1605
1899
2007
2085
2076
2070
2106
2178
2364
2631
3027
3435
3843
4101
4323
4593
4779
4827
4893
4797
4785
4878
4812
4923
5145
5352
5535
5985
5898
5412
4608
3420
1785
-159
-1836
-3888
-5115
-5973
-6243
-5598
-4323
-2772
-1014
837
2109
3171
3786
3870
3642
3039
2220
1356
684
42
-390
-546
-696
-945
-873
-960
-1128
-1326
-1542
-1851
-1932
-1896
-1665
-1230
-573
150
993
1566
2022
2253
2256
1998
1557
894
3
-735
-1671
-2487
-3393
-4041
-4608
-4998
-5130
-5205
-4896
-4452
-3813
-3006
-2181
-1299
-627
-6
354
516
474
258
-120
-552
-948
-1350
-1635
-1800
-1806
-1611
-1332
-867
-513
36
588
1059
1548
1917
2040
2205
2259
2478
2607
2829
3087
3423
3714
3987
4317
4470
4575
4647
4479
4200
3861
3645
3420
3552
3882
4227
4641
4653
4488
3726
2613
1092
-675
-2415
-3906
-4977
-5469
-5316
-4575
-3318
-1740
-246
1266
2403
3072
3372
3309
2736
2118
1242
498
-33
-258
-300
-234
-102
-111
-231
-465
-819
-1200
-1713
-2103
-2334
-2487
-2304
-1908
-1320
-495
291
951
1536
1851
1926
1821
1560
1185
708
234
-162
-570
-810
-885
-846
-777
-783
-939
-1050
-1386
-1722
-2154
-2493
-2901
-3159
-3321
-3369
-3180
-2991
-2526
-2118
-1611
-1140
-915
-753
-783
-816
-1074
-1254
-1518
-1731
-1827
-1890
-1734
-1500
-1179
-882
-504
-237
108
444
813
1101
1425
1674
1764
1845
1842
1761
1635
1515
1431
1419
1521
1683
1980
2145
2412
2541
2763
2736
2697
2451
2238
1998
1737
1491
1269
1089
918
831
738
615
600
501
297
150
-63
-342
-456
-558
-618
-567
-615
-543
-528
-489
-510
-552
-639
-672
-729
-840
-939
-1101
-1152
-1161
-1275
-1257
-1314
-1233
-1200
-1194
-1194
-1131
-984
-819
-615
-408
-129
135
399
645
813
1023
1107
1155
1266
1353
1488
1512
1572
1557
1584
1632
1716
1845
2112
2316
2517
2640
2820
2994
3237
3513
3783
3987
4149
4293
4386
4539
4539
4701
4623
4578
4371
4164
3966
3726
3453
3123
2730
2202
1686
1140
576
213
-186
-492
-672
-756
-711
-510
-279
-9
270
435
573
615
654
483
384
210
27
-171
-249
-348
-423
-426
-465
-507
-630
-789
-969
-1011
-957
-831
-588
-303
54
420
816
1113
1350
1467
1446
1329
1221
1056
885
783
657
624
510
522
483
498
0
0
0
0
0
0
0
0
0
0
0
0
0
0
0
0
0
0
0
0
0
0
0
0
0
0
0
0
0
0
0
0
0
0
0
0
0
0
0
0
0
0
0
0
0
0
0
0
0
0
0
0
0
0
0
0
0
0
0
0
0
0
0
0
0
0
0
0
0
0
0
0
0
0
0
0
0
0
0
0
0
0
0
0
0
0
0
0
0
0
0
0
0
0
0
0
0
0
0
0
0
0
0
0
0
0
0
0
0
0
0
0
0
0
0
0
0
0
0
0
0
0
0
0
0
0
0
0
0
0
0
0
0
0
0
0
0
0
0
0
0
0
0
0
0
0
0
0
0
0
0
0
0
0
0
0
0
0
0
0
0
0
0
0
0
0
0
0
0
0
0
0
0
0
0
0
0
0
0
0
0
0
0
0
0
0
0
0
0
0
0
0
0
0
0
0
0
0
0
0
0
0
0
0
0
0
0
0
0
0
0
0
0
0
0
0
0
0
0
0
0
0
0
0
0
0
0
0
0
0
0
0
0
0
0
0
0
0
0
0
0
0
0
0
0
0
0
0
0
0
0
0
0
0
0
0
0
0
0
0
0
0
0
0
0
0
0
0
0
0
0
0
0
0
0
0
0
0
0
0
0
0
0
0
0
0
0
0
0
0
0
0
0
0
0
0
0
0
0
0
0
0
0
0
0
0
0
0
0
0
0
0
0
0
0
0
0
0
0
0
0
0
0
0
0
0
0
0
0
0
0
0
0
0
0
0
0
0
0
0
0
0
0
0
0
0
0
0
0
0
0
0
0
0
0
0
0
0
0
0
0
0
0
0
0
0
0
0
0
0
0
0
0
0
0
0
0
0
0
0
0
0
0
0
0
0
0
0
0
0
0
0
0
0
0
0
0
0
0
0
0
0
0
0
0
0
0
0
0
0
0
0
0
0
0
0
0
0
0
0
0
0
0
0
0
0
0
0
0
0
0
0
0
0
0
0
0
0
0
0
0
0
0
0
0
0
0
0
0
0
0
0
0
0
0
0
0
0
0
0
0
0
0
0
0
0
0
0
0
0
0
0
0
0
0
0
0
0
0
0
0
0
0
0
0
0
0
0
0
0
0
0
0
0
0
0
0
0
0
0
0
0
0
0
0
0
0
0
0
0
0
0
0
0
0
0
0
0
0
0
0
0
0
0
0
0
0
0
0
0
0
0
0
0
0
0
0
0
0
0
0
0
0
0
0
0
0
0
0
0
0
0
0
0
0
0
0
0
0
0
0
0
0
0
0
0
0
0
0
0
0
0
0
0
0
0
0
0
0
0
0
0
0
0
0
0
0
0
0
0
0
0
0
0
0
0
0
0
0
0
0
0
0
0
0
0
0
0
0
0
0
0
0
0
0
0
0
0
0
0
0
0
0
0
0
0
0
0
0
0
0
0
0
0
0
0
0
0
0
0
0
0
0
0
0
0
0
0
0
0
0
0
0
0
0
0
0
0
0
0
0
0
0
0
0
0
0
0
0
0
0
0
0
0
0
0
0
0
0
0
0
0
0
0
0
0
0
0
0
0
0
0
0
0
0
0
0
0
0
0
0
0
0
0
0
0
0
0
0
0
0
0
0
0
0
0
0
0
0
0
0
0
0
0
0
0
0
0
0
0
0
0
0
0
0
0
0
0
0
0
0
0
0
0
0
0
0
0
0
0
0
0
0
0
0
0
0
0
0
0
0
0
0
0
0
0
0
0
0
0
0
0
0
0
0
0
0
0
0
0
0
0
0
0
0
0
0
0
0
0
0
0
0
0
0
0
0
0
0
0
0
0
0
0
0
0
0
0
0
0
0
0
0
0
0
0
0
0
0
0
0
0
0
0
0
0
0
0
0
0
0
0
0
0
0
0
0
0
0
0
0
0
0
0
0
0
0
0
0
0
0
0
0
0
0
0
0
0
0
0
0
0
0
0
0
0
0
0
0
0
0
0
0
0
0
0
0
0
0
0
0
0
0
0
0
0
0
0
0
0
0
0
0
0
0
0
0
0
0
0
0
0
0
0
0
0
0
0
0
0
0
0
0
0
0
0
0
0
0
0
0
0
0
0
0
0
0
0
0
0
0
0
0
0
0
0
0
0
0
0
0
0
0
0
0
0
0
0
0
0
0
0
0
0
0
0
0
0
0
0
0
0
0
0
0
0
0
0
0
0
0
0
0
0
0
0
0
0
0
0
0
0
0
0
0
0
0
0
0
0
0
0
0
0
0
0
0
0
0
0
0
0
0
0
0
0
0
0
0
0
0
0
0
0
0
0
0
0
0
0
0
0
0
0
0
0
0
0
0
0
0
0
0
0
0
0
0
0
0
0
0
0
0
0
0
0
0
0
0
0
0
0
0
0
0
0
0
0
0
0
0
0
0
0
0
0
0
0
0
0
0
0
0
0
0
0
0
0
0
0
0
0
0
0
0
0
0
0
0
0
0
0
0
0
0
0
0
0
0
0
0
0
0
0
0
0
0
0
0
0
0
0
0
0
0
0
0
0
0
0
0
0
0
0
0
0
0
0
0
0
0
0
0
0
0
0
0
0
0
0
0
0
0
0
0
0
0
0
0
0
0
0
0
0
0
0
0
0
0
0
0
0
0
0
0
0
0
0
0
0
0
0
0
0
0
0
0
0
0
0
0
0
0
0
0
0
0
0
0
0
0
0
0
0
0
0
0
0
0
0
0
0
0
0
0
0
0
0
0
0
0
0
0
0
0
0
0
0
0
0
0
0
0
0
0
0
0
0
0
0
0
0
0
0
0
0
0
0
0
0
0
0
0
0
0
0
0
0
0
0
0
0
0
0
0
0
0
0
0
0
0
0
0
0
0
0
0
0
0
0
0
0
0
0
0
0
0
0
0
0
0
0
0
0
0
0
0
0
0
0
0
0
0
0
0
0
0
0
0
0
0
0
0
0
0
0
0
0
0
0
0
0
0
0
0
0
0
0
0
0
0
0
0
0
0
0
0
0
0
0
0
0
0
0
0
0
0
0
0
0
0
0
0
0
0
0
0
0
0
0
0
0
0
0
0
0
0
0
0
0
0
0
0
0
0
0
0
0
0
0
0
0
0
0
0
0
0
0
0
0
0
0
0
0
0
0
0
0
0
0
0
0
0
0
0
0
0
0
0
0
0
0
0
0
0
0
0
0
0
0
0
0
0
0
0
0
0
0
0
0
0
0
0
0
0
0
0
0
0
0
0
0
0
0
0
0
0
0
0
0
0
0
0
0
0
0
0
0
0
0
0
0
0
0
0
0
0
0
0
0
0
0
0
0
0
0
0
0
0
0
0
0
0
0
0
0
0
0
0
0
0
0
0
0
0
0
0
0
0
0
0
0
0
0
0
0
0
0
0
0
0
0
0
0
0
0
0
0
0
0
0
0
0
0
0
0
0
0
0
0
0
0
0
0
0
0
0
0
0
0
0
0
0
0
0
0
0
0
0
0
0
0
0
0
0
0
0
0
0
0
0
0
0
0
0
0
0
0
0
0
0
0
0
0
0
0
0
0
0
0
0
0
0
0
0
0
0
0
0
0
0
0
0
0
0
0
0
0
0
0
0
0
0
0
0
0
0
0
0
0
0
0
0
0
0
0
0
0
0
0
0
0
0
0
0
0
0
0
0
0
0
0
0
0
0
0
0
0
0
0
0
0
0
0
0
0
0
0
0
0
0
0
0
0
0
0
0
0
0
0
0
0
0
0
0
0
0
0
0
0
0
0
0
0
0
0
0
0
0
0
0
0
0
0
0
0
0
0
0
0
0
0
0
0
0
0
0
0
0
0
0
0
0
0
0
0
0
0
0
0
0
0
0
0
0
0
0
0
0
0
0
0
0
0
0
0
0
0
0
0
0
0
0
0
0
0
0
0
0
0
0
0
0
0
0
0
0
0
0
0
0
0
0
0
0
0
0
0
0
0
0
0
0
0
0
0
0
0
0
0
0
0
0
0
0
0
0
0
0
0
0
0
0
0
0
0
0
0
0
0
0
0
0
0
0
0
0
0
0
0
0
0
0
0
0
0
0
0
0
0
0
0
0
0
0
0
0
0
0
0
0
0
0
0
0
0
0
0
0
0
0
0
0
0
0
0
0
0
0
0
0
0
0
0
0
0
0
0
0
0
0
0
0
0
0
0
0
0
0
0
0
0
0
0
0
0
0
0
0
0
0
0
0
0
0
0
0
0
0
0
0
0
0
0
0
0
0
0
0
0
0
0
0
0
0
0
0
0
0
0
0
0
0
0
0
0
0
0
0
0
0
0
0
0
0
0
0
0
0
0
0
0
0
0
0
0
0
0
0
0
0
0
0
0
0
0
0
0
0
0
0
0
0
0
0
0
0
0
0
0
0
0
0
0
0
0
0
0
0
0
0
0
0
0
0
0
0
0
0
0
0
0
0
0
0
0
0
0
0
0
0
0
0
0
0
0
0
0
0
0
0
0
0
0
0
0
0
0
0
0
0
0
0
0
0
0
0
0
0
0
0
0
0
0
0
0
0
0
0
0
0
0
0
0
0
0
0
0
0
0
0
0
0
0
0
0
0
0
0
0
0
0
0
0
0
0
0
0
0
0
0
0
0
0
0
0
0
0
0
0
0
0
0
0
0
0
0
0
0
0
0
0
0
0
0
0
0
0
0
0
0
0
0
0
0
0
0
0
0
0
0
0
0
0
0
0
0
0
0
0
0
0
0
0
0
0
0
0
0
0
0
0
0
0
0
0
0
0
0
0
0
0
0
0
0
0
0
0
0
0
0
0
0
0
0
0
0
0
0
0
0
0
0
0
0
0
0
0
0
0
0
0
0
0
0
0
0
0
0
0
0
0
0
0
0
0
0
0
0
0
0
0
0
0
0
0
0
0
0
0
0
0
0
0
0
0
0
0
0
0
0
0
0
0
0
0
0
0
0
0
0
0
0
0
0
0
0
0
0
0
0
0
0
0
0
0
0
0
0
0
0
0
0
0
0
0
0
0
0
0
0
0
0
0
0
0
0
0
0
0
0
0
0
0
0
0
0
0
0
0
0
0
0
0
0
0
0
0
0
0
0
0
0
0
0
0
0
0
0
0
0
0
0
0
0
0
0
0
0
0
0
0
0
0
0
0
0
0
0
0
0
0
0
0
0
0
0
0
0
0
0
0
0
0
0
0
0
0
0
0
0
0
0
0
0
0
0
0
0
0
0
0
0
0
0
0
0
0
0
0
0
0
0
0
0
0
0
0
0
0
0
0
0
0
0
0
0
0
0
0
0
0
0
0
0
0
0
0
0
0
0
0
0
0
0
0
0
0
0
0
0
0
0
0
0
0
0
0
0
0
0
0
0
0
0
0
0
0
0
0
0
0
0
0
0
0
0
0
0
0
0
0
0
0
0
0
0
0
0
0
0
0
0
0
0
0
0
0
0
0
0
0
0
0
0
0
0
0
0
0
0
0
0
0
0
0
0
0
0
0
0
0
0
0
0
0
0
0
0
0
0
0
0
0
0
0
0
0
0
0
0
0
0
0
0
0
0
0
0
0
0
0
0
0
0
0
0
0
0
0
0
0
0
0
0
0
0
0
0
0
0
0
0
0
0
0
0
0
0
0
0
0
0
0
0
0
0
0
0
0
0
0
0
0
0
0
0
0
0
0
0
0
0
0
0
0
0
0
0
0
0
0
0
0
0
0
0
0
0
0
0
0
0
0
0
0
0
0
0
0
0
0
0
0
0
0
0
0
0
0
0
0
0
0
0
0
0
0
0
0
0
0
0
0
0
0
0
0
0
0
0
0
0
0
0
0
0
0
0
0
0
0
0
0
0
0
0
0
0
0
0
0
0
0
0
0
0
0
0
0
0
0
0
0
0
0
0
0
0
0
0
0
0
0
0
0
0
0
0
0
0
0
0
0
0
0
0
0
0
0
0
0
0
0
0
0
0
0
0
0
0
0
0
0
0
0
0
0
0
0
0
0
0
0
0
0
0
0
0
0
0
0
0
0
0
0
0
0
0
0
0
0
0
0
0
0
0
0
0
0
0
0
0
0
0
0
0
0
0
0
0
0
0
0
0
0
0
0
0
0
0
0
0
0
0
0
0
0
0
0
0
0
0
0
0
0
0
0
0
0
0
0
0
0
0
0
0
0
0
0
0
0
0
0
0
0
0
0
0
0
0
0
0
0
0
0
0
0
0
0
0
0
0
0
0
0
0
0
0
0
0
0
0
0
0
0
0
0
0
0
0
0
0
0
0
0
0
0
0
0
0
0
0
0
0
0
0
0
0
0
0
0
0
0
0
0
0
0
0
0
0
0
0
0
0
0
0
0
0
0
0
0
0
0
0
0
0
0
0
0
0
0
0
0
0
0
0
0
0
0
0
0
0
0
0
0
0
0
0
0
0
0
0
0
0
0
0
0
0
0
0
0
0
0
0
0
0
0
0
0
0
0
0
0
0
0
0
0
0
0
0
0
0
0
0
0
0
0
0
0
0
0
0
0
0
0
0
0
0
0
0
0
0
0
0
0
0
0
0
0
0
0
0
0
0
0
0
0
0
0
0
0
0
0
0
0
0
0
0
0
0
0
0
0
0
0
0
0
0
0
0
0
0
0
0
0
0
0
0
0
0
0
0
0
0
0
0
0
0
0
0
0
0
0
0
0
0
0
0
0
0
0
0
0
0
0
0
0
0
0
0
0
0
0
0
0
0
0
0
0
0
0
0
0
0
0
0
0
0
0
0
0
0
0
0
0
0
0
0
0
0
0
0
0
0
0
0
0
0
0
0
0
0
0
0
0
0
0
0
0
0
0
0
0
0
0
0
0
0
0
0
0
0
0
0
0
0
0
0
0
0
0
0
0
0
0
0
0
0
0
0
0
0
0
0
0
0
0
0
0
0
0
0
0
0
0
0
0
0
0
0
0
0
0
0
0
0
0
0
0
0
0
0
0
0
0
0
0
0
0
0
0
0
0
0
0
0
0
0
0
0
0
0
0
0
0
0
0
0
0
0
0
0
0
0
0
0
0
0
0
0
0
0
0
0
0
0
0
0
0
0
0
0
0
0
0
0
0
0
0
0
0
0
0
0
0
0
0
0
0
0
0
0
0
0
0
0
0
0
0
0
0
0
0
0
0
0
0
0
0
0
0
0
0
0
0
0
0
0
0
0
0
0
0
0
0
0
0
0
0
0
0
0
0
0
0
0
0
0
0
0
0
0
0
0
0
0
0
0
0
0
0
0
0
0
0
0
0
0
0
0
0
0
0
0
0
0
0
0
0
0
0
0
0
0
0
0
0
0
0
0
0
0
0
0
0
0
0
0
0
0
0
0
0
0
0
0
0
0
0
0
0
0
0
0
0
0
0
0
0
0
0
0
0
0
0
0
0
0
0
0
0
0
0
0
0
0
0
0
0
0
0
0
0
0
0
0
0
0
0
0
0
0
0
0
0
0
0
0
0
0
0
0
0
0
0
0
0
0
0
0
0
0
0
0
0
0
0
0
0
0
0
0
0
0
0
0
0
0
0
0
0
0
0
0
0
0
0
0
0
0
0
0
0
0
0
0
0
0
0
0
0
0
0
0
0
0
0
0
0
0
0
0
0
0
0
0
0
0
0
0
0
0
0
0
0
0
0
0
0
0
0
0
0
0
0
0
0
0
0
0
0
0
0
0
0
0
0
0
0
0
0
0
0
0
0
0
0
0
0
0
0
0
0
0
0
0
0
0
0
0
0
0
0
0
0
0
0
0
0
0
0
0
0
0
0
0
0
0
0
0
0
0
0
0
0
0
0
0
0
0
0
0
0
0
0
0
0
0
0
0
0
0
0
0
0
0
0
0
0
0
0
0
0
0
0
0
0
0
0
0
0
0
0
0
0
0
0
0
0
0
0
0
0
0
0
0
0
0
0
0
0
0
0
0
0
0
0
0
0
0
0
0
0
0
0
0
0
0
0
0
0
0
0
0
0
0
0
0
0
0
0
0
0
0
0
0
0
0
0
0
0
0
0
0
0
0
0
0
0
0
0
0
0
0
0
0
0
0
0
0
0
0
0
0
0
0
0
0
0
0
0
0
0
0
0
0
0
0
0
0
0
0
0
0
0
0
0
0
0
0
0
0
0
0
0
0
0
0
0
0
0
0
0
0
0
0
0
0
0
0
0
0
0
0
0
0
0
0
0
0
0
0
0
0
0
0
0
0
0
0
0
0
0
0
0
0
0
0
0
0
0
0
0
0
0
0
0
0
0
0
0
0
0
0
0
0
0
0
0
0
0
0
0
0
0
0
0
0
0
0
0
0
0
0
0
0
0
0
0
0
0
0
0
0
0
0
0
0
0
0
0
0
0
0
0
0
0
0
0
0
0
0
0
0
0
0
0
0
0
0
0
0
0
0
0
0
0
0
0
0
0
0
0
0
0
0
0
0
0
0
0
0
0
0
0
0
0
0
0
0
0
0
0
0
0
0
0
0
0
0
0
0
0
0
0
0
0
0
0
0
0
0
0
0
0
0
0
0
0
0
0
0
0
0
0
0
0
0
0
0
0
0
0
0
0
0
0
0
0
0
0
0
0
0
0
0
0
0
0
0
0
0
0
0
0
0
0
0
0
0
0
0
0
0
0
0
0
0
0
0
0
0
0
0
0
0
0
0
0
0
0
0
0
0
0
0
0
0
0
0
0
0
0
0
0
0
0
0
0
0
0
0
0
0
0
0
0
0
0
0
0
0
0
0
0
0
0
0
0
0
0
0
0
0
0
0
0
0
0
0
0
0
0
0
0
0
0
0
0
0
0
0
0
0
0
0
0
0
0
0
0
0
0
0
0
0
0
0
0
0
0
0
0
0
0
0
0
0
0
0
0
0
0
0
0
0
0
0
0
0
0
0
0
0
0
0
0
0
0
0
0
0
0
0
0
0
0
0
0
0
0
0
0
0
0
0
0
0
0
0
0
0
0
0
0
0
0
0
0
0
0
0
0
0
0
0
0
0
0
0
0
0
0
0
0
0
0
0
0
0
0
0
0
0
0
0
0
0
0
0
0
0
0
0
0
0
0
0
0
0
0
0
0
0
0
0
0
0
0
0
0
0
0
0
0
0
0
0
0
0
0
0
0
0
0
0
0
0
0
0
0
0
0
0
0
0
0
0
0
0
0
0
0
0
0
0
0
0
0
0
0
0
0
0
0
0
0
0
0
0
0
0
0
0
0
0
0
0
0
0
0
0
0
0
0
0
0
0
0
0
0
0
0
0
0
0
0
0
0
0
0
0
0
0
0
0
0
0
0
0
0
0
0
0
0
0
0
0
0
0
0
0
0
0
0
0
0
0
0
0
0
0
0
0
0
0
0
0
0
0
0
0
0
0
0
0
0
0
0
0
0
0
0
0
0
0
0
0
0
0
0
0
0
0
0
0
0
0
0
0
0
0
0
0
0
0
0
0
0
0
0
0
0
0
0
0
0
0
0
0
0
0
0
0
0
0
0
0
0
0
0
0
0
0
0
0
0
0
0
0
0
0
0
0
0
0
0
0
0
0
0
0
0
0
0
0
0
0
0
0
0
0
0
0
0
0
0
0
0
0
0
0
0
0
0
0
0
0
0
0
0
0
0
0
0
0
0
0
0
0
0
0
0
0
0
0
0
0
0
0
0
0
0
0
0
0
0
0
0
0
0
0
0
0
0
0
0
0
0
0
0
0
0
0
0
0
0
0
0
0
0
0
0
0
0
0
0
0
0
0
0
0
0
0
0
0
0
0
0
0
0
0
0
0
0
0
0
0
0
0
0
0
0
0
0
0
0
0
0
0
0
0
0
0
0
0
0
0
0
0
0
0
0
0
0
0
0
0
0
0
0
0
0
0
0
0
0
0
0
0
0
0
0
0
0
0
0
0
0
0
0
0
0
0
0
0
0
0
0
0
0
0
0
0
0
0
0
0
0
0
0
0
0
0
0
0
0
0
0
0
0
0
0
0
0
0
0
0
0
0
0
0
0
0
0
0
0
0
0
0
0
0
0
0
0
0
0
0
0
0
0
0
0
0
0
0
0
0
0
0
0
0
0
0
0
0
0
0
0
0
0
0
0
0
0
0
0
0
0
0
0
0
0
0
0
0
0
0
0
0
0
0
0
0
0
0
0
0
0
0
0
0
0
0
0
0
0
0
0
0
0
0
0
0
0
0
0
0
0
0
0
0
0
0
0
0
0
0
0
0
0
0
0
0
0
0
0
0
0
0
0
0
0
0
0
0
0
0
0
0
0
0
0
0
0
0
0
0
0
0
0
0
0
0
0
0
0
0
0
0
0
0
0
0
0
0
0
0
0
0
0
0
0
0
0
0
0
0
0
0
0
0
0
0
0
0
0
0
0
0
0
0
0
0
0
0
0
0
0
0
0
0
0
0
0
0
0
0
0
0
0
0
0
0
0
0
0
0
0
0
0
0
0
0
0
0
0
0
0
0
0
0
0
0
0
0
0
0
0
0
0
0
0
0
0
0
0
0
0
0
0
0
0
0
0
0
0
0
0
0
0
0
0
0
0
0
0
0
0
0
0
0
0
0
0
0
0
0
0
0
0
0
0
0
0
0
0
0
0
0
0
0
0
0
0
0
0
0
0
0
0
0
0
0
0
0
0
0
0
0
0
0
0
0
0
0
0
0
0
0
0
0
0
0
0
0
0
0
0
0
0
0
0
0
0
0
0
0
0
0
0
0
0
0
0
0
0
0
0
0
0
0
0
0
0
0
0
0
0
0
0
0
0
0
0
0
0
0
0
0
0
0
0
0
0
0
0
0
0
0
0
0
0
0
0
0
0
0
0
0
0
0
0
0
0
0
0
0
0
0
0
0
0
0
0
0
0
0
0
0
0
0
0
0
0
0
0
0
0
0
0
0
0
0
0
0
0
0
0
0
0
0
0
0
0
0
0
0
0
0
0
0
0
0
0
0
0
0
0
0
0
0
0
0
0
0
0
0
0
0
0
0
0
0
0
0
0
0
0
0
0
0
0
0
0
0
0
0
0
0
0
0
0
0
0
0
0
0
0
0
0
0
0
0
0
0
0
0
0
0
0
0
0
0
0
0
0
0
0
0
0
0
0
0
0
0
0
0
0
0
0
0
0
0
0
0
0
0
0
0
0
0
0
0
0
0
0
0
0
0
0
0
0
0
0
0
0
0
0
0
0
0
0
0
0
0
0
0
0
0
0
0
0
0
0
0
0
0
0
0
0
0
0
0
0
0
0
0
0
0
0
0
0
0
0
0
0
0
0
0
0
0
0
0
0
0
0
0
0
0
0
0
0
0
0
0
0
0
0
0
0
0
0
0
0
0
0
0
0
0
0
0
0
0
0
0
0
0
0
0
0
0
0
0
0
0
0
0
0
0
0
0
0
0
0
0
0
0
0
0
0
0
0
0
0
0
0
0
0
0
0
0
0
0
0
0
0
0
0
0
0
0
0
0
0
0
0
0
0
0
0
0
0
0
0
0
0
0
0
0
0
0
0
0
0
0
0
0
0
0
0
0
0
0
0
0
0
0
0
0
0
0
0
0
0
0
0
0
0
0
0
0
0
0
0
0
0
0
0
0
0
0
0
0
0
0
0
0
0
0
0
0
0
0
0
0
0
0
0
0
0
0
0
0
0
0
0
0
0
0
0
0
0
0
0
0
0
0
0
0
0
0
0
0
0
0
0
0
0
0
0
0
0
0
0
0
0
0
0
0
0
0
0
0
0
0
0
0
0
0
0
0
0
0
0
0
0
0
0
0
0
0
0
0
0
0
0
0
0
0
0
0
0
0
0
0
0
0
0
0
0
0
0
0
0
0
0
0
0
0
0
0
0
0
0
0
0
0
0
0
0
0
0
0
0
0
0
0
0
0
0
0
0
0
0
0
0
0
0
0
0
0
0
0
0
0
0
0
0
0
0
0
0
0
0
0
0
0
0
0
0
0
0
0
0
0
0
0
0
0
0
0
0
0
0
0
0
0
0
0
0
0
0
0
0
0
0
0
0
0
0
0
0
0
0
0
0
0
0
0
0
0
0
0
0
0
0
0
0
0
0
0
0
0
0
0
0
0
0
0
0
0
0
0
0
0
0
0
0
0
0
0
0
0
0
0
0
0
0
0
0
0
0
0
0
0
0
0
0
0
0
0
0
0
0
0
0
0
0
0
0
0
0
0
0
0
0
0
0
0
0
0
0
0
0
0
0
0
0
0
0
0
0
0
0
0
0
0
0
0
0
0
0
0
0
0
0
0
0
0
0
0
0
0
0
0
0
0
0
0
0
0
0
0
0
0
0
0
0
0
0
0
0
0
0
0
0
0
0
0
0
0
0
0
0
0
0
0
0
0
0
0
0
0
0
0
0
0
0
0
0
0
0
0
0
0
0
0
0
0
0
0
0
0
0
0
0
0
0
0
0
0
0
0
0
0
0
0
0
0
0
0
0
0
0
0
0
0
0
0
0
0
0
0
0
0
0
0
0
0
0
0
0
0
0
0
0
0
0
0
0
0
0
0
0
0
0
0
0
0
0
0
0
0
0
0
0
0
0
0
0
0
0
0
0
0
0
0
0
0
0
0
0
0
0
0
0
0
0
0
0
0
0
0
0
0
0
0
0
0
0
0
0
0
0
0
0
0
0
0
0
0
0
0
0
0
0
0
0
0
0
0
0
0
0
0
0
0
0
0
0
0
0
0
0
0
0
0
0
0
0
0
0
0
0
0
0
0
0
0
0
0
0
0
0
0
0
0
0
0
0
0
0
0
0
0
0
0
0
0
0
0
0
0
0
0
0
0
0
0
0
0
0
0
0
0
0
0
0
0
0
0
0
0
0
0
0
0
0
0
0
0
0
0
0
0
0
0
0
0
0
0
0
0
0
0
0
0
0
0
0
0
0
0
0
0
0
0
0
0
0
0
0
0
0
0
0
0
0
0
0
0
0
0
0
0
0
0
0
0
0
0
0
0
0
0
0
0
0
0
0
0
0
0
0
0
0
0
0
0
0
0
0
0
0
0
0
0
0
0
0
0
0
0
0
0
0
0
0
0
0
0
0
0
0
0
0
0
0
0
0
0
0
0
0
0
0
0
0
0
0
0
0
0
0
0
0
0
0
0
0
0
0
0
0
0
0
0
0
0
0
0
0
0
0
0
0
0
0
0
0
0
0
0
0
0
0
0
0
0
0
0
0
0
0
0
0
0
0
0
0
0
0
0
0
0
0
0
0
0
0
0
0
0
0
0
0
0
0
0
0
0
0
0
0
0
0
0
0
0
0
0
0
0
0
0
0
0
0
0
0
0
0
0
0
0
0
0
0
0
0
0
0
0
0
0
0
0
0
0
0
0
0
0
0
0
0
0
0
0
0
0
0
0
0
0
0
0
0
0
0
0
0
0
0
0
0
0
0
0
0
0
0
0
0
0
0
0
0
0
0
0
0
0
0
0
0
0
0
0
0
0
0
0
0
0
0
0
0
0
0
0
0
0
0
0
0
0
0
0
0
0
0
0
0
0
0
0
0
0
0
0
0
0
0
0
0
0
0
0
0
0
0
0
0
0
0
0
0
0
0
0
0
0
0
0
0
0
0
0
0
0
0
0
0
0
0
0
0
0
0
0
0
0
0
0
0
0
0
0
0
0
0
0
0
0
0
0
0
0
0
0
0
0
0
0
0
0
0
0
0
0
0
0
0
0
0
0
0
0
0
0
0
0
0
0
0
0
0
0
0
0
0
0
0
0
0
0
0
0
0
0
0
0
0
0
0
0
0
0
0
0
0
0
0
0
0
0
0
0
0
0
0
0
0
0
0
0
0
0
0
0
0
0
0
0
0
0
0
0
0
0
0
0
0
0
0
0
0
0
0
0
0
0
0
0
0
0
0
0
0
0
0
0
0
0
0
0
0
0
0
0
0
0
0
0
0
0
0
0
0
0
0
0
0
0
0
0
0
0
0
0
0
0
0
0
0
0
0
0
0
0
0
0
0
0
0
0
0
0
0
0
0
0
0
0
0
0
0
0
0
0
0
0
0
0
0
0
0
0
0
0
0
0
0
0
0
0
0
0
0
0
0
0
0
0
0
0
0
0
0
0
0
0
0
0
0
0
0
0
0
0
0
0
0
0
0
0
0
0
0
0
0
0
0
0
0
0
0
0
0
0
0
0
0
0
0
0
0
0
0
0
0
0
0
0
0
0
0
0
0
0
0
0
0
0
0
0
0
0
0
0
0
0
0
0
0
0
0
0
0
0
0
0
0
0
0
0
0
0
0
0
0
0
0
0
0
0
0
0
0
0
0
0
0
0
0
0
0
0
0
0
0
0
0
0
0
0
0
0
0
0
0
0
0
0
0
0
0
0
0
0
0
0
0
0
0
0
0
0
0
0
0
0
0
0
0
0
0
0
0
0
0
0
0
0
0
0
0
0
0
0
0
0
0
0
0
0
0
0
0
0
0
0
0
0
0
0
0
0
0
0
0
0
0
0
0
0
0
0
0
0
0
0
0
0
0
0
0
0
0
0
0
0
0
0
0
0
0
0
0
0
0
0
0
0
0
0
0
0
0
0
0
0
0
0
0
0
0
0
0
0
0
0
0
0
0
0
0
0
0
0
0
0
0
0
0
0
0
0
0
0
0
0
0
0
0
0
0
0
0
0
0
0
0
0
0
0
0
0
0
0
0
0
0
0
0
0
0
0
0
0
0
0
0
0
0
0
0
0
0
0
0
0
0
0
0
0
0
0
0
0
0
0
0
0
0
0
0
0
0
0
0
0
0
0
0
0
0
0
0
0
0
0
0
0
0
0
0
0
0
0
0
0
0
0
0
0
0
0
0
0
0
0
0
0
0
0
0
0
0
0
0
0
0
0
0
0
0
0
0
0
0
0
0
0
0
0
0
0
0
0
0
0
0
0
0
0
0
0
0
0
0
0
0
0
0
0
0
0
0
0
0
0
0
0
0
0
0
0
0
0
0
0
0
0
0
0
0
0
0
0
0
0
0
0
0
0
0
0
0
0
0
0
0
0
0
0
0
0
0
0
0
0
0
0
0
0
0
0
0
0
0
0
0
0
0
0
0
0
0
0
0
0
0
0
0
0
0
0
0
0
0
0
0
0
0
0
0
0
0
0
0
0
0
0
0
0
0
0
0
0
0
0
0
0
0
0
0
0
0
0
0
0
0
0
0
0
0
0
0
0
0
0
0
0
0
0
0
0
0
0
0
0
0
0
0
0
0
0
0
0
0
0
0
0
0
0
0
0
0
0
0
0
0
0
0
0
0
0
0
0
0
0
0
0
0
0
0
0
0
0
0
0
0
0
0
0
0
0
0
0
0
0
0
0
0
0
0
0
0
0
0
0
0
0
0
0
0
0
0
0
0
0
0
0
0
0
0
0
0
0
0
0
0
0
0
0
0
0
0
0
0
0
0
0
0
0
0
0
0
0
0
0
0
0
0
0
0
0
0
0
0
0
0
0
0
0
0
0
0
0
0
0
0
0
0
0
0
0
0
0
0
0
0
0
0
0
0
0
0
0
0
0
0
0
0
0
0
0
0
0
0
0
0
0
0
0
0
0
0
0
0
0
0
0
0
0
0
0
0
0
0
0
0
0
0
0
0
0
0
0
0
0
0
0
0
0
0
0
0
0
0
0
0
0
0
0
0
0
0
0
0
0
0
0
0
0
0
0
0
0
0
0
0
0
0
0
0
0
0
0
0
0
0
0
0
0
0
0
0
0
0
0
0
0
0
0
0
0
0
0
0
0
0
0
0
0
0
0
0
0
0
0
0
0
0
0
0
0
0
0
0
0
0
0
0
0
0
0
0
0
0
0
0
0
0
0
0
0
0
0
0
0
0
0
0
0
0
0
0
0
0
0
0
0
0
0
0
0
0
0
0
0
0
0
0
0
0
0
0
0
0
0
0
0
0
0
0
0
0
0
0
0
0
0
0
0
0
0
0
0
0
0
0
0
0
0
0
0
0
0
0
0
0
0
0
0
0
0
0
0
0
0
0
0
0
0
0
0
0
0
0
0
0
0
0
0
0
0
0
0
0
0
0
0
0
0
0
0
0
0
0
0
0
0
0
0
0
0
0
0
0
0
0
0
0
0
0
0
0
0
0
0
0
0
0
0
0
0
0
0
0
0
0
0
0
0
0
0
0
0
0
0
0
0
0
0
0
0
0
0
0
0
0
0
0
0
0
0
0
0
0
0
0
0
0
0
0
0
0
0
0
0
0
0
0
0
0
0
0
0
0
0
0
0
0
0
0
0
0
0
0
0
0
0
0
0
0
0
0
0
0
0
0
0
0
0
0
0
0
0
0
0
0
0
0
0
0
0
0
0
0
0
0
0
0
0
0
0
0
0
0
0
0
0
0
0
0
0
0
0
0
0
0
0
0
0
0
0
0
0
0
0
0
0
0
0
0
0
0
0
0
0
0
0
0
0
0
0
0
0
0
0
0
0
0
0
0
0
0
0
0
0
0
0
0
0
0
0
0
0
0
0
0
0
0
0
0
0
0
0
0
0
0
0
0
0
0
0
0
0
0
0
0
0
0
0
0
0
0
0
0
0
0
0
0
0
0
0
0
0
0
0
0
0
0
0
0
0
0
0
0
0
0
0
0
0
0
0
0
0
0
0
0
0
0
0
0
0
0
0
0
0
0
0
0
0
0
0
0
0
0
0
0
0
0
0
0
0
0
0
0
0
0
0
0
0
0
0
0
0
0
0
0
0
0
0
0
0
0
0
0
0
0
0
0
0
0
0
0
0
0
0
0
0
0
0
0
0
0
0
0
0
0
0
0
0
0
0
0
0
0
0
0
0
0
0
0
0
0
0
0
0
0
0
0
0
0
0
0
0
0
0
0
0
0
0
0
0
0
0
0
0
0
0
0
0
0
0
0
0
0
0
0
0
0
0
0
0
0
0
0
0
0
0
0
0
0
0
0
0
0
0
0
0
0
0
0
0
0
0
0
0
0
0
0
0
0
0
0
0
0
0
0
0
0
0
0
0
0
0
0
0
0
0
0
0
0
0
0
0
0
0
0
0
0
0
0
0
0
0
0
0
0
0
0
0
0
0
0
0
0
0
0
0
0
0
0
0
0
0
0
0
0
0
0
0
0
0
0
0
0
0
0
0
0
0
0
0
0
0
0
0
0
0
0
0
0
0
0
0
0
0
0
0
0
0
0
0
0
0
0
0
0
0
0
0
0
0
0
0
0
0
0
0
0
0
0
0
0
0
0
0
0
0
0
0
0
0
0
0
0
0
0
0
0
0
0
0
0
0
0
0
0
0
0
0
0
0
0
0
0
0
0
0
0
0
0
0
0
0
0
0
0
0
0
0
0
0
0
0
0
0
0
0
0
0
0
0
0
0
0
0
0
0
0
0
0
0
0
0
0
0
0
0
0
0
0
0
0
0
0
0
0
0
0
0
0
0
0
0
0
0
0
0
0
0
0
0
0
0
0
0
0
0
0
0
0
0
0
0
0
0
0
0
0
0
0
0
0
0
0
0
0
0
0
0
0
0
0
0
0
0
0
0
0
0
0
0
0
0
0
0
0
0
0
0
0
0
0
0
0
0
0
0
0
0
0
0
0
0
0
0
0
0
0
0
0
0
0
0
0
0
0
0
0
0
0
0
0
0
0
0
0
0
0
0
0
0
0
0
0
0
0
0
0
0
0
0
0
0
0
0
0
0
0
0
0
0
0
0
0
0
0
0
0
0
0
0
0
0
0
0
0
0
0
0
0
0
0
0
0
0
0
0
0
0
0
0
0
0
0
0
0
0
0
0
0
0
0
0
0
0
0
0
0
0
0
0
0
0
0
0
0
0
0
0
0
0
0
0
0
0
0
0
0
0
0
0
0
0
0
0
0
0
0
0
0
0
0
0
0
0
0
0
0
0
0
0
0
0
0
0
0
0
0
0
0
0
0
0
0
0
0
0
0
0
0
0
0
0
0
0
0
0
0
0
0
0
0
0
0
0
0
0
0
0
0
0
0
0
0
0
0
0
0
0
0
0
0
0
0
0
0
0
0
0
0
0
0
0
0
0
0
0
0
0
0
0
0
0
0
0
0
0
0
0
0
0
0
0
0
0
0
0
0
0
0
0
0
0
0
0
0
0
0
0
0
0
0
0
0
0
0
0
0
0
0
0
0
0
0
0
0
0
0
0
0
0
0
0
0
0
0
0
0
0
0
0
0
0
0
0
0
0
0
0
0
0
0
0
0
0
0
0
0
0
0
0
0
0
0
0
0
0
0
0
0
0
0
0
0
0
0
0
0
0
0
0
0
0
0
0
0
0
0
0
0
0
0
0
0
0
0
0
0
0
0
0
0
0
0
0
0
0
0
0
0
0
0
0
0
0
0
0
0
0
0
0
0
0
0
0
0
0
0
0
0
0
0
0
0
0
0
0
0
0
0
0
0
0
0
0
0
0
0
0
0
0
0
0
0
0
0
0
0
0
0
0
0
0
0
0
0
0
0
0
0
0
0
0
0
0
0
0
0
0
0
0
0
0
0
0
0
0
0
0
0
0
0
0
0
0
0
0
0
0
0
0
0
0
0
0
0
0
0
0
0
0
0
0
0
0
0
0
0
0
0
0
0
0
0
0
0
0
0
0
0
0
0
0
0
0
0
0
0
0
0
0
0
0
0
0
0
0
0
0
0
0
0
0
0
0
0
0
0
0
0
0
0
0
0
0
0
0
0
0
0
0
0
0
0
0
0
0
0
0
0
0
0
0
0
0
0
0
0
0
0
0
0
0
0
0
0
0
0
0
0
0
0
0
0
0
0
0
0
0
0
0
0
0
0
0
0
0
0
0
0
0
0
0
0
0
0
0
0
0
0
0
0
0
0
0
0
0
0
0
0
0
0
0
0
0
0
0
0
0
0
0
0
0
0
0
0
0
0
0
0
0
0
0
0
0
0
0
0
0
0
0
0
0
0
0
0
0
0
0
0
0
0
0
0
0
0
0
0
0
0
0
0
0
0
0
0
0
0
0
0
0
0
0
0
0
0
0
0
0
0
0
0
0
0
0
0
0
0
0
0
0
0
0
0
0
0
0
0
0
0
0
0
0
0
0
0
0
0
0
0
0
0
0
0
0
0
0
0
0
0
0
0
0
0
0
0
0
0
0
0
0
0
0
0
0
0
0
0
0
0
0
0
0
0
0
0
0
0
0
0
0
0
0
0
0
0
0
0
0
0
0
0
0
0
0
0
0
0
0
0
0
0
0
0
0
0
0
0
0
0
0
0
0
0
0
0
0
0
0
0
0
0
0
0
0
0
0
0
0
0
0
0
0
0
0
0
0
0
0
0
0
0
0
0
0
0
0
0
0
0
0
0
0
0
0
0
0
0
0
0
0
0
0
0
0
0
0
0
0
0
0
0
0
0
0
0
0
0
0
0
0
0
0
0
0
0
0
0
0
0
0
0
0
0
0
0
0
0
0
0
0
0
0
0
0
0
0
0
0
0
0
0
0
0
0
0
0
0
0
0
0
0
0
0
0
0
0
0
0
0
0
0
0
0
0
0
0
0
0
0
0
0
0
0
0
0
0
0
0
0
0
0
0
0
0
0
0
0
0
0
0
0
0
0
0
0
0
0
0
0
0
0
0
0
0
0
0
0
0
0
0
0
0
0
0
0
0
0
0
0
0
0
0
0
0
0
0
0
0
0
0
0
0
0
0
0
0
0
0
0
0
0
0
0
0
0
0
0
0
0
0
0
0
0
0
0
0
0
0
0
0
0
0
0
0
0
0
0
0
0
0
0
0
0
0
0
0
0
0
0
0
0
0
0
0
0
0
0
0
0
0
0
0
0
0
0
0
0
0
0
0
0
0
0
0
0
0
0
0
0
0
0
0
0
0
0
0
0
0
0
0
0
0
0
0
0
0
0
0
0
0
0
0
0
0
0
0
0
0
0
0
0
0
0
0
0
0
0
0
0
0
0
0
0
0
0
0
0
0
0
0
0
0
0
0
0
0
0
0
0
0
0
0
0
0
0
0
0
0
0
0
0
0
0
0
0
0
0
0
0
0
0
0
0
0
0
0
0
0
0
0
0
0
0
0
0
0
0
0
0
0
0
0
0
0
0
0
0
0
0
0
0
0
0
0
0
0
0
0
0
0
0
0
0
0
0
0
0
0
0
0
0
0
0
0
0
0
0
0
0
0
0
0
0
0
0
0
0
0
0
0
0
0
0
0
0
0
0
0
0
0
0
0
0
0
0
0
0
0
0
0
0
0
0
0
0
0
0
0
0
0
0
0
0
0
0
0
0
0
0
0
0
0
0
0
0
0
0
0
0
0
0
0
0
0
0
0
0
0
0
0
0
0
0
0
0
0
0
0
0
0
0
0
0
0
0
0
0
0
0
0
0
0
0
0
0
0
0
0
0
0
0
0
0
0
0
0
0
0
0
0
0
0
0
0
0
0
0
0
0
0
0
0
0
0
0
0
0
0
0
0
0
0
0
0
0
0
0
0
0
0
0
0
0
0
0
0
0
0
0
0
0
0
0
0
0
0
0
0
0
0
0
0
0
0
0
0
0
0
0
0
0
0
0
0
0
0
0
0
0
0
0
0
0
0
0
0
0
0
0
0
0
0
0
0
0
0
0
0
0
0
0
0
0
0
0
0
0
0
0
0
0
0
0
0
0
0
0
0
0
0
0
0
0
0
0
0
0
0
0
0
0
0
0
0
0
0
0
0
0
0
0
0
0
0
0
0
0
0
0
0
0
0
0
0
0
0
0
0
0
0
0
0
0
0
0
0
0
0
0
0
0
0
0
0
0
0
0
0
0
0
0
0
0
0
0
0
0
0
0
0
0
0
0
0
0
0
0
0
0
0
0
0
0
0
0
0
0
0
0
0
0
0
0
0
0
0
0
0
0
0
0
0
0
0
0
0
0
0
0
0
0
0
0
0
0
0
0
0
0
0
0
0
0
0
0
0
0
0
0
0
0
0
0
0
0
0
0
0
0
0
0
0
0
0
0
0
0
0
0
0
0
0
0
0
0
0
0
0
0
0
0
0
0
0
0
0
0
0
0
0
0
0
0
0
0
0
0
0
0
0
0
0
0
0
0
0
0
0
0
0
0
0
0
0
0
0
0
0
0
0
0
0
0
0
0
0
0
0
0
0
0
0
0
0
0
0
0
0
0
0
0
0
0
0
0
0
0
0
0
0
0
0
0
0
0
0
0
0
0
0
0
0
0
0
0
0
0
0
0
0
0
0
0
0
0
0
0
0
0
0
0
0
0
0
0
0
0
0
0
0
0
0
0
0
0
0
0
0
0
0
0
0
0
0
0
0
0
0
0
0
0
0
0
0
0
0
0
0
0
0
0
0
0
0
0
0
0
0
0
0
0
0
0
0
0
0
0
0
0
0
0
0
0
0
0
0
0
0
0
0
0
0
0
0
0
0
0
0
0
0
0
0
0
0
0
0
0
0
0
0
0
0
0
0
0
0
0
0
0
0
0
0
0
0
0
0
0
0
0
0
0
0
0
0
0
0
0
0
0
0
0
0
0
0
0
0
0
0
0
0
0
0
0
0
0
0
0
0
0
0
0
0
0
0
0
0
0
0
0
0
0
0
0
0
0
0
0
0
0
0
0
0
0
0
0
0
0
0
0
0
0
0
0
0
0
0
0
0
0
0
0
0
0
0
0
0
0
0
0
0
0
0
0
0
0
0
0
0
0
0
0
0
0
0
0
0
0
0
0
0
0
0
0
0
0
0
0
0
0
0
0
0
0
0
0
0
0
0
0
0
0
0
0
0
0
0
0
0
0
0
0
0
0
0
0
0
0
0
0
0
0
0
0
0
0
0
0
0
0
0
0
0
0
0
0
0
0
0
0
0
0
0
0
0
0
0
0
0
0
0
0
0
0
0
0
0
0
0
0
0
0
0
0
0
0
0
0
0
0
0
0
0
0
0
0
0
0
0
0
0
0
0
0
0
0
0
0
0
0
0
0
0
0
0
0
0
0
0
0
0
0
0
0
0
0
0
0
0
0
0
0
0
0
0
0
0
0
0
0
0
0
0
0
0
0
0
0
0
0
0
0
0
0
0
0
0
0
0
0
0
0
0
0
0
0
0
0
0
0
0
0
0
0
0
0
0
0
0
0
0
0
0
0
0
0
0
0
0
0
0
0
0
0
0
0
0
0
0
0
0
0
0
0
0
0
0
0
0
0
0
0
0
0
0
0
0
0
0
0
0
0
0
0
0
0
0
0
0
0
0
0
0
0
0
0
0
0
0
0
0
0
0
0
0
0
0
0
0
0
0
0
0
0
0
0
0
0
0
0
0
0
0
0
0
0
0
0
0
0
0
0
0
0
0
0
0
0
0
0
0
0
0
0
0
0
0
0
0
0
0
0
0
0
0
0
0
0
0
0
0
0
0
0
0
0
0
0
0
0
0
0
0
0
0
0
0
0
0
0
0
0
0
0
0
0
0
0
0
0
0
0
0
0
0
0
0
0
0
0
0
0
0
0
0
0
0
0
0
0
0
0
0
0
0
0
0
0
0
0
0
0
0
0
0
0
0
0
0
0
0
0
0
0
0
0
0
0
0
0
0
0
0
0
0
0
0
0
0
0
0
0
0
0
0
0
0
0
0
0
0
0
0
0
0
0
0
0
0
0
0
0
0
0
0
0
0
0
0
0
0
0
0
0
0
0
0
0
0
0
0
0
0
0
0
0
0
0
0
0
0
0
0
0
0
0
0
0
0
0
0
0
0
0
0
0
0
0
0
0
0
0
0
0
0
0
0
0
0
0
0
0
0
0
0
0
0
0
0
0
0
0
0
0
0
0
0
0
0
0
0
0
0
0
0
0
0
0
0
0
0
0
0
0
0
0
0
0
0
0
0
0
0
0
0
0
0
0
0
0
0
0
0
0
0
0
0
0
0
0
0
0
0
0
0
0
0
0
0
0
0
0
0
0
0
0
0
0
0
0
0
0
0
0
0
0
0
0
0
0
0
0
0
0
0
0
0
0
0
0
0
0
0
0
0
0
0
0
0
0
0
0
0
0
0
0
0
0
0
0
0
0
0
0
0
0
0
0
0
0
0
0
0
0
0
0
0
0
0
0
0
0
0
0
0
0
0
0
0
0
0
0
0
0
0
0
0
0
0
0
0
0
0
0
0
0
0
0
0
0
0
0
0
0
0
0
0
0
0
0
0
0
0
0
0
0
0
0
0
0
0
0
0
0
0
0
0
0
0
0
0
0
0
0
0
0
0
0
0
0
0
0
0
0
0
0
0
0
0
0
0
0
0
0
0
0
0
0
0
0
0
0
0
0
0
0
0
0
0
0
0
0
0
0
0
0
0
0
0
0
0
0
0
0
0
0
0
0
0
0
0
0
0
0
0
0
0
0
0
0
0
0
0
0
0
0
0
0
0
0
0
0
0
0
0
0
0
0
0
0
0
0
0
0
0
0
0
0
0
0
0
0
0
0
0
0
0
0
0
0
0
0
0
0
0
0
0
0
0
0
0
0
0
0
0
0
0
0
0
0
0
0
0
0
0
0
0
0
0
0
0
0
0
0
0
0
0
0
0
0
0
0
0
0
0
0
0
0
0
0
0
0
0
0
0
0
0
0
0
0
0
0
0
0
0
0
0
0
0
0
0
0
0
0
0
0
0
0
0
0
0
0
0
0
0
0
0
0
0
0
0
0
0
0
0
0
0
0
0
0
0
0
0
0
0
0
0
0
0
0
0
0
0
0
0
0
0
0
0
0
0
0
0
0
0
0
0
0
0
0
0
0
0
0
0
0
0
0
0
0
0
0
0
0
0
0
0
0
0
0
0
0
0
0
0
0
0
0
0
0
0
0
0
0
0
0
0
0
0
0
0
0
0
0
0
0
0
0
0
0
0
0
0
0
0
0
0
0
0
0
0
0
0
0
0
0
0
0
0
0
0
0
0
0
0
0
0
0
0
0
0
0
0
0
0
0
0
0
0
0
0
0
0
0
0
0
0
0
0
0
0
0
0
0
0
0
0
0
0
0
0
0
0
0
0
0
0
0
0
0
0
0
0
0
0
0
0
0
0
0
0
0
0
0
0
0
0
0
0
0
0
0
0
0
0
0
0
0
0
0
0
0
0
0
0
0
0
0
0
0
0
0
0
0
0
0
0
0
0
0
0
0
0
0
0
0
0
0
0
0
0
0
0
0
0
0
0
0
0
0
0
0
0
0
0
0
0
0
0
0
0
0
0
0
0
0
0
0
0
0
0
0
0
0
0
0
0
0
0
0
0
0
0
0
0
0
0
0
0
0
0
0
0
0
0
0
0
0
0
0
0
0
0
0
0
0
0
0
0
0
0
0
0
0
0
0
0
0
0
0
0
0
0
0
0
0
0
0
0
0
0
0
0
0
0
0
0
0
0
0
0
0
0
0
0
0
0
0
0
0
0
0
0
0
0
0
0
0
0
0
0
0
0
0
0
0
0
0
0
0
0
0
0
0
0
0
0
0
0
0
0
0
0
0
0
0
0
0
0
0
0
0
0
0
0
0
0
0
0
0
0
0
0
0
0
0
0
0
0
0
0
0
0
0
0
0
0
0
0
0
0
0
0
0
0
0
0
0
0
0
0
0
0
0
0
0
0
0
0
0
0
0
0
0
0
0
0
0
0
0
0
0
0
0
0
0
0
0
0
0
0
0
0
0
0
0
0
0
0
0
0
0
0
0
0
0
0
0
0
0
0
0
0
0
0
0
0
0
0
0
0
0
0
0
0
0
0
0
0
0
0
0
0
0
0
0
0
0
0
0
0
0
0
0
0
0
0
0
0
0
0
0
0
0
0
0
0
0
0
0
0
0
0
0
0
0
0
0
0
0
0
0
0
0
0
0
0
0
0
0
0
0
0
0
0
0
0
0
0
0
0
0
0
0
0
0
0
0
0
0
0
0
0
0
0
0
0
0
0
0
0
0
0
0
0
0
0
0
0
0
0
0
0
0
0
0
0
0
0
0
0
0
0
0
0
0
0
0
0
0
0
0
0
0
0
0
0
0
0
0
0
0
0
0
0
0
0
0
0
0
0
0
0
0
0
0
0
0
0
0
0
0
0
0
0
0
0
0
0
0
0
0
0
0
0
0
0
0
0
0
0
0
0
0
0
0
0
0
0
0
0
0
0
0
0
0
0
0
0
0
0
0
0
0
0
0
0
0
0
0
0
0
0
0
0
0
0
0
0
0
0
0
0
0
0
0
0
0
0
0
0
0
0
0
0
0
0
0
0
0
0
0
0
0
0
0
0
0
0
0
0
0
0
0
0
0
0
0
0
0
0
0
0
0
0
0
0
0
0
0
0
0
0
0
0
0
0
0
0
0
0
0
0
0
0
0
0
0
0
0
0
0
0
0
0
0
0
0
0
0
0
0
0
0
0
0
0
0
0
0
0
0
0
0
0
0
0
0
0
0
0
0
0
0
0
0
0
0
0
0
0
0
0
0
0
0
0
0
0
0
0
0
0
0
0
0
0
0
0
0
0
0
0
0
0
0
0
0
0
0
0
0
0
0
0
0
0
0
0
0
0
0
0
0
0
0
0
0
0
0
0
0
0
0
0
0
0
0
0
0
0
0
0
0
0
0
0
0
0
0
0
0
0
0
0
0
0
0
0
0
0
0
0
0
0
0
0
0
0
0
0
0
0
0
0
0
0
0
0
0
0
0
0
0
0
0
0
0
0
0
0
0
0
0
0
0
0
0
0
0
0
0
0
0
0
0
0
0
0
0
0
0
0
0
0
0
0
0
0
0
0
0
0
0
0
0
0
0
0
0
0
0
0
0
0
0
0
0
0
0
0
0
0
0
0
0
0
0
0
0
0
0
0
0
0
0
0
0
0
0
0
0
0
0
0
0
0
0
0
0
0
0
0
0
0
0
0
0
0
0
0
0
0
0
0
0
0
0
0
0
0
0
0
0
0
0
0
0
0
0
0
0
0
0
0
0
0
0
0
0
0
0
0
0
0
0
0
0
0
0
0
0
0
0
0
0
0
0
0
0
0
0
0
0
0
0
0
0
0
0
0
0
0
0
0
0
0
0
0
0
0
0
0
0
0
0
0
0
0
0
0
0
0
0
0
0
0
0
0
0
0
0
0
0
0
0
0
0
0
0
0
0
0
0
0
0
0
0
0
0
0
0
0
0
0
0
0
0
0
0
0
0
0
0
0
0
0
0
0
0
0
0
0
0
0
0
0
0
0
0
0
0
0
0
0
0
0
0
0
0
0
0
0
0
0
0
0
0
0
0
0
0
0
0
0
0
0
0
0
0
0
0
0
0
0
0
0
0
0
0
0
0
0
0
0
0
0
0
0
0
0
0
0
0
0
0
0
0
0
0
0
0
0
0
0
0
0
0
0
0
0
0
0
0
0
0
0
0
0
0
0
0
0
0
0
0
0
0
0
0
0
0
0
0
0
0
0
0
0
0
0
0
0
0
0
0
0
0
0
0
0
0
0
0
0
0
0
0
0
0
0
0
0
0
0
0
0
0
0
0
0
0
0
0
0
0
0
0
0
0
0
0
0
0
0
0
0
0
0
0
0
0
0
0
0
0
0
0
0
0
0
0
0
0
0
0
0
0
0
0
0
0
0
0
0
0
0
0
0
0
0
0
0
0
0
0
0
0
0
0
0
0
0
0
0
0
0
0
0
0
0
0
0
0
0
0
0
0
0
0
0
0
0
0
0
0
0
0
0
0
0
0
0
0
0
0
0
0
0
0
0
0
0
0
0
0
0
0
0
0
0
0
0
0
0
0
0
0
0
0
0
0
0
0
0
0
0
0
0
0
0
0
0
0
0
0
0
0
0
0
0
0
0
0
0
0
0
0
0
0
0
0
0
0
0
0
0
0
0
0
0
0
0
0
0
0
0
0
0
0
0
0
0
0
0
0
0
0
0
0
0
0
0
0
0
0
0
0
0
0
0
0
0
0
0
0
0
0
0
0
0
0
0
0
0
0
0
0
0
0
0
0
0
0
0
0
0
0
0
0
0
0
0
0
0
0
0
0
0
0
0
0
0
0
0
0
0
0
0
0
0
0
0
0
0
0
0
0
0
0
0
0
0
0
0
0
0
0
0
0
0
0
0
0
0
0
0
0
0
0
0
0
0
0
0
0
0
0
0
0
0
0
0
0
0
0
0
0
0
0
0
0
0
0
0
0
0
0
0
0
0
0
0
0
0
0
0
0
0
0
0
0
0
0
0
0
0
0
0
0
0
0
0
0
0
0
0
0
0
0
0
0
0
0
0
0
0
0
0
0
0
0
0
0
0
0
0
0
0
0
0
0
0
0
0
0
0
0
0
0
0
0
0
0
0
0
0
0
0
0
0
0
0
0
0
0
0
0
0
0
0
