172
135
139
125
147
186
212
200
197
176
171
171
203
220
237
254
225
196
175
138
130
114
138
193
187
216
187
175
144
113
98
129
141
196
185
195
196
238
229
198
132
91
71
59
87
125
158
195
136
90
47
40
79
135
207
258
322
282
236
88
-24
-84
-98
2
142
311
418
397
285
139
43
27
86
133
232
271
286
268
259
272
272
190
154
39
14
-20
39
71
186
247
214
123
23
-96
-93
-45
35
129
184
200
174
146
107
85
76
77
160
198
290
327
330
325
257
216
124
56
14
45
137
249
369
462
488
428
304
218
185
251
345
424
431
370
308
158
51
96
105
223
225
300
288
269
144
88
24
55
53
82
165
213
299
292
211
182
147
70
125
173
232
306
354
263
144
58
30
153
272
421
490
498
370
192
-23
-71
-20
35
119
161
186
113
148
195
265
269
121
68
50
50
56
102
130
80
80
-15
-8
47
151
247
265
290
271
230
220
288
339
348
421
466
462
470
413
437
478
522
372
381
286
357
455
518
600
645
518
308
82
-58
-70
-80
-26
30
146
292
387
366
342
247
204
134
95
44
118
206
249
278
279
300
348
340
244
150
-53
-233
-279
-263
-206
-124
31
136
218
205
209
213
-22
-203
-433
-450
-495
-439
-374
-258
-47
13
39
92
99
156
150
63
-25
-3
33
217
475
631
740
672
644
613
722
670
699
690
710
798
780
929
1127
1451
1509
1331
968
563
272
173
296
540
889
1157
1380
1353
1149
892
701
547
477
471
434
467
382
289
74
-169
-343
-469
-493
-507
-609
-680
-727
-721
-655
-653
-652
-690
-795
-919
-1079
-1178
-1219
-1144
-1053
-989
-905
-861
-824
-797
-800
-838
-853
-889
-903
-879
-727
-554
-263
68
408
668
879
1076
1231
1208
933
572
509
784
920
1287
1442
1957
2423
2700
3109
2974
3106
3034
2888
2857
2976
3161
3099
2663
2187
1850
1785
1627
1922
1864
1689
736
-848
-2314
-3006
-2633
-1309
271
1414
2093
2192
1755
1090
212
-373
-670
-801
-922
-1022
-1293
-1437
-1330
-1012
-524
-45
369
660
632
333
-48
-654
-1533
-2791
-3950
-4485
-4324
-3377
-2140
-1034
-206
177
185
-242
-870
-1475
-1873
-2257
-2611
-2770
-2689
-2181
-1535
-741
-102
269
371
188
-50
-291
-286
-143
59
250
340
481
602
835
1273
1804
2321
2780
3054
2898
2726
2879
3428
3904
4438
4480
4904
5150
5354
5575
5221
4247
2815
642
-3500
-6710
-8111
-6996
-3611
-195
2858
4660
4967
4810
4158
2609
1249
295
-816
-1646
-2397
-3301
-3595
-3444
-2334
-721
603
1689
2533
2557
2210
1709
835
-55
-722
-1185
-1474
-1823
-2084
-1968
-1700
-1215
-431
-773
-1476
-2268
-2835
-2821
-2821
-2335
-1803
-1341
-998
-855
-996
-1270
-1220
-1238
-1465
-1758
-2117
-2285
-2290
-2003
-1553
-1097
-660
-255
59
262
453
643
742
704
660
541
316
147
50
440
994
1787
2489
2970
3238
3402
3746
4091
4336
4474
4357
4405
4286
4180
4120
4469
4700
4860
4806
4220
1364
-3090
-6962
-8440
-6886
-3417
119
2663
3710
3924
3832
3435
2734
1996
1256
504
-486
-1761
-3015
-3782
-3741
-2734
-1198
145
930
1452
1720
1714
1506
1159
751
144
-454
-907
-1497
-2439
-3720
-4985
-5618
-5231
-3986
-2277
-879
10
349
274
-116
-721
-1183
-1542
-2047
-2658
-3248
-3488
-3229
-2520
-1541
-693
-91
92
83
-19
-83
-1
249
397
449
517
763
1084
1338
1235
1124
1066
1506
2052
2709
3016
3359
3765
4023
4209
4541
5308
5368
5259
5012
5018
5164
5420
5438
5060
4394
3333
1951
-1042
-4728
-7626
-7439
-4681
-1504
869
2116
2900
3081
3319
3570
3368
2451
1038
-178
-1371
-2574
-3715
-4058
-3463
-2293
-1126
-179
442
823
1148
1472
1797
1710
1172
372
-223
-791
-1536
-2702
-4113
-5645
-6448
-5872
-4342
-2525
-1212
-399
-9
201
191
-183
-531
-948
-1762
-2864
-3804
-4076
-3718
-2954
-2094
-1375
-846
-576
-459
-111
404
834
964
869
561
151
-94
-106
180
566
917
1251
1686
2161
2742
3089
3449
3553
3671
3826
4302
4682
4969
5010
5282
5423
5261
5076
5327
5403
5343
4698
3767
2108
-780
-4592
-7748
-7828
-5198
-1735
370
477
226
967
2476
3532
3742
3384
2777
1948
875
-402
-1819
-2707
-3052
-2786
-2373
-1779
-1387
-1309
-1049
-384
772
1657
1720
1379
983
762
256
-889
-2883
-4927
-5743
-5396
-4511
-3770
-3472
-3140
-2477
-1434
-516
162
343
307
-82
-750
-1607
-2349
-2594
-2447
-2122
-1862
-1814
-1768
-1452
-624
477
1383
1829
1699
1374
1060
993
1106
1268
1286
1192
1180
1495
2064
2655
2955
2931
2941
3159
3566
3834
3952
3985
3996
4267
4715
5009
4964
4492
4069
3879
4218
4653
4651
4078
2773
726
-1731
-3479
-3825
-2616
-708
529
272
-736
-1417
-883
544
1817
1954
1103
-39
-756
-707
-243
86
12
-272
-495
-450
-175
76
47
-194
-437
-498
-444
-346
-426
-644
-876
-1010
-1000
-989
-1093
-1308
-1451
-1339
-1036
-710
-679
-964
-1296
-1388
-1164
-845
-733
-958
-1322
-1551
-1433
-1082
-669
-500
-621
-824
-981
-965
-812
-638
-562
-546
-532
-457
-361
-161
-57
-147
-243
-248
-185
-13
128
186
176
185
218
221
293
445
577
612
585
523
525
645
808
921
995
1024
1022
1039
1063
1042
963
888
852
879
967
1092
1213
1299
1345
1376
1390
1329
1128
762
316
-5
-44
168
387
391
126
-235
-422
-327
-93
59
-29
-252
-466
-566
-563
-509
-495
-546
-640
-750
-820
-789
-618
-373
-149
-29
22
12
-15
-106
-299
-567
-833
-941
-816
-653
-619
-752
-979
-1075
-931
-646
-433
-474
-664
-868
-890
-708
-434
-289
-288
-425
-578
-610
-471
-227
45
209
216
88
-74
-126
3
209
316
363
346
300
284
401
488
593
612
688
766
915
1079
1118
1063
912
806
784
896
1040
1126
1140
1180
1333
1624
1798
1805
1746
1682
1907
2199
2283
2070
1800
1702
1928
2286
2495
2410
1967
1163
34
-924
-1243
-830
-191
3
-439
-1032
-1243
-845
-322
-13
-134
-302
-216
95
248
154
22
-1
196
390
331
41
-262
-444
-500
-757
-1360
-2278
-3007
-3279
-3134
-2745
-2579
-2692
-2858
-2618
-2020
-1335
-1051
-1281
-1558
-1576
-1452
-1392
-1519
-1655
-1762
-1606
-1379
-1222
-1017
-727
-182
364
805
965
1069
1065
1062
988
939
752
872
1305
1678
2070
2295
2307
2772
3561
4157
4562
5242
5472
5231
5085
5124
5443
6318
7274
7601
7215
7234
7292
7127
6865
5752
4235
873
-2994
-7458
-9552
-7840
-4188
-1168
-560
-1032
-855
751
3417
4818
5235
4729
4160
3411
1985
299
-1397
-2297
-2892
-3426
-3542
-3699
-3788
-3688
-2958
-1598
-73
421
-470
-1566
-2583
-2831
-2976
-3062
-3642
-4181
-4419
-4597
-4649
-4409
-3855
-3113
-2661
-2353
-2519
-2575
-2552
-2163
-1555
-1198
-1078
-1244
-1155
-557
427
1141
1048
536
37
96
695
1348
1826
2328
2519
2414
2739
3015
3618
4400
5135
5996
6333
6606
6570
6349
6554
7658
9621
10964
11048
10196
8083
6789
4947
1224
-6150
-12977
-14401
-10456
-4998
-1797
-606
-356
1046
4247
6791
7812
6976
5871
4485
2749
625
-1840
-3893
-5590
-6139
-5336
-4177
-3931
-4080
-3296
-1455
1391
3219
3640
3086
2264
1136
-772
-3027
-5970
-7918
-8999
-9359
-8558
-7227
-5668
-4216
-2460
-549
448
550
-133
-930
-1720
-2598
-3623
-4655
-4931
-4265
-2935
-1449
-124
973
1911
2222
2102
1421
909
422
145
407
1178
2234
2695
3575
4194
5217
6262
7116
6992
6554
6437
6228
6417
8195
9645
10265
10168
9465
8889
8727
5798
-104
-8887
-15908
-15870
-10168
-3651
-444
435
800
1489
3961
6122
7262
6708
5702
4490
2640
298
-2856
-5400
-6593
-6131
-4889
-3811
-3585
-3810
-2637
-403
2126
3232
3628
3374
2592
1625
-328
-3407
-7148
-10285
-12042
-11116
-8795
-6894
-5509
-4093
-2122
-229
1147
1622
823
-391
-2115
-3838
-5325
-6039
-5777
-4688
-3269
-2084
-821
545
1916
2776
3051
2274
985
115
-66
834
1960
2898
2656
2649
3527
4456
5778
7775
8112
7761
7120
7517
9050
10531
11630
12285
11523
10363
8890
3228
-5559
-14343
-19327
-16356
-9140
-2596
121
667
1364
3116
6232
8844
9548
8059
5916
3768
1192
-2023
-5447
-7826
-8391
-7125
-5641
-4670
-4223
-3454
-1338
1851
4432
5314
4944
3824
2307
262
-2180
-5219
-8607
-11345
-12296
-11591
-9397
-7056
-4665
-2399
-253
1108
1761
1609
1023
-215
-1854
-3870
-5550
-6361
-5768
-4411
-2690
-1265
4
1160
2316
2911
2790
1896
1102
596
919
1768
2398
2928
3860
4615
5407
6281
7463
8139
8321
8074
7794
8495
10006
11319
11524
10793
9588
6927
107
-9599
-16397
-17038
-12465
-5936
-1240
638
90
1193
4076
6900
9355
9266
7275
5046
2489
-340
-3471
-5940
-7334
-7105
-6013
-5004
-4995
-4660
-3059
-578
2471
4469
4843
3512
1538
-989
-3442
-5596
-7239
-8241
-8498
-8216
-7673
-7053
-5884
-3783
-1391
335
882
192
-924
-1902
-2270
-2464
-2884
-3466
-3703
-3159
-2090
-811
298
1346
1975
2429
2433
2412
2214
2436
2710
2942
3585
3849
5128
5890
6233
7155
8468
9279
9537
10357
10084
9992
10367
10041
8850
6385
-615
-9963
-16121
-16177
-11543
-5698
-1374
-226
-1075
106
3138
6296
9219
9500
7623
5452
2617
-455
-3071
-5177
-6256
-6143
-5717
-5447
-6214
-6100
-4320
-1484
1907
4163
3961
2572
94
-2068
-2977
-4131
-5288
-6564
-8101
-8955
-9129
-8017
-5970
-3607
-1652
-775
-910
-959
-905
-583
-347
-882
-2028
-3115
-3451
-2600
-1283
70
1003
1343
1589
2204
2933
3612
4102
4245
4204
4112
4991
5769
7198
7714
8790
8947
9297
10218
11143
11309
10950
10044
9120
2910
-6566
-13194
-15399
-12907
-7066
-2905
-2060
-3286
-3226
-95
4088
8355
9814
8861
7175
5259
2939
746
-1803
-3832
-4833
-5555
-6197
-7662
-8583
-7877
-5271
-1637
1334
2067
1903
1227
789
410
-1093
-2662
-4522
-5863
-6690
-7448
-8212
-8288
-7422
-5747
-4017
-2782
-2099
-1680
-1049
-96
512
372
-319
-1097
-1233
-588
237
1134
1612
1881
2233
2576
3197
3773
4291
5306
6225
6746
7754
8766
9409
9757
10973
11254
11330
11206
9887
8528
7093
1261
-6486
-11718
-12585
-9939
-5606
-2884
-3164
-4059
-3131
175
3762
7319
8176
7255
6016
5052
3934
2432
632
-1504
-2988
-4609
-5912
-7603
-8590
-8099
-6187
-3648
-2233
-1883
-2615
-2332
-1515
-362
-132
-876
-2417
-3743
-4339
-4542
-4628
-4971
-5171
-5386
-5374
-5059
-4441
-3531
-2615
-1605
-1063
-822
-763
-265
679
1971
2915
3265
3141
3356
3874
4128
4467
4545
5165
5678
6282
7444
7637
8424
9776
10414
11483
11745
10475
9897
7459
667
-6162
-9571
-9298
-7469
-4635
-4346
-5813
-5991
-3758
-232
3181
6588
7069
6823
6096
5699
4644
3874
2927
1685
-131
-2543
-4714
-7164
-7731
-7261
-6071
-5241
-4760
-4888
-4729
-4595
-4063
-2739
-2074
-1488
-1955
-2921
-3652
-3493
-3162
-2971
-2971
-3701
-4244
-4493
-3774
-3018
-2000
-1656
-1575
-1610
-933
175
1579
2895
3424
3714
3871
4697
5658
5975
6220
6290
6529
7653
8557
9094
10224
10685
11031
10530
9019
8570
3979
-2463
-6874
-7569
-6664
-4680
-4109
-5434
-6793
-5762
-3013
-792
2626
5235
6473
6671
6404
5854
5367
5684
5287
3790
1069
-1218
-3822
-5679
-6387
-6414
-6131
-6018
-5510
-6338
-6760
-6503
-4954
-3317
-1875
-1834
-2380
-2623
-2328
-1608
-1388
-1457
-2192
-2909
-3698
-4011
-3837
-3215
-2416
-1923
-1525
-1049
169
1143
2213
2690
3244
3855
5008
5951
6386
6930
7675
8353
9004
9679
10064
10532
11011
10658
9405
8219
2639
-3917
-6632
-6873
-6187
-5233
-5616
-6838
-6894
-5497
-3323
-1974
1340
3891
5210
5111
4787
4794
5321
6797
6792
5147
3013
1315
-884
-2456
-3379
-3999
-4293
-5264
-6340
-8298
-9412
-9478
-7906
-6453
-5075
-4431
-3914
-2833
-1373
-41
605
1085
589
-121
-1130
-1700
-1926
-1866
-2071
-2594
-2605
-1808
-197
962
1620
1782
2595
3769
5241
6058
6710
7465
8048
9211
9599
9979
10582
10424
10288
10245
7161
2182
-2370
-3398
-2954
-4271
-4984
-7051
-8270
-7760
-6839
-6387
-4733
-1382
462
1497
2038
3402
4930
7301
8147
7979
7250
6314
4888
2302
568
-717
-1745
-3459
-5809
-8514
-10126
-10617
-10510
-9578
-8740
-7587
-6747
-5582
-4214
-2358
-633
475
910
649
604
647
793
659
493
69
-62
185
662
1198
1390
1422
1488
2074
2270
2825
3759
5007
6012
7000
8027
8849
10039
10506
10803
11439
8622
4441
1118
421
-129
-2079
-3626
-5338
-7061
-7465
-8240
-8563
-6878
-3832
-2699
-2123
-1173
402
2161
4040
4859
5619
6411
6427
5483
4231
4117
4198
3223
450
-1952
-3721
-5183
-6565
-8213
-8898
-8764
-9125
-9716
-9443
-8374
-6409
-5075
-4202
-3121
-1544
-180
477
1193
1781
2770
3203
3170
3299
3756
3738
3177
2531
2558
2775
3094
3254
3818
4672
5698
6425
6391
7409
8378
7885
9001
6901
3272
1472
1654
990
-1250
-1457
-1722
-4016
-4604
-5215
-6094
-4687
-2828
-3430
-3521
-2515
-1585
-1140
-606
747
1684
2368
2668
2265
2494
3792
4206
3374
2303
1388
497
-1288
-3018
-3940
-4775
-5597
-6739
-8158
-7800
-7703
-7185
-6731
-5876
-4439
-3253
-2493
-1442
-111
881
1613
1901
2569
3541
4190
4221
4301
4878
5008
5318
5262
5664
6320
6896
6642
6892
6805
6462
6901
6833
6050
3142
605
885
229
-1386
-1236
-1570
-3024
-4062
-5213
-5616
-4815
-3557
-4169
-4235
-3524
-3192
-3124
-2814
-941
244
1278
1686
1994
2569
3290
3266
2426
2488
2270
942
-963
-2060
-2650
-3497
-4836
-5809
-6250
-6577
-6572
-6833
-6313
-5452
-4871
-4584
-3841
-2564
-1628
-854
-55
1099
2196
3017
3578
4456
5633
6274
6630
6788
7415
7761
7826
7659
7913
7742
7277
6826
7082
6422
3699
1971
2172
1388
-535
-758
-1099
-2520
-4073
-4928
-4982
-4532
-3786
-4490
-4620
-3830
-3700
-3874
-3215
-1414
-876
-268
229
838
1328
1503
1322
1389
1945
1593
387
-517
-798
-1257
-2257
-3001
-3310
-3765
-4611
-5111
-5336
-4996
-4805
-4838
-4527
-3857
-3203
-2717
-1881
-713
360
1119
1779
2588
3537
4524
5407
6085
7097
7784
8250
8623
9261
9691
9366
9170
9098
8930
6820
4233
3051
3086
1574
-682
-160
-593
-2910
-4517
-4594
-4462
-4502
-4440
-5074
-4613
-4068
-4483
-4346
-3138
-1632
-1575
-1104
-106
672
756
463
1005
1575
1663
640
-125
-449
-1005
-1986
-2733
-2734
-3214
-4001
-4691
-4706
-4457
-4651
-4579
-4368
-3862
-3611
-3213
-2406
-1359
-551
-74
703
1677
2698
3759
4517
5354
6367
6789
7250
8264
8898
9285
9547
9547
9917
9526
6677
5195
4825
4318
2126
605
1014
-443
-3046
-3990
-3891
-4503
-4929
-5053
-5633
-5263
-5423
-5796
-4975
-3360
-2530
-2352
-1477
-351
359
-211
710
1639
1765
1318
664
481
-201
-1245
-2026
-2436
-2847
-3702
-4357
-4787
-4686
-4914
-5068
-4688
-3955
-3575
-3148
-2458
-1646
-767
-175
658
1364
2323
3282
4003
5022
5800
6615
7401
8135
9146
9426
9995
10010
10263
10165
7301
5839
5575
4481
2062
1244
1152
-1009
-3275
-3992
-4326
-4924
-5141
-5225
-5907
-5437
-5599
-5994
-5243
-3467
-2824
-2528
-1705
-1013
-629
-987
210
1122
1490
1308
969
721
241
-313
-1038
-1553
-2014
-2879
-3646
-4376
-4237
-4676
-4960
-4978
-4638
-4288
-3832
-2996
-2168
-1177
-429
428
1520
2819
4175
4988
5662
6798
7785
8407
9104
9578
10017
10318
10241
10253
7510
5881
5297
4880
2843
1933
1937
-38
-2629
-3713
-4173
-4770
-4907
-4841
-5984
-5797
-5645
-5908
-5702
-4043
-2994
-2833
-2132
-1346
-463
-367
362
1109
1685
1690
1084
984
570
408
-385
-1178
-1753
-2655
-3364
-4422
-4614
-4800
-4934
-5029
-5083
-4457
-4072
-3276
-2700
-1730
-610
216
1154
2192
3802
4883
5916
6800
7988
9232
9553
10256
10638
10926
11304
10623
7926
6004
5628
4844
2625
1541
923
-1002
-3619
-4651
-5253
-5734
-5293
-5673
-7017
-6820
-6271
-6164
-5803
-4068
-2841
-2165
-1438
-687
268
908
1578
2228
2519
2666
2185
1651
828
530
-372
-1023
-1999
-3017
-3535
-4419
-4907
-5234
-5381
-5192
-5078
-4684
-4370
-3610
-2904
-1945
-877
55
1367
2398
4066
5371
6550
7821
8795
9869
10517
10793
11191
11220
11471
10443
7791
5131
4774
3912
1750
659
-1000
-2856
-4412
-5518
-6430
-6820
-5979
-6205
-7504
-7385
-6579
-5570
-4631
-3043
-2419
-1571
-421
147
721
1552
2548
3084
3000
2769
1988
1514
640
-153
-1370
-2080
-3058
-4204
-5035
-5848
-6112
-6198
-6106
-5753
-5492
-4608
-3845
-2864
-1927
-646
576
1627
2719
3815
5339
6715
7796
8507
9065
10553
10777
11267
11396
11189
11465
10375
7290
4144
3379
2824
1242
-75
-2534
-4634
-5824
-6159
-6994
-7547
-6486
-6282
-7038
-6924
-6376
-5169
-3360
-1374
-1017
-667
310
1230
2011
2598
2893
3097
3355
2932
1735
651
-359
-805
-1928
-2984
-4274
-5594
-6083
-6576
-6997
-7210
-6991
-6347
-5823
-4804
-4081
-2910
-1491
22
1475
2549
3714
4886
6245
7646
8570
9457
9856
10827
11080
11226
11274
11006
10952
10962
7765
4167
2281
1886
1205
205
-1990
-4757
-6947
-7167
-7189
-7423
-6969
-6527
-7090
-6745
-6080
-5285
-3632
-966
390
827
1107
1459
2335
3633
3852
3647
2998
2717
1923
829
-422
-1799
-3219
-4033
-5017
-6413
-7401
-7791
-7952
-7737
-7454
-7184
-6620
-5085
-3439
-2097
-873
350
1796
3208
4556
5562
6213
7518
8497
9356
9691
10472
10786
10421
10996
10621
9998
9949
8757
6340
2425
755
344
62
-115
-2532
-6016
-7963
-7866
-7419
-7017
-6071
-6584
-6931
-6094
-4857
-3545
-1840
104
985
1687
2538
2581
3106
4128
4143
3429
2608
1547
-44
-962
-1966
-3513
-4935
-6031
-6965
-7907
-8208
-8309
-8565
-8156
-7397
-6760
-5881
-4373
-2981
-1720
-147
1252
2534
4018
5520
6401
7343
8433
9191
9785
10508
10726
10911
10998
10575
10166
9672
9627
8942
5809
1797
-423
-1364
-1320
-969
-3064
-6402
-8573
-8981
-7849
-6218
-4942
-5347
-6221
-5534
-3883
-2026
187
1794
2018
2368
2951
2906
3279
3950
3614
2899
2039
743
-1144
-2338
-3060
-4197
-5212
-6228
-7498
-8693
-8920
-8627
-8598
-8015
-7402
-7150
-6209
-4425
-2805
-1407
37
1184
2364
4146
5774
6767
7353
8322
8776
9605
10056
10362
10593
10464
10186
9724
9385
9057
8602
5736
2627
315
-1361
-1420
-966
-1674
-4102
-7557
-9054
-8567
-6592
-4384
-3945
-5077
-5502
-4678
-2914
-173
2227
2754
2793
2896
3187
3765
4536
4826
3643
2487
1295
-396
-1755
-2741
-4028
-5911
-6880
-7816
-9064
-9319
-9060
-8867
-8121
-7473
-6987
-6457
-5167
-3137
-1632
-75
1357
1965
3251
4903
6061
6953
7587
8116
8100
8618
9482
9242
8967
8967
8525
8697
8408
7981
7833
5084
2655
-217
-1914
-1571
-1219
-1282
-3193
-6634
-8319
-8232
-6479
-4285
-3056
-4161
-5150
-4968
-3498
-679
1858
2894
2935
2509
2843
3295
4241
4925
4436
3222
1534
0
-1386
-2153
-3537
-5193
-5187
-7726
-8535
-8563
-9740
-8486
-8539
-7871
-6883
-7043
-5247
-3588
-2503
91
1139
1581
3156
4543
5866
7085
7651
7705
7748
7980
8617
9037
9008
8670
8429
7578
7746
7721
7076
7223
4834
1372
-905
-2159
-1874
-1353
-1528
-3372
-6696
-8384
-7761
-6092
-3838
-2579
-3520
-4964
-4853
-3274
-984
1363
2525
2330
1493
1556
2211
3110
4047
4163
2931
1038
-137
-1429
-2233
-2730
-3442
-4528
-6143
-7465
-8114
-8367
-7570
-6738
-6317
-6204
-5896
-5119
-3722
-1890
-199
962
1542
2162
3324
4677
5936
6797
7086
7231
7196
7662
8162
8371
8655
8376
8208
7997
7780
7590
7462
6693
4895
1215
-1041
-1623
-1072
-595
-898
-3010
-5714
-7474
-6802
-4674
-2892
-2423
-3564
-5080
-5290
-3849
-1380
690
1138
786
294
446
1296
2498
3385
3491
2757
1765
670
-381
-801
-1405
-2004
-2908
-4109
-5193
-5790
-5674
-4924
-4133
-3546
-3165
-2809
-2147
-917
623
1893
2700
3142
3747
3232
3897
4787
5440
5757
4079
4205
3853
4410
4682
4243
3193
3269
2315
2358
2389
1773
1755
1412
1321
1222
920
544
284
-192
123
515
956
847
86
-627
-944
-615
32
414
59
-769
-1638
-1852
-1392
-667
-378
-761
-1520
-1949
-1843
-1309
-764
-640
-907
-1296
-1393
-1317
-620
-423
-520
-522
-758
-670
-367
-165
-52
-363
-732
-893
-852
-661
-613
-760
-1016
-1269
-1278
-967
-615
-376
-378
-536
-590
-512
-230
35
113
34
-147
-302
-240
-59
144
272
299
277
278
446
744
1050
1268
1363
1322
1270
1224
1262
1434
1516
1441
1230
1052
1063
1258
1446
1423
1146
784
486
355
421
475
400
145
-184
-405
-440
-354
-258
-243
-356
-541
-552
-474
-366
-336
-437
-625
-859
-1009
-1040
-1068
-1056
-1109
-1248
-1309
-1285
-1120
-931
-737
-547
-493
-564
-624
-638
-604
-516
-444
-415
-385
-360
-279
-160
-44
22
116
138
78
47
39
126
236
288
348
381
448
560
663
787
985
1188
1357
1556
1756
1937
2074
2138
2102
2037
1998
1981
1919
1864
1761
1585
1358
1178
1066
965
985
876
643
376
144
31
80
68
-77
-299
-456
-543
-547
-440
-330
-358
-461
-545
-614
-622
-628
-650
-720
-779
-780
-805
-778
-736
-767
-812
-802
-719
-580
-412
-261
-231
-264
-360
-454
-460
-452
-471
-641
-890
-1087
-1166
-1085
-899
-705
-620
-594
-494
-286
92
494
779
942
1007
1064
1188
1361
1564
1744
1857
1920
1927
1949
1995
2034
2021
1935
1757
1631
1636
1735
1892
1896
1690
1364
1060
1001
1127
1294
1271
964
478
72
-162
-216
-428
-1815
-3677
-4466
-4263
-3675
-2946
-2434
-2198
-1664
-1324
-853
-629
-643
-450
-756
-1093
-1381
-996
-155
458
112
-1021
-1885
-1971
-1553
-1385
-1571
-1823
-2298
-2677
-2816
-2641
-1596
-1423
-1591
-1654
-1576
-722
-333
-480
819
1066
814
1757
1363
1757
1842
2560
3052
2907
3500
3997
4330
3986
4427
5104
5389
5457
5364
5470
5577
4797
3228
1875
1336
1864
2121
1959
766
-901
-2383
-3126
-2563
-1450
-1019
-1779
-2982
-3797
-3659
-2583
-1329
-399
-64
-383
-704
-515
267
1139
1520
1519
863
-1
-721
-1262
-1211
-1096
-1255
-1931
-2994
-3996
-4606
-4647
-4269
-3895
-3978
-4305
-4659
-4598
-3822
-2853
-1852
-1304
-989
-665
-217
563
1595
2382
2956
3123
3194
3454
3949
4601
5226
5368
5397
5552
5788
6167
6347
6643
6834
6665
6705
6665
6172
5017
2561
845
307
530
1291
927
-319
-2457
-4488
-4849
-3850
-2283
-1482
-2045
-3169
-3908
-3965
-2727
-946
324
944
719
507
747
1282
2039
2681
3101
3226
2822
2136
773
-331
-1009
-1616
-1872
-2415
-3446
-4675
-5969
-6685
-6576
-6025
-5415
-5182
-5206
-5155
-4826
-4045
-2961
-1829
-737
86
666
1338
2033
2598
3233
3771
3973
4187
4439
4931
5159
5356
5425
5554
5682
5747
6251
6430
6614
6785
6796
6984
6982
5925
3666
1676
367
501
978
1218
667
-1580
-3832
-5258
-5085
-3674
-2524
-2153
-2604
-3671
-4202
-3608
-2118
-473
473
887
945
931
1246
1862
2378
2710
2786
2853
2950
2381
1452
220
-1202
-2231
-3332
-3898
-4344
-5263
-6184
-7109
-7645
-7669
-7283
-6485
-5719
-5233
-4769
-4257
-3770
-3069
-2055
-779
379
1206
1801
2142
2369
2574
2968
3545
4171
4634
5078
5149
4946
4859
5151
5674
6058
6571
6873
6674
6463
6161
6189
6437
5613
4033
2029
440
9
-38
540
575
-920
-2800
-4380
-4844
-4171
-3007
-2193
-2157
-2943
-3486
-3224
-2282
-1009
84
860
1195
1260
1637
1933
2089
2320
2462
2599
2708
2601
2229
1210
-64
-1030
-1997
-2866
-3739
-4635
-5600
-6443
-6882
-7004
-7112
-7153
-6873
-6413
-5761
-4939
-4152
-3570
-3172
-2473
-1413
-282
832
1698
2141
2358
2578
2922
3311
3605
3881
3987
3934
3858
3890
4224
4490
4748
5230
5437
5767
6330
6552
6604
6647
6918
7135
6112
4012
2167
691
126
652
1194
925
-741
-2553
-4063
-4821
-4255
-3094
-2483
-2554
-3099
-3622
-3659
-2992
-1823
-687
-71
537
1001
1391
1638
1860
2041
2153
2339
2748
2752
2330
1568
475
-783
-1778
-2544
-3518
-4971
-6183
-7125
-7788
-7868
-7648
-7626
-7666
-7501
-7030
-6464
-5698
-4847
-4277
-3794
-2961
-2040
-1185
-317
413
795
1138
1712
2411
2752
2884
2947
3022
3200
3420
3601
3561
3841
4025
4195
4655
5086
5465
5711
5808
6207
6447
6789
7332
6420
4762
2813
1146
357
416
1054
759
-961
-2792
-4595
-5679
-5439
-4337
-3812
-3873
-4402
-4980
-5102
-4391
-3066
-1947
-1228
-439
-6
489
988
1400
1657
1714
1929
2287
2335
2353
1844
856
-328
-1222
-1991
-2944
-4133
-5579
-7111
-8212
-8518
-8293
-8074
-7848
-7713
-7632
-7308
-6581
-5713
-4835
-4013
-3118
-2382
-1549
-694
-31
501
1050
1690
2326
2963
3362
3286
3181
3109
3190
3526
3886
4250
4283
4160
4208
4542
5015
5563
6132
6494
6931
7129
7009
7292
7470
7762
6881
4912
3421
1705
929
1142
1345
761
-800
-2290
-3991
-4771
-4160
-3630
-3139
-3004
-3075
-3429
-3278
-2289
-1555
-654
289
850
1351
1777
2293
2366
2505
2821
2965
3245
3496
3444
2978
2234
1637
908
355
-224
-1214
-2794
-4221
-5361
-5853
-5784
-5314
-5117
-5175
-5191
-4986
-4523
-3595
-2610
-1835
-1185
-477
126
671
1198
1765
2338
3102
3880
4438
4766
4850
4608
4440
4626
5083
5398
5582
5447
5259
5113
5379
5819
6169
6559
6740
7054
7376
7717
7991
8088
8476
8772
9208
8386
6703
4912
3144
2351
2525
3023
2742
1365
-183
-2176
-3347
-2934
-2258
-1615
-1423
-1855
-2720
-3049
-2409
-1583
-504
621
994
1233
1628
2173
2617
3299
3831
3964
4088
4225
4109
3939
3480
2881
2164
1713
1369
597
-678
-2232
-3939
-4846
-5099
-4606
-4225
-4126
-4295
-4697
-4620
-3860
-2974
-1864
-1092
-649
-339
54
612
1261
1907
2608
3089
3566
3917
4053
4114
4027
3929
3898
3985
4083
3965
3807
3705
3666
3874
4220
4583
4842
5099
5296
5706
6089
6494
6784
7092
7339
7611
7883
8066
7225
5641
4186
2767
2157
2368
2478
1811
330
-1485
-3436
-4240
-3655
-3101
-2617
-2703
-3626
-4625
-4779
-4121
-3151
-1819
-945
-960
-872
-617
-252
483
1401
1923
2129
2348
2371
2217
2257
2121
1790
1617
1448
1029
334
-821
-1923
-3284
-3627
-3760
-3694
-3454
-3818
-4465
-4797
-4851
-4233
-3387
-2520
-1997
-1866
-1661
-1343
-747
78
734
1355
1837
2294
2657
2776
2822
2738
2753
2857
2883
2824
2616
2279
1941
1787
1864
1859
1977
1995
1925
1922
1962
2118
2331
2571
2866
3026
3223
3400
3561
3758
3937
4057
3629
2907
1835
977
360
197
417
195
-417
-1264
-2467
-3295
-3510
-3326
-3111
-2980
-3204
-3908
-4378
-4425
-4290
-3704
-3082
-2898
-2915
-2916
-2900
-2676
-2054
-1548
-1224
-843
-734
-718
-513
-358
-291
-235
-200
-273
-348
-500
-954
-1604
-2117
-2640
-2867
-2750
-2748
-2914
-3266
-3716
-4052
-4042
-3693
-3351
-3041
-2818
-2812
-2689
-2412
-2040
-1643
-1277
-1091
-1000
-935
-879
-752
-552
-455
-426
-458
-577
-702
-762
-855
-832
-825
-749
-712
-748
-696
-668
-675
-485
-291
-131
4
92
144
276
498
790
1058
1233
1338
1478
1615
1735
1903
1743
1487
1111
782
600
597
595
335
-112
-670
-1277
-1648
-1766
-1813
-1921
-2153
-2534
-2986
-3178
-3151
-3010
-2734
-2581
-2618
-2618
-2630
-2528
-2231
-1827
-1525
-1330
-1190
-1197
-1188
-1105
-1061
-951
-876
-887
-998
-1112
-1216
-1410
-1585
-1756
-1925
-1994
-2007
-2059
-2107
-2131
-2137
-2098
-1950
-1794
-1685
-1602
-1561
-1571
-1532
-1448
-1326
-1187
-1084
-1137
-1288
-1434
-1517
-1427
-1127
-737
-309
-237
-429
-651
-991
-1099
-860
-501
-95
224
162
5
-100
-38
335
729
990
1130
1014
844
781
828
980
1141
1166
1039
826
654
616
661
755
863
844
764
631
436
302
267
289
264
193
61
-124
-282
-422
-498
-500
-502
-558
-669
-837
-970
-1051
-1141
-1195
-1257
-1334
-1441
-1552
-1614
-1609
-1590
-1528
-1510
-1531
-1562
-1578
-1553
-1491
-1432
-1411
-1423
-1480
-1532
-1514
-1458
-1370
-1294
-1247
-1229
-1217
-1176
-1063
-942
-832
-762
-721
-725
-721
-701
-684
-666
-642
-622
-665
-740
-761
-760
-712
-618
-580
-632
-714
-782
-783
-737
-654
-591
-587
-608
-618
-589
-491
-374
-292
-257
-217
-180
-129
-69
-10
44
80
97
157
240
291
283
286
301
319
353
387
443
490
521
539
547
597
669
746
789
849
923
951
978
1023
1050
1097
1129
1119
1084
1029
992
967
933
881
791
686
574
444
347
244
151
61
-34
-145
-291
-451
-587
-651
-654
-634
-653
-696
-741
-775
-779
-742
-686
-624
-552
-493
-454
-400
-319
-201
-81
46
113
141
164
163
177
220
277
265
196
154
122
117
175
203
195
140
102
61
65
123
148
102
64
43
63
102
130
141
151
198
259
344
453
558
622
676
714
769
854
954
1024
1044
1053
1086
1134
1194
1224
1237
1282
1308
1320
1295
1256
1202
1145
1107
1113
1173
1215
1216
1210
1225
1211
1236
1339
1454
1580
1660
1660
1647
1645
1653
1631
1578
1509
1390
1240
1066
906
795
713
629
542
459
370
255
127
69
37
81
112
120
78
47
21
-1
47
125
169
177
131
16
-103
-164
-210
-206
-226
-257
-294
-366
-402
-429
-430
-381
-357
-340
-343
-343
-308
-240
-112
35
128
169
204
235
287
334
372
387
390
404
439
483
520
542
547
589
627
690
785
846
853
801
707
594
558
613
669
670
644
588
520
523
587
648
689
672
606
555
525
556
588
581
545
468
406
395
434
459
494
499
497
510
558
628
686
718
745
785
865
923
939
904
857
848
882
936
937
916
856
769
710
717
762
807
814
768
688
638
640
669
692
697
640
552
488
475
486
534
530
468
361
251
171
104
84
110
120
82
23
-29
-61
-38
5
49
92
134
136
143
200
192
197
165
134
124
107
122
108
51
-15
-229
-402
-454
-317
-113
-93
-454
-577
-639
-792
-1156
-928
-454
144
-572
-1701
-259
1225
1794
1380
293
836
2142
2185
1667
778
849
1884
2234
1400
595
651
1122
924
782
95
-1139
-613
1054
751
-47
-1181
-1236
-115
-620
-828
-889
-145
569
301
278
615
1245
1896
1537
1534
1796
2217
2603
2169
2085
2284
2162
2400
2082
1733
1674
1810
1846
1485
1268
1359
1341
1233
1044
1020
1015
818
763
397
370
510
404
188
-142
-43
-2
-197
-105
-420
-288
-217
-331
-419
-531
-361
10
52
-286
15
-564
-2102
-2194
-763
-5
-927
-1583
-1517
-521
-62
-1138
-1404
-664
387
103
-246
-454
315
658
435
-9
442
687
879
471
350
562
733
821
662
191
643
1566
887
353
482
1215
1419
1121
947
1118
1425
1805
1555
1586
1701
1837
1724
1860
2587
2229
1611
1915
2175
2455
2613
2086
2120
2635
2786
2787
2296
2758
3463
3199
3398
2992
2785
3329
3269
2440
1720
1849
2204
1647
929
566
325
32
-378
-989
-1094
-852
-1583
-2129
-2045
-1852
-1885
-2076
-1861
-1563
-1370
-1464
-1576
-1136
-530
-148
-680
-806
-417
-345
-658
-896
-701
-872
-1100
-1340
-1600
-1537
-2034
-2040
-2481
-2653
-2672
-2878
-2643
-2586
-2777
-2893
-2618
-2092
-2017
-2003
-1733
-1192
-684
-507
-258
112
522
982
1429
1535
1514
1680
2010
2126
2238
2270
2483
2461
2337
2395
2341
2324
2650
1807
1163
2064
2627
2243
1539
1992
3043
4051
2780
2543
3154
4966
5040
4358
4368
5536
5804
5589
5187
5258
4450
3427
2611
2520
1903
1215
615
-849
-1786
-2154
-2490
-3251
-3337
-3634
-3966
-4514
-4474
-4333
-3626
-3233
-2959
-2646
-1908
-1310
-853
-297
445
934
1314
1592
1687
1914
2156
1937
1318
-79
-92
-1255
-1361
-2774
-3380
-4020
-4840
-5305
-5588
-6017
-5467
-5642
-5380
-5692
-5306
-4379
-3763
-3120
-2771
-1995
-1369
-696
-70
276
1025
1493
1736
2107
2074
2403
2245
2185
1833
1622
1487
1366
1056
949
865
1008
1148
1416
1499
2065
2517
3271
3643
3813
3822
4943
6143
6358
5870
6620
7412
8029
7790
7540
7811
8088
8114
7206
4171
3253
2658
2960
219
-1610
-1504
-2674
-4094
-5094
-5781
-5534
-5238
-4978
-6093
-5949
-4610
-3452
-3011
-2521
-1396
-309
683
1447
1613
2562
3553
3975
3526
3134
3612
3223
2729
2052
1108
39
-939
-2927
-4746
-5624
-5983
-6466
-7717
-8346
-8138
-8211
-7368
-6971
-6213
-5149
-4267
-3729
-3346
-2389
-1075
-457
-84
111
463
915
1213
1091
868
981
1126
848
496
361
249
2
-220
-350
-392
21
429
666
1205
1905
2359
3037
3681
4700
5269
5743
6272
5790
7004
7237
8043
7653
7990
7582
7983
8033
7715
7137
7020
6587
5967
4652
2228
103
101
-249
-1692
-3442
-3914
-4388
-4975
-4807
-5493
-5265
-3903
-3214
-3492
-3445
-2095
-736
39
740
1167
1740
2420
3064
2749
2648
2994
2932
2366
1527
851
261
-149
-684
-1661
-2583
-3180
-3755
-4712
-5555
-6172
-6804
-6965
-6486
-6321
-6188
-5625
-4883
-3766
-3386
-2512
-2142
-1469
-866
-663
-651
-513
-420
-346
-711
-803
-1044
-1024
-1020
-996
-1130
-1021
-906
-689
-591
-388
-185
-19
466
932
1445
1884
2413
2983
3558
3954
4628
4922
5624
6058
6295
6301
5941
6377
6319
6973
6539
6450
6936
6496
6814
6011
5727
6209
5617
5374
3707
1014
-289
137
169
-1783
-3346
-3619
-3834
-3877
-3965
-4625
-4359
-2874
-2277
-2693
-2347
-1330
-245
619
1013
1230
1641
2326
2590
2021
1812
1910
1705
1118
413
-611
-1000
-1109
-1747
-2531
-3052
-3283
-3480
-4046
-4456
-5335
-5356
-4816
-5366
-5973
-5646
-4741
-4069
-3829
-3552
-3384
-2600
-1786
-1809
-1956
-1745
-1355
-1511
-1917
-2040
-2218
-2057
-1854
-2026
-2082
-1692
-1214
-920
-803
-470
72
431
803
951
1103
1585
2121
2373
2389
2655
3459
4204
4363
4478
4566
5136
5606
5458
6149
5841
6348
6160
5766
6300
6568
6874
6540
6055
5612
5644
5648
4696
2984
193
-1360
-639
-1494
-2717
-4100
-4936
-4634
-4409
-4270
-4805
-4446
-2919
-2216
-1597
-1309
-527
677
1621
2164
1726
2423
2948
2954
2523
1765
1524
1091
500
-553
-1811
-2132
-2217
-2717
-3248
-3545
-3559
-3068
-3135
-3276
-3786
-3642
-3223
-3800
-4290
-3896
-3401
-3144
-3274
-3414
-3196
-2781
-2278
-2785
-3220
-3136
-3113
-3116
-3337
-3487
-3340
-3134
-2707
-2559
-2046
-1364
-905
-472
123
675
1157
1284
1174
1234
1793
2323
1960
1689
2104
2687
3297
3372
3289
3727
4759
5625
5636
5172
5735
6802
6889
6707
6029
6265
7035
6866
7215
6564
6444
6391
5895
5419
4530
2782
922
-514
-909
-1541
-2441
-3084
-3707
-3501
-3080
-2256
-2029
-1411
-810
-495
191
493
591
922
610
618
242
205
-217
-844
-1407
-1759
-2013
-2154
-2566
-2819
-2983
-2690
-2369
-2076
-1719
-1531
-939
-682
-690
-705
-886
-1112
-2060
-3162
-3570
-4208
-4031
-4584
-5041
-5025
-4738
-4023
-3752
-3645
-3317
-2880
-2381
-2242
-2338
-2187
-2029
-1665
-1815
-1677
-1515
-1092
-780
-728
-603
-100
224
422
245
327
582
1058
1378
1356
1644
2138
2902
3594
4168
4726
4936
5262
5735
6361
6348
6512
6558
5953
6248
6292
6665
6608
6674
6190
6034
5936
5775
5329
4610
4104
1975
142
-436
-697
-1348
-2094
-3025
-3482
-2670
-1617
-1855
-1751
-1506
-1154
-568
-233
-446
-628
-361
-85
-522
-561
-917
-864
-1041
-1465
-1934
-2113
-1760
-1821
-2002
-2038
-1967
-1505
-1263
-1164
-1226
-1022
-974
-1184
-1359
-2401
-3327
-3897
-4063
-4364
-4720
-5005
-5271
-4724
-4108
-3708
-3626
-3214
-2884
-2400
-2186
-1916
-1990
-1794
-1741
-1736
-1686
-1442
-1257
-948
-871
-790
-502
-46
346
385
350
545
1025
1537
1660
1666
1949
2550
3021
3355
3730
3970
4916
5606
5605
5458
5638
6422
7136
7462
6605
6519
6412
7156
7261
7072
6225
6292
6168
5971
5003
2721
785
-99
-268
-1092
-2099
-3134
-3538
-2520
-1888
-2107
-2009
-1540
-1149
-833
-632
-829
-528
-107
-537
-937
-1077
-1092
-971
-1022
-1716
-2181
-2132
-1923
-1885
-1984
-1984
-1648
-1161
-762
-675
-598
-382
-180
-402
-822
-1466
-2068
-2872
-3898
-4314
-4354
-4457
-4650
-4600
-4565
-3429
-2735
-2209
-2190
-1690
-1440
-948
-1025
-1337
-1595
-1739
-1837
-2044
-2016
-1964
-1710
-1652
-1492
-1257
-576
-109
119
118
351
1030
1619
1772
1729
1955
2678
3532
3815
3715
3813
4658
5457
5736
5431
5293
5358
6028
6120
5540
5103
5189
5793
6305
6200
5677
5515
5729
5834
5044
3470
1627
729
518
-213
-1064
-1937
-2539
-2206
-1807
-1912
-2056
-2089
-1844
-1473
-1247
-1287
-1023
-845
-846
-974
-996
-1016
-1027
-934
-1338
-1608
-1769
-1810
-1658
-1511
-1601
-1494
-1251
-1056
-772
-626
-670
-666
-819
-1020
-1261
-1740
-2733
-3604
-4142
-3996
-3953
-4133
-4366
-4261
-3416
-2711
-2284
-2208
-2110
-1959
-1607
-1493
-1622
-1728
-1966
-2016
-1972
-1809
-1644
-1348
-1266
-1122
-821
-371
55
341
454
494
930
1352
1779
2024
2058
2176
2631
3153
3553
3910
3981
4257
4681
5047
5102
5371
5493
5408
5718
5757
5835
5944
6110
5939
5896
5656
5265
4912
4105
2820
1476
923
344
96
-399
-1485
-1800
-1710
-1432
-1169
-1451
-2147
-1991
-1533
-1343
-1069
-1412
-1619
-1243
-997
-902
-918
-1169
-1162
-954
-1096
-1216
-1299
-1331
-1114
-902
-933
-983
-866
-794
-690
-704
-900
-988
-1021
-1128
-1411
-2071
-2738
-3131
-3135
-3120
-3104
-3189
-3275
-2976
-2558
-2282
-2143
-2215
-2252
-2075
-1883
-1741
-1723
-1847
-1800
-1539
-1322
-1089
-1051
-1059
-954
-775
-568
-331
-86
217
474
679
949
1325
1661
1807
1897
2033
2316
2832
3243
3403
3581
3733
4001
4402
4605
4548
4614
4867
5085
5378
5604
5710
5808
5839
5839
5608
5150
4526
3735
2943
2277
1771
1344
868
314
-25
-268
-452
-813
-1403
-1684
-1758
-1684
-1640
-1827
-2037
-1995
-1772
-1600
-1530
-1662
-1691
-1557
-1484
-1471
-1498
-1472
-1264
-1100
-1041
-1023
-1040
-963
-887
-902
-939
-1094
-1243
-1389
-1619
-1925
-2174
-2343
-2397
-2390
-2393
-2338
-2279
-2097
-1948
-1966
-2003
-1996
-1895
-1882
-1896
-1911
-1844
-1668
-1467
-1287
-1204
-1060
-920
-794
-634
-515
-289
-43
172
317
417
586
825
1167
1431
1590
1750
1938
2334
2798
3146
3369
3551
3820
4150
4445
4660
4844
5015
5255
5469
5731
5915
5972
5987
5893
5876
5647
5004
4056
3164
2738
2544
2216
1521
887
426
298
40
-633
-1305
-1761
-1583
-1492
-1703
-2036
-2313
-2135
-1840
-1621
-1760
-1890
-1791
-1662
-1508
-1590
-1583
-1374
-1122
-912
-938
-1016
-1000
-870
-773
-802
-881
-956
-954
-1004
-1170
-1474
-1972
-2288
-2506
-2544
-2456
-2488
-2416
-2382
-2221
-2093
-2125
-2200
-2283
-2177
-2068
-2010
-2020
-1997
-1734
-1477
-1246
-1077
-938
-711
-553
-464
-412
-248
12
197
357
432
570
806
1043
1287
1518
1853
2236
2586
2913
3189
3520
3869
4175
4420
4605
4827
5103
5362
5550
5905
6219
6352
6306
5998
5427
4523
3673
3103
2743
2411
1842
1287
818
524
140
-495
-1115
-1597
-1669
-1706
-2004
-2352
-2555
-2404
-2150
-2021
-2036
-2050
-1930
-1741
-1640
-1613
-1576
-1360
-1076
-887
-839
-938
-951
-917
-895
-928
-1030
-1103
-1158
-1365
-1697
-2004
-2293
-2406
-2488
-2581
-2615
-2708
-2555
-2412
-2365
-2435
-2476
-2352
-2256
-2208
-2282
-2267
-2097
-1822
-1553
-1448
-1329
-1154
-919
-682
-546
-379
-96
222
420
463
533
727
948
1155
1252
1383
1668
2028
2403
2679
2951
3285
3656
3925
4148
4372
4715
5122
5335
5535
5793
6167
6425
6378
6293
5921
5384
4536
3637
3074
2711
2507
1865
1247
756
473
113
-463
-940
-1302
-1327
-1435
-1705
-1984
-2139
-1989
-1762
-1753
-1871
-1940
-1803
-1539
-1483
-1473
-1376
-1128
-861
-739
-765
-864
-745
-681
-742
-865
-949
-884
-879
-976
-1339
-1831
-2216
-2374
-2330
-2407
-2456
-2526
-2529
-2287
-2175
-2223
-2364
-2358
-2119
-1991
-2074
-2205
-2094
-1803
-1450
-1273
-1184
-977
-732
-495
-353
-253
-23
312
592
748
860
1026
1294
1502
1575
1730
1985
2335
2667
2938
3215
3505
3867
4278
4566
4768
4924
5170
5414
5713
5961
6029
6102
6138
6117
5641
4903
4041
3347
2966
2534
2051
1358
876
698
331
-237
-939
-1327
-1403
-1487
-1831
-2347
-2524
-2419
-2099
-2040
-2255
-2284
-2149
-1837
-1787
-1940
-1942
-1638
-1207
-1071
-1051
-1050
-864
-629
-694
-865
-1065
-1104
-993
-1049
-1422
-1880
-2190
-2297
-2358
-2493
-2682
-2697
-2579
-2466
-2463
-2628
-2683
-2609
-2461
-2445
-2602
-2679
-2537
-2256
-2062
-2012
-1865
-1521
-1110
-894
-891
-784
-505
-101
195
270
338
570
938
1255
1302
1393
1631
2003
2335
2452
2570
2838
3288
3694
3846
4020
4233
4636
4940
5095
5269
5468
5856
6076
6122
5799
5205
4557
3870
3296
2791
2357
1840
1428
1041
528
-114
-703
-1024
-1246
-1570
-1978
-2340
-2527
-2554
-2528
-2540
-2580
-2483
-2216
-2081
-2112
-2166
-2132
-1878
-1558
-1412
-1300
-1134
-893
-745
-855
-994
-1025
-969
-973
-1140
-1436
-1731
-1954
-2205
-2509
-2726
-2889
-2883
-2781
-2833
-2860
-2876
-2747
-2678
-2679
-2625
-2597
-2534
-2469
-2369
-2213
-2057
-1765
-1471
-1229
-995
-831
-578
-356
-115
99
248
434
608
776
922
1068
1230
1438
1718
1975
2224
2466
2744
3057
3378
3633
3874
4201
4451
4601
4891
5259
5571
5786
5922
5994
5942
5586
4957
4264
3627
3252
2765
2261
1765
1241
848
139
-474
-997
-1419
-1753
-2204
-2613
-2891
-2936
-2825
-2808
-2837
-2735
-2409
-2139
-2056
-1996
-1943
-1663
-1371
-1195
-1048
-940
-776
-656
-666
-800
-892
-930
-933
-1049
-1248
-1566
-1757
-2064
-2404
-2668
-2850
-2833
-2934
-3007
-2962
-2979
-2936
-2975
-2897
-2819
-2850
-2803
-2791
-2590
-2459
-2297
-2099
-1912
-1580
-1275
-1040
-859
-678
-386
-132
98
247
403
686
911
1050
1146
1386
1693
1925
2123
2351
2626
2943
3217
3450
3705
4005
4269
4471
4717
4907
5050
5288
5480
5584
5509
5233
4833
4273
3748
3246
2727
2284
1802
1256
793
215
-365
-924
-1424
-1805
-2248
-2689
-3026
-3202
-3306
-3336
-3298
-3149
-2912
-2693
-2587
-2443
-2203
-1926
-1628
-1404
-1170
-919
-672
-504
-433
-390
-414
-428
-443
-552
-712
-923
-1094
-1267
-1630
-2002
-2261
-2470
-2624
-2815
-2975
-2926
-2914
-2919
-2977
-2979
-2917
-2872
-2787
-2728
-2592
-2450
-2302
-2066
-1809
-1481
-1136
-823
-549
-321
-39
168
378
557
724
910
1081
1279
1496
1698
1902
2050
2204
2380
2611
2854
3039
3283
3536
3828
4099
4357
4633
4904
5118
5304
5388
5551
5639
5597
5409
5002
4581
4080
3606
3240
2729
2243
1732
1249
710
80
-404
-869
-1303
-1769
-2267
-2565
-2824
-2987
-3105
-3099
-2911
-2738
-2594
-2437
-2217
-1957
-1690
-1435
-1188
-907
-628
-379
-176
-44
73
160
205
146
32
-26
-115
-317
-574
-864
-1085
-1270
-1490
-1684
-1840
-1876
-1905
-1992
-2066
-2108
-2089
-2048
-2029
-2011
-1970
-1850
-1682
-1498
-1289
-1051
-761
-459
-174
88
308
514
671
814
937
1046
1174
1287
1440
1566
1670
1786
1884
2018
2186
2328
2471
2637
2821
3029
3203
3364
3536
3701
3794
3889
4029
4121
4239
4278
4219
4158
4129
3993
3792
3552
3214
2815
2412
2036
1661
1219
883
540
185
-177
-551
-876
-1175
-1514
-1797
-1968
-2104
-2238
-2281
-2256
-2178
-2068
-1968
-1805
-1622
-1446
-1274
-1113
-948
-788
-643
-511
-380
-270
-211
-172
-153
-93
-45
-6
7
-2
-50
-122
-193
-329
-449
-549
-653
-728
-782
-815
-854
-873
-876
-880
-867
-827
-793
-756
-733
-723
-677
-629
-589
-544
-469
-338
-211
-104
-49
66
175
279
378
463
561
695
790
890
975
1105
1249
1325
1417
1531
1660
1737
1833
1895
1960
2036
2139
2213
2227
2277
2321
2361
2325
2221
2175
2145
2114
2059
1969
1882
1820
1790
1734
1627
1493
1386
1297
1188
1019
821
685
591
481
316
148
18
-107
-251
-417
-579
-690
-776
-872
-967
-1047
-1082
-1100
-1093
-1051
-1036
-1045
-1017
-994
-986
-972
-925
-863
-791
-709
-667
-620
-543
-434
-317
-184
-71
16
87
163
215
234
225
226
235
220
198
165
141
96
71
9
-15
-28
-46
-76
-104
-173
-227
-226
-205
-215
-210
-228
-217
-166
-137
-103
-35
72
129
154
161
131
-882
-722
331
59
293
1226
543
785
811
665
1001
716
444
906
803
657
836
638
662
845
785
722
854
731
872
1029
937
1029
1125
1088
1104
1140
1056
1101
1050
1061
1101
1077
950
950
853
793
801
777
727
682
597
479
418
342
160
164
93
-44
0
-117
-274
-313
-379
-448
-416
-539
-494
-564
-501
-584
-521
-560
-576
-565
-561
-638
-1105
-2169
-1197
-1272
-1199
-548
-149
142
215
220
79
234
192
234
326
480
596
292
583
467
566
548
657
319
339
725
277
339
527
394
-31
443
19
301
344
-120
-153
-250
210
-179
158
-222
-148
-404
168
-410
-344
24
-291
-109
-186
223
92
119
89
246
67
488
-291
65
569
317
210
1083
-1009
383
851
25
679
652
513
1209
1266
-21
1192
805
1054
414
660
1195
588
1664
510
772
843
1056
741
753
234
629
776
174
725
595
704
413
333
413
774
482
223
748
-297
1294
392
3
991
-322
172
699
-550
274
744
-606
697
195
-820
974
-233
-46
582
-12
-258
344
-251
-27
283
-101
-66
-449
1348
-421
-7
102
-870
1184
-279
-754
194
738
-543
-213
803
-361
-832
1586
-804
532
213
-637
412
-84
985
-75
718
-422
667
866
680
-19
-8
1205
-309
-40
1500
-1853
2198
828
-286
1172
-673
1033
94
818
631
-502
1404
255
853
1545
232
115
1176
895
824
1762
803
28
1906
282
985
1338
445
731
1567
198
852
1509
567
527
1169
-201
906
1373
-370
1118
186
785
542
-515
568
458
-227
491
-687
-25
488
-972
319
-215
-174
-203
147
-690
463
-176
-227
-370
-339
-74
-167
-18
-907
-204
126
224
-719
-158
-350
-575
-392
-776
39
-794
-79
-1411
-1033
579
-1273
-1023
272
-1375
-420
576
-1873
-68
-304
-131
154
-1098
-20
361
212
-226
316
-280
1002
212
-291
217
-93
407
6
678
1003
89
-83
1015
505
601
1164
-403
1067
1389
1212
1240
144
1553
277
1523
1068
559
2122
1215
1100
1781
1586
2310
1512
1717
1524
1326
2067
1640
1489
2278
1327
844
1374
282
1465
299
554
64
467
439
-207
48
-482
-383
237
-1229
131
-234
-623
-217
-680
-471
-199
121
-775
-768
677
-626
-723
193
-552
-272
-419
14
-746
-176
38
-1449
-77
-798
-662
-234
-1562
-528
-810
-666
-997
-1152
-170
-1276
-964
-721
-804
-1048
-411
-545
-1910
589
-861
-597
1039
-1023
-80
-247
-209
-296
-545
1186
-32
195
514
93
10
1079
-169
1
793
1372
-180
615
1118
747
1092
1544
853
962
1402
788
1590
1807
1598
1951
1177
1817
1556
2294
1914
2331
2889
2139
1955
2740
3035
1273
1757
1343
1324
1069
643
283
-317
331
-629
-1251
-395
-719
-1174
-873
-1319
-1643
-628
-1088
-1419
-883
-734
-399
-836
-719
-354
2
-52
-623
-59
-50
262
-327
-417
161
72
0
-466
-1071
-267
-979
-1296
-1309
-1751
-1298
-1762
-2370
-2081
-1972
-1789
-2342
-2244
-2233
-1569
-1114
-2290
-1312
-305
-1614
-535
-1405
-70
229
-783
-3
43
837
824
401
-219
1203
934
847
0
1163
1975
1541
1394
460
1755
1094
1664
784
638
4292
1829
1596
2441
1673
3363
3175
2219
3463
2535
4058
3388
2032
4275
3961
3346
3603
1884
1969
2870
1891
680
880
697
340
-634
-813
-1275
-804
-906
-2319
-2180
-1435
-1470
-1790
-1720
-1484
-979
-598
-984
-1106
-38
316
-52
-87
314
687
679
369
-105
370
704
262
-289
-229
-79
56
-842
-1397
-1690
-1733
-2452
-2461
-2591
-2790
-2851
-3104
-3050
-2833
-2725
-2978
-2792
-2065
-2037
-1797
-1798
-974
-1075
-554
-613
-558
770
485
68
1584
339
996
2711
55
2053
847
987
791
1561
1385
331
1516
1456
1200
2729
1804
1341
3253
1939
1553
3226
3070
2629
3901
4201
4420
4545
4781
3971
4122
5159
3855
2840
3281
2125
2204
2369
1039
181
640
-328
-1587
-1020
-1799
-2041
-2013
-2664
-3214
-2382
-2403
-2740
-2355
-2114
-1908
-1427
-1226
-1352
-652
-82
-167
-34
504
694
992
986
947
1069
1210
942
583
582
406
254
-264
-762
-862
-1093
-1916
-2761
-2997
-3489
-3498
-3795
-3966
-3997
-3769
-3605
-3546
-3111
-2864
-2676
-1941
-1947
-1606
-482
-742
-577
199
926
-285
381
876
701
673
2166
1686
586
1528
944
450
1669
1633
162
2436
1481
1449
1958
1790
1950
3143
3106
1821
2926
4619
2356
3471
4324
3540
4072
4822
3559
4007
5362
4449
2423
2871
2415
2366
2307
1000
182
517
16
-826
-1683
-1210
-1597
-1910
-2300
-3114
-2591
-1912
-2396
-2562
-2223
-1985
-1471
-1279
-1355
-891
56
142
73
442
766
962
1214
834
637
1071
915
445
314
231
-34
133
-361
-598
-654
-749
-1563
-1919
-2106
-2214
-2407
-2805
-3151
-3121
-2687
-2614
-2817
-2605
-1773
-1845
-1346
-1652
-1435
-618
-106
-990
282
-342
1595
656
257
-212
844
1802
144
1588
865
1416
448
1930
771
1632
1190
2463
1441
749
1345
1349
2022
2479
3173
1323
1984
3187
2862
3068
2991
2558
2534
4155
3108
3207
3003
3065
3054
1808
1499
1739
2096
1366
1067
113
342
-69
-330
-538
-910
-846
-1314
-1497
-1733
-1531
-1509
-1529
-1708
-1654
-1300
-1230
-978
-1025
-995
-470
-588
-584
-445
-375
-448
-371
-202
-504
-542
-392
-492
-567
-351
-695
-384
-898
-648
-738
-717
-824
-763
-691
-607
-1138
-1539
-983
-1402
-1395
-1204
-1422
-1475
-1054
-1140
-1288
-893
-690
-495
-1779
-588
294
-884
-1747
-942
97
776
-452
-562
-923
-8
-422
298
1811
528
347
760
913
-713
299
700
1143
793
1085
21
1022
1072
1085
1268
690
954
1389
656
1202
1366
1120
835
1097
1725
1776
1151
1419
1340
1836
1295
1315
1431
1316
1073
1041
967
935
1024
804
788
494
401
370
207
-16
-144
-58
-204
-513
-382
-255
-449
-962
-887
-794
-965
-734
-710
-792
-1237
-1059
-1015
-997
-1084
-948
-953
-1076
-950
-742
-763
-858
-788
-685
-479
-508
-347
-377
-360
-261
-184
-158
-85
-78
-33
141
149
140
220
319
295
296
376
340
320
251
308
247
203
207
107
73
41
28
-48
-70
-154
-174
-259
-242
-373
-423
-318
-353
-368
-406
-456
-402
-392
-326
-293
-324
-297
-184
-124
-66
-63
32
63
85
185
286
411
437
564
556
638
645
646
675
719
692
628
672
606
639
610
599
617
565
576
516
542
541
518
501
554
547
574
573
518
470
493
455
432
368
365
352
355
357
294
279
280
263
216
184
164
160
143
128
72
73
55
-57
-41
-83
-75
-74
-73
-127
-103
-79
-49
-64
-41
17
-27
21
12
57
93
119
71
120
169
179
185
201
227
226
260
164
196
224
227
273
266
275
270
250
258
230
250
235
253
261
265
264
294
307
229
256
262
236
294
258
254
306
268
302
292
308
283
278
288
239
280
277
247
239
245
257
267
225
245
269
262
290
319
344
341
373
389
335
397
419
386
363
358
326
327
290
294
247
282
292
247
270
257
246
260
232
169
234
218
202
243
263
250
246
224
227
290
275
332
356
424
396
390
432
446
449
498
477
457
529
486
503
525
529
481
497
451
452
463
470
402
416
425
390
389
375
334
337
342
321
262
319
350
298
358
354
369
421
361
303
362
329
317
307
295
318
319
337
297
292
327
297
299
265
259
277
239
226
233
225
232
208
197
187
224
291
299
302
339
273
321
321
317
363
347
330
308
319
285
260
265
203
178
214
188
226
214
193
155
157
173
126
142
150
102
128
122
84
100
112
100
141
172
165
218
247
280
343
346
304
350
317
354
283
323
352
344
331
293
265
274
255
244
279
222
250
187
208
161
164
177
155
189
173
221
227
264
296
283
319
306
309
318
308
295
306
291
286
280
267
257
245
251
220
201
175
172
173
142
177
144
118
123
102
113
114
114
137
138
151
154
162
184
204
194
228
236
238
256
325
311
327
376
341
388
386
392
428
427
429
422
408
409
411
456
411
423
431
391
375
373
359
353
319
348
334
381
372
352
335
334
293
292
280
247
273
255
216
164
184
133
157
154
139
162
134
138
164
156
164
185
221
250
236
274
327
294
334
357
369
411
456
443
474
514
509
515
524
541
540
539
525
504
517
494
485
447
450
432
402
415
369
402
442
414
426
402
440
429
405
367
376
381
380
364
350
367
377
349
334
337
350
299
258
262
265
305
308
311
336
349
350
351
326
354
298
339
279
350
349
255
216
217
296
288
299
322
321
356
369
325
307
316
293
327
387
314
292
308
249
257
244
205
260
196
188
221
193
113
106
87
120
104
195
105
112
177
206
309
209
247
313
298
293
422
324
323
297
400
463
499
463
255
176
319
434
544
403
356
170
374
263
466
295
341
336
425
529
459
457
308
384
473
486
305
221
294
375
399
218
370
296
380
217
221
373
571
410
298
205
88
77
243
41
-265
-160
231
297
292
308
372
339
-65
99
118
202
256
708
494
258
363
307
325
268
299
265
78
272
96
472
579
400
357
504
-70
-206
13
406
651
587
-42
-361
-173
391
-36
64
24
267
329
285
75
42
249
629
545
224
-258
44
-1
-81
33
349
225
302
358
321
622
612
195
-52
329
329
247
477
685
507
697
407
184
301
350
621
633
587
655
154
199
308
119
378
267
663
492
189
370
157
94
273
366
151
-549
-13
-682
-422
-457
26
-151
395
459
401
114
-144
403
330
370
847
721
583
752
684
752
753
882
351
410
-500
-1133
-821
660
1246
933
663
391
278
-226
-644
-351
-487
624
1270
227
57
1155
798
141
-588
-1523
-665
508
308
434
590
269
281
1065
471
-969
-1293
-1066
1284
-125
575
930
780
813
348
-376
-2360
-546
1838
2538
949
1490
-78
-348
-1881
-1887
-505
630
1955
1370
2164
205
-427
-950
-1922
-1455
-1812
317
1099
2646
418
-132
748
-114
-1899
-358
879
96
700
-805
-69
-220
-302
460
751
-37
-1350
-422
418
-1112
-1024
-464
-107
-608
481
762
1151
618
243
-60
215
-677
-569
-849
-528
428
1718
1871
1554
-494
-1751
-1704
-629
-77
-320
-133
357
1721
1445
1145
-318
-926
193
407
172
-571
358
457
927
-616
-309
-902
-1484
-1393
1215
1997
1167
893
-512
-650
-473
-717
-862
-808
519
-95
-62
1153
925
905
1025
500
-1255
-262
171
62
51
786
1218
706
-403
814
1502
556
-1451
-1125
-88
-186
672
-340
371
1498
1722
270
-763
-817
175
790
225
510
95
-987
422
-434
499
-625
1341
249
1094
-668
726
360
1498
825
309
229
-691
-382
305
1536
614
-269
-794
462
735
-165
-271
-1095
1019
-122
37
378
-330
-1317
-930
6
379
-346
1120
26
457
37
-824
-745
54
1208
1098
589
-1608
-1299
791
391
1297
622
78
474
1720
1519
-667
165
494
733
-1443
-72
1215
738
113
216
106
-259
-18
266
7
-101
74
171
-315
-1007
-2007
494
-124
947
-220
707
1478
2673
54
369
-793
-622
-529
-58
106
1073
457
808
754
-838
-139
-54
-702
-501
1880
-105
-2453
-216
-454
1691
-974
567
-41
1115
-786
1423
1122
-528
-866
14
622
1452
443
-308
-917
-174
57
411
-1086
-1167
-293
378
220
-1103
1356
617
248
119
-169
652
-340
-629
-852
1147
-1513
-236
-746
-660
-47
149
18
72
726
1357
436
-1391
276
-196
770
1147
113
-403
493
836
1859
-113
-108
-766
-329
691
597
-115
-349
134
293
588
84
76
71
380
192
-704
97
-289
61
545
-812
891
1206
243
879
-532
883
24
96
-1575
-418
556
286
617
30
-75
-326
1330
216
852
-374
370
236
193
-392
780
1035
463
-896
-691
-227
-501
-164
92
154
741
707
-1106
494
-206
1098
-7
-128
-64
-26
281
-476
-634
290
69
370
690
-418
674
859
1592
-702
712
-52
386
-167
46
931
519
905
443
-462
142
-176
259
-686
72
739
1452
-120
-1023
183
954
-223
-402
-1321
909
-410
78
-102
763
777
-265
382
622
416
-718
-74
805
105
-188
497
1215
119
581
-249
-803
-172
566
1023
-696
334
-22
926
911
-62
52
-575
123
43
934
314
-56
-691
205
721
-234
353
-71
-1
6
-510
440
216
295
-118
445
45
-428
-415
578
378
333
35
-543
368
567
-301
-230
194
86
664
349
275
-99
-212
172
14
163
-114
-111
250
345
-86
-714
561
116
496
280
83
226
-60
-228
-227
-159
249
-49
879
-380
-267
73
46
314
946
49
473
173
-188
234
-129
907
-115
-177
66
176
23
276
323
100
733
288
-277
25
-18
1052
89
386
152
-59
163
72
560
-55
180
-445
544
53
-15
958
473
-7
-371
212
111
41
285
464
543
-747
359
75
202
430
-477
648
-234
123
558
41
596
374
301
552
-69
868
672
278
245
316
104
873
333
-218
810
-114
879
181
462
538
158
520
404
398
78
26
458
595
299
51
384
73
196
262
600
510
867
391
163
106
543
508
195
270
69
205
-92
370
417
205
111
419
201
447
92
207
218
285
55
19
133
-97
465
-392
354
322
659
201
-277
172
226
286
308
199
-42
-27
19
281
278
100
500
231
-137
207
506
183
41
455
265
148
156
112
681
957
489
237
-294
925
243
166
693
289
542
761
-73
610
597
972
680
291
832
410
459
733
444
700
296
372
767
125
459
285
395
418
-167
287
450
30
132
-7
-127
250
-67
-101
74
36
21
-22
-16
-125
-10
-149
-232
-400
-161
-114
-458
-257
-258
-206
-323
-626
-529
-588
-495
-557
-845
-394
-573
-690
-469
-871
-221
-410
-226
-2
-405
302
-150
77
407
401
489
124
232
784
719
813
665
670
1081
550
808
1411
1389
1289
842
1047
1257
1297
1869
1334
1324
1416
1142
1350
1398
1709
1585
1528
1512
1375
1598
1486
1756
1836
1552
1454
968
672
531
-195
85
-78
-37
-315
-734
-1494
-1836
-1707
-1738
-1388
-1601
-1770
-2177
-2160
-2028
-1813
-1360
-1392
-1523
-1537
-1544
-1381
-1131
-920
-566
-761
-749
-755
-995
-814
-560
-472
-400
-485
-784
-724
-600
-68
-489
-226
95
-221
23
532
599
637
1020
886
859
799
881
1498
1313
1310
1538
1322
1300
1723
1670
1957
1750
1958
1852
2121
2398
2252
2626
2634
2827
2708
2511
2859
3025
3122
3303
3305
3117
2569
1908
1295
931
749
723
206
-399
-1000
-1565
-1792
-1794
-1751
-1731
-1822
-2095
-2140
-2119
-1844
-1463
-1059
-814
-688
-617
-500
-262
51
454
647
731
597
503
407
442
405
306
21
-415
-942
-1435
-1995
-2389
-2959
-3363
-3689
-3839
-3848
-3813
-3808
-3621
-3393
-3059
-2542
-2183
-1740
-1432
-1029
-657
-310
-36
272
446
794
780
1105
1029
1097
1132
938
911
979
649
1240
811
769
934
854
897
1393
1457
1573
1899
2060
2197
2552
2925
3137
3384
3769
4119
4365
4642
4871
4906
5338
5723
5564
4000
2264
1008
624
920
1086
468
-990
-2503
-3442
-3629
-3294
-2673
-2662
-2923
-3363
-3539
-3367
-2716
-1675
-718
-88
178
91
31
488
1103
1854
2303
2319
1807
1253
880
838
947
1022
687
43
-594
-1216
-1563
-1720
-1621
-1628
-1796
-2166
-2608
-2989
-2934
-2979
-2889
-2808
-2914
-3049
-3141
-2946
-2562
-2123
-1704
-1488
-1473
-1350
-1319
-1115
-756
-516
-334
-357
-471
-498
-392
-145
159
355
437
246
525
399
453
785
1035
1303
1323
1460
1590
1960
2177
2481
2735
2774
3005
3227
3475
3871
4128
4289
4528
4506
4633
4741
4903
5182
5251
5321
5146
4947
3487
1773
774
191
98
83
-412
-1374
-2709
-3388
-3523
-3389
-2769
-2392
-2431
-2434
-2476
-2280
-1793
-876
159
809
1379
1395
1149
1399
1735
2133
2596
2641
2283
1603
1018
618
320
207
61
-358
-904
-1432
-1962
-2303
-2323
-2233
-2166
-2239
-2560
-3128
-3695
-3805
-3494
-2852
-2318
-2203
-2246
-2285
-2129
-1847
-1396
-855
-499
-474
-667
-955
-1144
-925
-580
-276
-118
-162
-303
-547
-489
-224
179
572
732
744
661
683
933
1372
1800
2092
2415
2486
2717
2669
2998
3265
3767
4068
3985
4128
3871
4202
4243
4340
4463
4520
4717
4572
4643
4631
4571
4478
3732
2649
1227
348
-308
-608
-611
-1010
-1534
-2348
-2758
-2987
-2827
-2390
-2042
-1693
-1415
-1128
-1049
-767
-176
444
1074
1529
1784
1699
1584
1555
1421
1513
1424
1271
823
281
-251
-787
-1176
-1373
-1512
-1694
-1868
-2171
-2436
-2629
-2740
-2706
-2762
-2780
-2962
-3321
-3425
-3235
-2925
-2535
-2147
-1996
-1917
-1602
-1623
-1413
-1169
-1033
-760
-730
-779
-812
-839
-779
-547
-395
-206
-13
36
94
159
326
527
661
968
1226
1546
1759
1874
1913
2159
2444
2900
3168
3224
3530
3539
3582
3896
3819
4202
4393
4472
4624
4387
4484
4766
4603
5029
4937
4946
5116
4739
4348
3091
1516
514
-542
-880
-855
-1144
-1470
-2286
-2743
-3001
-3182
-2792
-2251
-1770
-1039
-589
-355
-116
74
590
1143
1676
2244
2439
2190
2143
1576
1146
995
689
478
216
-148
-701
-1345
-1818
-2213
-2328
-2244
-2134
-1912
-1910
-2112
-2235
-2716
-2883
-2863
-2676
-2297
-1837
-1636
-1542
-1473
-1499
-1358
-1205
-938
-737
-557
-576
-725
-926
-1062
-1088
-957
-755
-428
-242
-243
-196
-100
118
198
615
926
1282
1879
1545
1481
1515
1527
1861
2144
2704
3023
2776
2876
2833
2677
2999
3358
3817
4028
4324
4314
4144
4262
4361
4599
4800
5150
5211
5138
4986
4730
4316
4029
3553
2239
849
-280
-1308
-1788
-2213
-2392
-2456
-2844
-2693
-2907
-3073
-2729
-2379
-1824
-1020
-251
385
805
1036
1271
1330
1477
1743
1724
1625
1709
1350
823
191
-448
-924
-1538
-1677
-1899
-2189
-2219
-2297
-2449
-2505
-2472
-2249
-2004
-1738
-1568
-1927
-2181
-2417
-2624
-2592
-2544
-2266
-1968
-1892
-1634
-1770
-1876
-1890
-1949
-1917
-1797
-1607
-1424
-1269
-1161
-1161
-1145
-1074
-891
-591
-264
177
498
705
783
791
771
749
896
1074
1270
1508
1871
1812
1962
1946
1895
2124
2138
2460
2636
3036
3416
3706
3889
3743
3881
3952
4008
4197
4220
4521
4582
4430
4272
4086
3873
3617
3395
3412
2848
1839
658
-747
-1754
-2544
-2926
-2877
-2613
-2409
-2061
-1888
-1843
-1680
-1545
-1265
-753
14
666
1241
1693
1799
1716
1499
1112
734
403
289
157
-66
-318
-839
-1280
-1832
-2270
-2541
-2656
-2586
-2270
-1923
-1583
-1280
-1091
-1028
-912
-855
-1154
-1382
-1908
-2120
-2292
-2496
-2440
-2459
-2425
-2281
-2279
-2350
-2288
-2283
-2139
-1972
-1794
-1587
-1316
-1172
-948
-773
-617
-396
-236
-45
125
347
435
519
494
526
465
570
473
524
645
731
854
900
1148
1213
1453
1583
1630
1850
1936
2211
2539
2573
2950
3116
2999
3418
3298
3393
3645
3382
3575
3481
3345
3512
3493
3438
3473
3366
2981
2138
859
-446
-1643
-2627
-3295
-3468
-3439
-3116
-2689
-2375
-2092
-1942
-1863
-1789
-1607
-1352
-541
168
926
1626
1842
1663
1261
704
-18
-420
-834
-984
-931
-1122
-1155
-1330
-1806
-2128
-2524
-2832
-2818
-2624
-2184
-1535
-898
-385
-27
-97
-279
-713
-1605
-2175
-2789
-3092
-3139
-3181
-2922
-2669
-2522
-2367
-2419
-2449
-2484
-2390
-2214
-1902
-1456
-1004
-661
-418
-260
-286
-320
-400
-412
-311
-185
17
173
238
255
212
94
-60
-55
26
274
450
814
1091
1424
1636
1787
1891
1853
1959
2116
2412
2684
2905
3087
3204
3093
3141
2746
2749
2450
2552
2513
2722
2967
3199
3490
3514
3514
3371
3077
2229
1282
-31
-1104
-1995
-2859
-3087
-3126
-2998
-2448
-1994
-1597
-1278
-1099
-876
-670
-485
-66
430
865
1390
1736
1762
1687
1309
802
217
-431
-866
-1234
-1467
-1537
-1514
-1597
-1580
-1619
-1713
-1681
-1575
-1358
-1004
-564
-103
408
699
868
922
595
49
-578
-1564
-2313
-2997
-3496
-3626
-3577
-3319
-2840
-2400
-1988
-1571
-1267
-1059
-817
-614
-324
-145
133
213
353
329
212
86
-225
-386
-592
-651
-567
-566
-354
-255
-50
144
248
398
648
813
1131
1436
1789
2073
2326
2487
2466
2542
2366
2311
2194
2134
2230
2266
2379
2407
2421
2379
2350
2281
2296
2336
2278
2570
2709
2990
3186
3345
3443
3543
3084
2236
1224
-28
-1200
-2144
-3033
-3312
-3306
-3044
-2418
-1803
-1320
-726
-401
-205
18
106
286
619
816
1231
1459
1456
1394
1040
491
-48
-711
-1260
-1576
-1913
-1875
-1766
-1651
-1323
-1086
-955
-744
-603
-455
-204
26
288
608
802
955
1050
850
498
-149
-1142
-1930
-2829
-3417
-3743
-3806
-3415
-2945
-2300
-1705
-1188
-845
-605
-486
-516
-480
-482
-360
-275
-181
-96
-126
-272
-467
-628
-829
-938
-1001
-925
-754
-499
-178
156
442
670
853
945
1087
1235
1416
1651
1816
2070
2092
2198
2195
2057
1960
1753
1699
1559
1610
1546
1732
1730
1904
2071
2209
2461
2420
2574
2488
2522
2635
2708
2874
2986
3130
3295
3080
2388
1531
359
-850
-1957
-3074
-3639
-3832
-3635
-2954
-2140
-1387
-448
178
574
906
817
788
720
592
617
726
770
884
944
705
552
145
-357
-818
-1319
-1655
-1794
-1818
-1628
-1234
-818
-347
133
407
662
795
772
777
691
634
576
470
131
-360
-960
-1665
-2297
-2929
-3349
-3668
-3623
-3366
-2816
-2157
-1413
-757
-251
136
240
247
58
-175
-392
-514
-544
-549
-463
-454
-369
-364
-366
-437
-492
-494
-430
-260
-46
288
573
930
1161
1373
1471
1498
1458
1384
1330
1334
1334
1383
1468
1480
1654
1595
1635
1558
1543
1442
1436
1334
1404
1397
1442
1587
1702
1861
1977
2084
2116
2265
2286
2283
2255
2306
2371
2469
2088
1521
813
-122
-1020
-1927
-2818
-3150
-3367
-3165
-2500
-1830
-948
-50
563
1071
1407
1363
1379
1166
916
810
648
506
597
649
647
699
523
231
-31
-464
-789
-1034
-1230
-1226
-1048
-816
-462
-54
306
661
897
1011
993
897
660
378
45
-401
-927
-1450
-2001
-2453
-2788
-3042
-3039
-2825
-2492
-2023
-1463
-905
-334
123
456
648
685
590
437
264
92
-36
-134
-158
-169
-152
-100
-32
48
155
248
339
440
550
661
823
987
1112
1249
1337
1392
1500
1494
1556
1524
1511
1479
1459
1455
1450
1534
1645
1684
1751
1778
1740
1786
1669
1626
1511
1483
1459
1493
1558
1655
1882
2087
2295
2516
2702
2902
2922
2639
2214
1555
689
-98
-1049
-1710
-2113
-2378
-2250
-1882
-1392
-706
-14
497
1073
1366
1493
1575
1433
1287
1190
1039
943
920
841
760
698
529
349
102
-192
-476
-703
-849
-930
-879
-721
-482
-143
151
470
708
885
993
1009
939
789
480
94
-421
-941
-1517
-1904
-2282
-2490
-2431
-2301
-1937
-1505
-969
-491
5
330
587
770
774
710
558
361
195
51
-43
-136
-160
-169
-131
-121
-105
-70
-62
18
64
166
261
413
525
651
828
929
1104
1246
1333
1446
1478
1427
1456
1433
1475
1508
1503
1605
1622
1720
1738
1718
1734
1781
1716
1699
1665
1598
1644
1678
1711
1836
1988
2208
2418
2603
2558
2294
1853
1207
435
-371
-1169
-1838
-2171
-2359
-2151
-1690
-1104
-351
368
940
1372
1579
1600
1494
1277
987
741
456
329
237
228
232
244
199
154
48
-92
-265
-455
-587
-657
-664
-578
-373
-124
194
495
727
878
956
937
813
618
290
-88
-515
-985
-1391
-1846
-2111
-2328
-2408
-2285
-2143
-1813
-1399
-981
-507
-116
211
437
576
594
554
445
298
145
-4
-191
-309
-382
-404
-356
-297
-175
-32
91
247
361
492
640
715
832
865
881
887
877
897
946
1025
1106
1276
1400
1537
1641
1751
1827
1905
1943
1970
1961
1977
1873
1808
1707
1626
1557
1582
1656
1771
2025
2158
2168
2089
1794
1351
755
15
-721
-1341
-1824
-2085
-2019
-1746
-1219
-563
76
695
1182
1456
1575
1483
1237
921
568
209
-28
-165
-205
-166
-122
-54
-24
-48
-144
-258
-437
-567
-700
-767
-773
-683
-539
-325
-76
185
430
560
633
627
498
277
-29
-342
-783
-1120
-1504
-1825
-1985
-2106
-2108
-1978
-1795
-1497
-1121
-752
-415
-87
100
235
297
242
133
9
-176
-353
-495
-614
-661
-689
-666
-588
-480
-308
-109
87
279
448
535
633
669
695
692
690
702
726
788
877
1009
1145
1281
1367
1441
1531
1593
1609
1631
1599
1595
1626
1604
1641
1715
1784
1845
1995
1966
1804
1536
1140
595
-53
-612
-1296
-1705
-1991
-2081
-1866
-1441
-924
-338
279
703
1057
1262
1290
1214
1013
740
452
228
14
-130
-182
-232
-315
-291
-320
-376
-442
-514
-617
-644
-632
-555
-410
-191
50
331
522
674
751
752
666
519
298
1
-245
-557
-829
-1131
-1347
-1536
-1666
-1710
-1735
-1632
-1484
-1271
-1002
-727
-433
-209
-2
118
172
158
86
-40
-184
-316
-450
-545
-600
-602
-537
-444
-289
-171
12
196
353
516
639
680
735
753
826
869
943
1029
1141
1238
1329
1439
1490
1525
1549
1493
1400
1287
1215
1140
1184
1294
1409
1547
1551
1496
1242
871
364
-225
-805
-1302
-1659
-1823
-1772
-1525
-1106
-580
-82
422
801
1024
1124
1103
912
706
414
166
-11
-86
-100
-78
-34
-37
-77
-155
-273
-400
-571
-701
-778
-829
-768
-636
-440
-165
97
317
512
617
642
607
520
395
236
78
-54
-190
-270
-295
-282
-259
-261
-313
-350
-462
-574
-718
-831
-967
-1053
-1107
-1123
-1060
-997
-842
-706
-537
-380
-305
-251
-261
-272
-358
-418
-506
-577
-609
-630
-578
-500
-393
-294
-168
-79
36
148
271
367
475
558
588
615
614
587
545
505
477
473
507
561
660
715
804
847
921
912
899
817
746
666
579
497
423
363
306
277
246
205
200
167
99
50
-21
-114
-152
-186
-206
-189
-205
-181
-176
-163
-170
-184
-213
-224
-243
-280
-313
-367
-384
-387
-425
-419
-438
-411
-400
-398
-398
-377
-328
-273
-205
-136
-43
45
133
215
271
341
369
385
422
451
496
504
524
519
528
544
572
615
704
772
839
880
940
998
1079
1171
1261
1329
1383
1431
1462
1513
1513
1567
1541
1526
1457
1388
1322
1242
1151
1041
910
734
562
380
192
71
-62
-164
-224
-252
-237
-170
-93
-3
90
145
191
205
218
161
128
70
9
-57
-83
-116
-141
-142
-155
-169
-210
-263
-323
-337
-319
-277
-196
-101
18
140
272
371
450
489
482
443
407
352
295
261
219
208
170
174
161
166
