1
-1
1
-3
17
116
-100
21
-25
31
9
17
-26
7
-27
5
-7
28
0
20
0
-4
-17
1
-30
6
-20
28
21
-5
15
-11
-7
-12
-25
0
12
-2
26
-23
7
15
28
1
-13
-32
-9
-16
-4
16
21
19
21
-47
-10
-36
-1
-4
24
22
43
49
5
9
-62
-44
-50
-56
9
9
67
45
29
3
2
-3
2
-16
-44
-8
-39
-10
-2
39
63
55
6
41
-54
2
-73
-13
-66
42
-2
21
7
36
-24
49
-21
1
-26
-11
-34
-4
-8
12
0
10
-7
39
-26
46
-30
15
-9
6
10
0
-7
-6
-9
0
-28
1
-5
18
-17
1
6
23
43
32
19
-8
-13
0
-74
-22
24
-27
47
-36
70
-4
35
-54
21
-36
32
-52
0
-1
0
25
-8
-35
46
-13
-15
31
-5
-4
30
16
-33
-33
-16
-31
33
-23
33
7
59
0
20
-44
55
-5
-9
-15
-11
-37
-65
7
12
45
14
-41
49
31
10
-9
19
-8
-27
13
-69
0
-25
9
-14
-12
27
2
0
10
36
-22
-35
18
-3
-1
6
-33
29
40
35
-73
54
-78
40
-18
-13
26
63
-9
12
-20
37
28
-16
-15
-37
-8
18
-17
-34
-6
-15
35
15
14
-1
47
24
-21
-19
-41
-13
8
3
-2
46
-42
13
36
30
-2
-9
18
-30
-26
-66
25
25
-56
19
-11
95
2
49
-6
36
59
-44
-23
-12
-35
12
-20
-47
-39
8
-55
52
46
38
30
-34
10
-1
56
-76
4
-39
8
0
-102
-17
1
131
21
43
-22
-9
-54
-24
-47
-46
-2
-3
82
2
-1
-9
22
-16
14
-7
-32
13
-36
16
-44
-25
0
15
78
42
-14
-16
-32
-24
-4
-36
0
20
5
32
-22
0
-17
27
4
-5
5
-17
-9
2
-5
0
36
6
12
-2
9
-44
-9
4
9
-30
-12
42
118
60
-60
-120
42
94
-90
39
-174
128
-8
15
127
-137
185
-34
-67
-52
55
89
33
-102
-29
-3
-12
-168
149
38
413
95
0
-158
-104
-102
47
-23
-93
20
93
35
95
-111
62
27
95
81
109
-88
-15
-86
-1
-67
33
3
129
-51
-1
47
122
97
-10
-49
46
-59
93
-52
-53
-51
32
57
7
-28
0
69
-11
-19
-7
-23
50
-44
54
-9
48
52
43
55
-4
60
17
21
24
8
43
-29
-24
-2
-28
16
147
142
-51
-51
42
106
-33
27
-261
80
-193
-75
-151
-273
-59
588
642
-263
217
21
278
442
38
184
-47
-116
223
88
-386
-106
-44
-117
223
169
-54
-3
-195
116
52
-47
65
208
7
155
140
-42
-32
108
169
262
81
19
-5
-214
-3
191
-291
-73
-141
-53
-60
-314
-157
-168
-140
5
17
-99
-101
90
-6
18
12
51
69
73
97
75
24
20
59
59
15
51
5
-16
-56
24
65
17
16
-43
69
-21
73
49
40
-26
3
76
64
-19
3
-70
142
-12
-24
-109
-43
-443
-274
178
758
86
-183
-234
-9
232
359
140
160
11
321
401
278
-19
-50
-69
198
166
211
16
-65
-215
-31
-28
-80
-186
93
64
87
-18
2
-86
-125
-67
175
174
241
61
-49
-130
-71
-67
24
-125
-81
-109
-60
-130
-169
-61
21
-27
21
-5
47
40
60
77
56
103
91
147
132
101
115
153
36
-21
-40
38
99
108
-44
-29
-126
91
-2
92
-112
125
126
8
-109
81
305
-74
35
-52
28
-35
11
-175
-304
-182
206
732
153
-189
-508
262
424
155
-79
-44
128
7
250
319
120
-136
-108
268
324
255
-48
52
51
74
-29
16
18
5
48
101
160
1
-124
-175
-6
33
150
213
187
-96
-160
35
25
46
-144
-120
-111
-35
-79
-201
3
62
-42
-98
-49
74
66
64
40
73
130
89
30
154
183
124
100
146
107
39
39
29
80
58
21
-37
-7
-11
72
-3
117
-33
-22
-30
170
38
62
-35
263
73
-100
-146
63
-190
-135
-284
279
489
411
-229
-499
20
443
542
167
-375
-100
341
533
125
-43
-150
8
47
266
180
54
56
-2
1
6
146
96
-106
-26
38
271
136
-120
-187
-149
42
217
282
15
-130
23
84
76
49
-114
-102
-110
-16
-83
0
-107
37
-38
24
-59
-21
50
74
76
143
54
82
28
159
142
140
133
85
87
26
14
35
71
67
-25
-82
-49
37
104
53
-65
-40
12
99
58
91
9
-62
20
141
151
112
-65
-104
-154
13
-17
-57
96
243
186
-28
-106
-177
47
265
272
20
-31
-73
113
231
211
-16
-54
-75
1
114
147
68
-31
-37
-52
-25
48
65
37
20
47
68
58
82
1
-29
-23
28
129
139
106
-15
-42
-7
73
134
83
-25
-87
-94
-42
14
53
39
15
-22
-22
-22
35
25
11
31
-9
4
18
29
6
12
-10
-18
-34
81
39
-17
-2
-6
-21
42
28
12
-8
24
6
-29
11
45
20
5
-4
-25
5
49
39
4
2
-19
-32
16
42
34
14
16
-4
-1
1
15
1
0
-22
-21
3
42
63
42
-18
-56
-43
17
51
53
10
-31
-24
9
35
35
1
13
13
16
8
16
8
24
31
20
-6
-11
8
23
19
-5
-9
-14
19
37
37
3
-54
-47
16
30
40
24
-35
-44
-23
15
38
21
31
-11
-13
-9
10
0
48
27
14
-10
-19
-35
5
23
51
24
-1
-18
18
6
-15
16
18
-6
-2
44
7
34
-22
3
-51
-1
20
23
43
14
3
-17
21
30
29
-9
-28
-7
59
31
18
-13
-80
49
61
42
-20
-17
-42
3
-56
-77
-28
109
164
37
-63
-81
5
95
55
-15
-26
12
113
67
61
-70
-22
60
137
39
2
-11
2
67
66
-19
-84
-86
-29
83
98
66
-40
-11
-17
-1
83
21
-29
-100
-5
27
131
31
-66
-36
49
52
62
38
62
-7
108
66
45
19
-10
48
21
48
-10
62
5
69
73
102
-75
42
38
3
139
52
-111
144
100
-152
-106
275
85
53
141
-9
-168
142
197
-35
-223
151
-86
-188
-90
-68
532
459
809
-298
-165
189
349
274
16
53
86
267
425
-192
-20
-153
212
192
223
95
81
287
107
15
291
165
159
-91
51
25
329
44
-38
107
-5
128
7
48
-83
-50
173
33
102
53
-33
-70
-157
130
71
221
41
66
107
152
210
83
8
67
144
203
71
127
-8
116
50
-39
-38
198
-1
-11
193
36
106
99
-25
143
-70
319
205
13
-168
-85
85
-43
-66
-139
-836
204
798
1283
-161
-314
202
638
348
164
360
105
311
719
313
290
-109
316
48
229
165
312
367
-21
-51
353
362
83
-89
125
-73
370
-65
-20
-155
-40
-210
-136
15
-111
131
-115
-376
62
126
60
-285
-250
-80
-104
100
128
129
96
96
123
108
267
271
226
153
167
231
325
206
174
75
345
160
25
-45
69
31
-177
258
-212
74
22
256
-119
294
404
-159
-244
435
-29
69
-126
-562
-536
379
317
989
-207
-492
242
547
161
-214
253
442
-29
604
230
341
-103
243
103
316
324
273
172
174
19
98
143
27
-333
224
123
409
-40
488
159
-45
15
57
57
269
-87
-440
-54
109
-109
-141
-158
-265
-512
-262
-139
-131
69
-42
-75
-74
37
83
206
174
60
142
214
193
123
318
178
238
277
108
168
153
232
-288
184
161
-402
-293
430
-202
180
-171
173
96
-106
106
105
-862
-156
669
205
514
80
-541
545
319
245
-168
426
311
52
277
336
42
-175
-51
86
92
328
219
300
175
338
-56
157
-34
-173
-106
158
4
65
252
340
-18
-190
53
27
-14
-144
-194
-281
27
-96
-55
-122
-172
-409
-222
-177
78
-93
51
-160
-37
-57
207
40
195
32
154
61
252
75
160
37
275
0
324
187
31
-44
356
-37
-1
-181
95
-180
144
-79
-165
-122
183
17
-299
-688
38
745
215
-429
88
86
-66
-22
264
270
-207
558
281
-5
593
-66
-155
98
-41
1
67
285
130
224
254
214
-257
92
14
-259
-42
-118
-3
29
222
-51
-147
-27
-52
-174
-168
-185
-158
-199
-91
39
-178
-189
-181
-151
5
-46
46
-16
1
-36
77
162
105
65
65
225
89
181
24
63
-27
162
78
24
42
-357
443
-161
-275
99
192
-269
-79
434
-378
71
1
-620
-118
1061
32
-358
64
236
-208
-125
311
-49
-374
558
57
-85
599
-81
-194
279
-213
-133
29
98
-2
78
233
258
-315
213
39
-222
26
94
-118
437
-99
64
127
-118
32
48
-164
-31
-339
-70
-97
1
-25
-119
-287
-7
-179
18
25
22
-20
-27
-7
143
-79
153
81
79
51
165
-16
-5
62
119
7
-91
153
-237
140
-348
453
-348
-5
33
301
-260
-677
-317
1345
-392
-231
602
-43
-442
375
-93
80
-260
190
114
-107
439
-25
-144
302
-157
-143
46
-82
-33
181
21
321
-248
255
-175
-27
-47
82
-306
263
-34
170
-57
-172
110
-167
8
-34
-207
-233
-62
-53
30
-86
-66
-83
-77
-42
70
-38
41
-14
46
95
91
-25
66
17
82
68
5
113
-74
-84
246
2
-320
149
65
-213
-132
342
-348
216
108
-826
-69
1062
-406
-180
304
127
-307
224
136
-237
-94
259
2
-247
537
-157
-81
93
25
-138
-73
91
-146
187
-18
289
-144
112
-67
-91
-32
-31
25
-152
296
-131
-32
-91
57
-149
5
-60
-150
-132
-87
52
-5
-35
-1
-91
43
-93
137
-54
107
-64
114
-23
139
37
-3
-110
118
106
-49
-3
-62
137
-159
6
300
-476
227
10
-274
473
-226
-942
722
609
-664
-4
395
-23
-484
601
-151
-389
184
267
-262
-92
613
-434
153
2
256
-390
179
5
41
40
142
229
-312
320
-91
-65
-154
-32
-163
244
-110
-137
45
-238
201
-129
-31
-110
16
-143
-45
98
-84
81
-86
93
-125
147
-38
43
-10
110
-32
41
104
11
-20
-100
97
65
-152
205
-173
-44
208
-88
-220
178
-32
234
-598
-483
1318
-457
-279
215
344
-494
258
111
-193
-266
527
148
-621
511
50
-117
34
85
-104
-265
312
-45
-36
-137
433
-305
112
35
11
-288
-124
297
-296
168
-54
-44
-59
197
-143
-26
83
-51
55
-105
95
-120
125
5
-12
-5
-3
98
-70
22
-101
178
-145
232
-79
48
-128
202
-41
-89
45
108
-143
96
18
-104
150
175
-717
-103
1184
-697
-452
703
8
-311
261
-26
-321
59
349
47
-736
685
-64
-20
-90
186
-256
-129
376
-62
-281
180
317
-251
192
48
-134
4
-181
258
-221
181
-134
139
-97
221
-176
28
9
90
-83
-56
103
-105
91
-10
-75
2
36
92
-151
22
-102
145
-54
107
-163
90
-29
98
-152
104
-19
-43
208
-246
164
296
-536
-167
617
57
-320
-376
647
104
-624
603
-457
-141
474
119
-569
34
559
-285
9
-47
93
-342
459
-244
-89
-12
205
113
-284
238
-22
-59
41
-46
-149
234
19
-184
118
-82
200
-202
133
-126
51
21
19
-8
-83
133
-33
-16
5
70
-35
-6
10
-91
151
-57
-32
-69
238
-202
0
39
71
-86
29
-37
65
250
-527
-188
870
-315
-274
-203
715
-166
-383
260
-70
-274
637
-218
-419
212
566
-508
44
-4
79
-169
297
-365
10
150
203
-183
-155
62
284
-112
-271
47
75
145
29
-420
194
203
-32
-252
132
-135
305
-108
-87
-85
204
10
-113
-25
-13
179
-24
-161
-32
176
26
-70
-91
131
17
48
-85
-8
-68
292
-175
-215
477
-245
-756
1303
-360
-642
106
920
-414
-802
781
167
-896
852
-85
-712
505
558
-842
153
198
155
-386
50
194
-219
140
262
-445
78
274
33
-325
12
89
156
-191
48
-85
122
103
-39
-404
567
-284
152
-142
64
68
62
-169
41
-1
100
-1
-150
12
164
-17
-106
-32
189
-166
210
-221
58
78
49
-314
429
-110
-198
-123
207
476
-697
-236
1085
-429
-549
531
14
-330
388
-219
-157
165
433
-614
49
296
36
-254
-99
357
-215
141
-40
-114
7
324
-84
-433
342
95
-57
-252
156
122
-52
-85
11
23
60
93
-275
129
143
-41
-170
63
97
-52
-7
-83
83
39
33
-156
6
180
-93
24
-164
229
-62
-29
-153
258
62
-196
-358
548
276
-767
-2
826
-234
-650
466
180
-237
5
45
-81
46
356
-536
43
406
-87
-338
82
397
-357
107
-55
15
61
111
-204
-86
313
-36
-219
-9
222
17
-220
48
73
25
-57
49
-137
204
-24
-93
-42
162
-37
-78
1
63
0
-9
-1
-26
-4
115
-74
-75
106
45
-87
-95
127
168
-164
-179
-16
527
-233
-478
181
813
-533
-748
937
87
-556
45
289
-114
23
128
-406
289
223
-312
-167
223
288
-423
37
103
136
-49
-164
90
57
130
-278
3
178
72
-193
-60
222
-40
-69
-27
83
39
-84
46
-42
89
-18
-72
-12
96
-38
-26
34
-30
-9
98
-138
8
189
-174
-40
132
-77
172
-125
-341
348
432
-784
93
338
433
-808
-128
882
-278
-557
388
199
-291
101
100
-331
441
-98
-234
-15
336
-79
-266
39
252
100
-490
357
37
-61
-36
-122
202
-15
-110
3
66
22
-45
-19
-10
123
-96
11
1
76
-103
77
-45
-3
30
-15
50
-88
43
44
-84
85
-65
59
-39
-16
56
36
51
-436
299
560
-936
133
591
26
-803
369
512
-436
-268
442
-46
-224
210
40
-427
539
-122
-241
-39
416
-242
-163
104
146
42
-341
334
-46
-39
-1
-38
17
35
0
-72
30
33
26
-27
-95
172
-120
79
-63
52
-22
33
-28
-50
97
-14
-7
-74
-20
178
-107
-94
109
25
-77
78
-6
58
-297
69
616
-776
60
357
361
-882
198
555
-282
-399
448
10
-275
184
244
-599
444
43
-126
-347
514
-124
-136
-17
98
104
-142
12
38
1
85
-226
191
-155
240
-234
101
-76
70
33
-76
-16
32
66
3
-175
169
-81
123
-218
116
42
13
-64
-94
145
-18
17
-170
113
117
-196
269
-181
-269
329
303
-589
-77
515
177
-753
228
369
-165
-348
480
-192
-250
450
-9
-534
364
149
-149
-310
399
-138
24
-92
34
62
-9
-10
23
-101
155
-150
119
-191
246
-273
298
-256
28
131
-52
-51
38
-28
123
-181
143
-118
116
-130
104
-60
32
40
-160
142
-43
-14
40
-131
140
-24
57
-15
-355
306
265
-357
-352
694
-104
-483
420
-125
-95
60
217
-247
-268
537
-62
-398
227
82
-98
-128
311
-347
90
146
-89
-39
16
104
-62
-47
76
-185
188
-108
107
-242
260
-129
-34
87
-52
-22
29
-14
102
-238
243
-143
89
-144
129
-88
79
-39
-38
-67
139
-5
-65
-185
418
-409
419
-202
-340
259
351
-379
-227
422
-9
-372
459
-286
-81
7
462
-412
-233
446
-28
-310
294
-90
-133
-39
379
-414
92
27
25
-36
121
-92
-56
63
61
-170
113
-150
230
-285
258
-128
-126
174
-1
-93
23
-6
96
-196
248
-210
97
-60
66
-50
10
5
-23
-62
123
-84
89
-238
301
-298
314
14
-378
-117
737
-509
-51
90
227
-396
274
-47
-29
-327
539
-190
-234
162
208
-479
389
-37
-104
-241
429
-308
124
-29
-35
-133
340
-215
160
-289
305
-273
136
-25
85
-323
337
-121
-21
-48
172
-249
129
7
88
-257
223
-87
33
-52
78
-108
33
35
58
-288
277
-88
50
-251
361
-218
-167
434
-123
-353
175
63
196
-498
502
-219
-234
376
-22
-383
181
245
-236
-157
448
-319
-40
137
73
-309
137
141
-256
83
236
-319
33
228
-59
-198
233
-56
-247
206
74
-121
-69
101
20
-221
236
-6
-183
45
143
-88
-82
180
-127
-95
181
-28
-99
21
127
-199
34
124
-108
-13
100
-151
7
78
85
43
-370
79
316
-221
-105
364
-274
-135
383
-214
-126
140
51
-136
-70
279
-147
-171
263
-27
-250
166
86
-299
181
159
-284
40
250
-171
-44
113
23
-268
142
147
-179
-19
118
-61
-174
219
56
-288
147
108
-147
5
162
-160
-64
163
-19
-130
119
25
-105
-95
229
-205
197
-157
-1
0
13
136
0
-239
-2
316
-400
184
222
-197
-56
-8
75
32
-214
244
-141
-82
228
-46
-221
209
10
-207
75
144
-237
87
100
-40
-154
163
118
-278
139
137
-239
-47
205
35
-347
342
-95
-172
130
111
-215
75
19
59
-162
110
113
-247
71
203
-305
152
95
-154
-69
90
141
-256
57
226
-316
57
100
-80
269
-326
-79
357
-535
557
-219
50
59
-272
220
71
-389
400
-147
-90
45
188
-291
187
-53
-30
-45
102
-121
34
-52
200
-209
119
-20
45
-49
75
-176
40
258
-338
-97
777
-1070
648
-41
-382
560
-538
283
157
-580
672
-216
-464
647
-263
-232
422
-247
43
-27
-42
93
-63
-18
116
-160
17
-60
198
-241
363
-191
-471
664
-302
-135
376
-171
39
-202
132
172
-414
243
175
-329
89
207
-180
-73
109
41
-146
7
75
-54
-92
183
-22
-106
41
154
-122
-148
268
-183
57
-23
12
45
-164
67
80
-157
119
-32
-17
-34
54
3
2
-71
12
46
-40
-13
64
-34
-35
-33
38
32
-90
91
-45
-88
101
-120
114
2
89
-205
-83
30
334
-442
270
27
-9
-219
161
-86
85
-194
217
-57
-50
16
20
-54
34
-116
110
-33
-102
20
46
2
-11
-9
96
-68
-16
3
12
-136
181
-143
95
-96
22
-65
45
-38
92
-111
10
-18
38
-52
8
70
-64
-141
49
282
-352
151
-170
116
203
-522
594
-485
242
-36
-27
-230
496
-577
384
-113
-120
160
-90
-3
44
-153
133
23
-85
102
-109
46
-7
-88
136
-106
67
-96
41
-33
45
-52
44
-101
84
-87
110
-104
91
-102
69
-63
73
-60
65
-38
-109
182
-124
21
74
-51
-2
17
-69
96
-59
31
-2
-9
0
-13
-6
24
-27
1
23
-22
18
-13
-7
21
-39
44
-13
-8
3
-3
-16
20
-10
17
-29
29
-16
-3
5
10
-7
-3
-7
-8
20
-12
-16
19
-13
10
0
4
-3
3
4
-8
-12
15
4
-2
5
-12
0
-4
-10
4
4
-10
-3
17
8
-20
24
-9
-2
-10
3
3
-10
1
14
-26
16
4
-15
2
-5
24
-10
-13
20
-7
-17
9
1
-4
8
-7
0
1
-9
4
11
0
-23
23
1
-6
12
-16
9
-3
-17
12
-20
0
14
-8
-11
20
3
-5
4
0
-10
-1
7
-7
-5
12
10
-18
1
4
-3
-9
17
1
-32
35
-22
3
9
-7
-23
22
-6
-11
-16
22
0
-18
3
17
-19
0
7
-8
-1
-1
8
-12
1
17
-31
0
5
-6
-2
10
1
-2
-2
9
-18
15
-4
-3
-2
-3
11
-6
-7
8
-2
-6
-3
3
-10
2
4
-14
10
-1
-9
-3
-4
-6
5
-4
-2
0
-2
9
-9
0
-1
-9
2
12
-8
12
-2
-17
2
-16
0
2
-7
14
-7
3
-3
5
44
19
-153
-43
201
-86
-152
117
44
-43
23
-18
-71
66
-86
109
-71
-91
124
-14
92
-77
-28
-39
48
-5
-51
-28
62
91
-29
-15
20
4
63
-103
-128
241
-146
71
-99
-72
330
-171
-286
542
-303
-207
449
-372
208
-266
263
36
-282
66
120
52
-249
117
75
21
-20
-30
-56
58
21
-68
67
-29
128
-84
-13
-75
65
39
-23
-47
117
-29
-77
44
-34
17
43
-90
23
-16
66
-82
12
19
8
-24
8
-37
12
20
-69
45
0
1
-24
-41
21
12
13
-1
23
-49
66
-28
-1
40
-37
56
-73
49
37
-13
-6
17
-56
58
-38
26
-12
-37
-24
62
-69
-1
-8
12
9
-91
87
81
-60
9
-134
29
137
-209
142
51
-59
74
-195
103
-26
-71
70
-16
54
26
-114
32
49
-135
75
-4
-25
91
-93
20
-7
-13
66
18
32
-36
-27
82
-182
86
56
-79
63
-76
-31
48
-61
-16
0
-13
19
-12
-15
13
-54
2
-30
-27
80
-17
-54
26
-31
-63
1
72
-39
-1
-56
60
-76
1
-54
67
-69
-69
116
-94
80
78
-130
-71
49
10
-102
90
-39
168
-172
-24
79
-165
58
-79
28
92
-105
1
60
-82
-48
-39
-10
28
-74
75
9
-65
-42
15
12
55
-48
32
60
-110
14
-44
0
93
-164
104
23
-63
0
-34
9
-18
-30
72
42
-79
3
18
-25
-10
-14
69
-14
-49
-5
-20
9
-38
2
41
-34
-71
52
-12
-55
-77
54
4
-111
50
4
0
86
-125
-48
84
-95
32
-31
54
138
-225
78
46
-168
43
-17
17
-1
-35
21
55
-117
2
-9
-21
-32
-22
110
-15
-81
93
-50
-24
22
40
36
-33
-15
86
-82
-47
50
-27
-25
2
57
-3
-64
-7
20
-50
-31
69
-1
-24
-44
39
-4
-61
29
30
-52
-21
14
-7
-24
-10
13
-13
-49
7
15
1
-53
-39
46
-93
-20
112
-114
-45
86
29
59
-124
-40
145
-113
-122
191
11
-59
29
25
3
-208
124
18
-115
30
81
-55
-6
-22
17
-89
-80
22
63
-82
81
-5
24
-90
37
36
-10
-26
122
-64
-3
16
60
-112
-36
57
52
-121
125
21
-55
-31
85
-57
-5
0
92
-97
14
68
-5
-72
86
-25
-52
-34
90
-34
-24
-17
70
-73
11
-3
1
-35
20
-27
-101
85
-30
-49
19
-45
29
-18
25
166
-128
-76
206
-192
22
54
83
-36
-75
159
-17
-225
171
-8
-103
6
128
-93
22
-4
49
-131
-18
51
-33
-53
126
-42
39
-69
61
-6
-10
40
89
-101
98
-5
45
-98
71
-39
6
-23
100
-27
-4
16
56
-76
38
0
26
-65
80
-16
26
-22
78
-76
5
-17
14
-38
53
-17
-15
3
29
-67
52
-13
6
-30
-33
25
-1
-49
8
3
-17
23
9
-56
113
57
-9
13
-113
215
-120
-140
302
-126
-7
78
56
-102
-79
195
-159
-43
189
-92
-27
30
94
-149
-16
92
-140
1
91
-3
-27
17
71
-113
45
48
0
-25
45
31
-32
7
64
-95
-4
0
61
-126
128
-49
14
-32
64
-42
-13
7
40
-96
107
-19
19
-38
40
-40
-7
-19
30
-62
73
-30
-11
-33
74
-54
5
-15
39
-87
42
-50
29
-107
44
-61
-14
13
-17
-1
-3
-1
85
-19
22
-132
196
-196
-13
105
-4
-36
44
57
-106
-128
225
-173
-53
152
-81
-65
70
35
-108
-29
69
-160
-14
125
-64
-11
79
2
-92
86
18
-9
16
67
-34
26
43
25
-52
19
9
-14
-39
93
-85
79
-44
87
-92
44
4
-50
-27
101
-135
97
-39
8
-44
17
-48
3
-68
79
-102
61
-37
-18
-5
17
-41
1
-42
44
-81
27
-5
-35
-25
0
-27
27
1
-4
31
-9
23
-9
90
40
-68
-44
109
-121
-40
170
-62
-21
77
-20
-105
12
114
-169
27
141
-161
16
101
-65
-55
72
-15
-142
110
48
-109
91
67
-94
16
78
-42
-5
92
2
-52
78
20
-54
10
29
-55
23
-43
113
-193
208
-112
-25
74
-32
-69
89
-95
73
-75
62
-14
-25
8
-12
-58
63
-67
48
-51
29
-11
-7
0
5
-33
59
-54
16
6
8
-36
17
-1
-30
-7
37
-31
31
-9
11
-19
0
26
-22
8
29
1
-11
-17
29
-57
13
-35
88
-61
25
72
-99
-20
67
-76
0
46
2
-62
63
20
-81
35
30
-116
33
42
-58
13
65
-56
-17
59
-34
-44
91
-27
-31
47
-5
-39
34
-4
-16
-6
33
-33
-22
74
-44
3
54
-35
5
8
5
-13
2
39
-31
9
36
-35
17
0
-13
-6
3
-13
14
7
-5
1
16
-20
1
2
-14
-2
22
-24
26
-35
24
-12
-33
31
5
-48
41
-20
1
-4
15
-10
7
-18
18
0
4
0
35
-21
-14
39
-47
23
10
7
-9
16
8
-29
9
22
-21
6
27
-14
-2
25
4
-23
32
-4
-26
35
-3
-24
47
-2
-15
20
17
-13
2
27
-16
11
20
-21
4
15
-1
-8
1
9
-22
3
2
-22
6
10
-17
-2
4
-10
-12
3
0
-15
1
5
-11
12
2
-10
-3
4
-12
-4
8
18
16
3
-9
52
-54
-16
47
-45
12
38
-34
4
28
-41
20
-14
-29
34
-16
-8
38
-8
6
9
-13
-12
-3
-3
4
-1
5
15
-7
-3
14
-23
7
11
-7
-2
4
2
-8
-2
-5
-8
11
-14
3
-2
2
1
10
-13
6
5
-12
1
-6
5
0
-7
3
2
-15
10
-8
2
0
0
1
1
-4
-2
3
-5
-6
8
-7
1
-6
3
1
0
-8
12
-5
0
-2
8
-12
3
0
2
-14
0
7
-5
-8
19
-9
-4
5
4
-8
4
-2
8
-8
2
-1
-3
0
3
-10
3
-1
1
-7
8
-2
4
-6
-1
2
9
-14
3
4
2
-13
5
0
1
0
-1
1
-1
1
4
-11
0
2
9
-17
5
6
-7
-1
7
-11
4
-1
0
0
0
0
3
-2
1
-5
3
1
-7
9
-2
0
-1
-4
1
-1
-1
-2
-1
0
5
-8
0
-1
-1
-3
2
-1
-6
1
3
-4
1
-1
0
-6
8
-8
-2
9
0
-7
-1
11
-7
-8
12
-1
-9
10
-4
-1
-5
15
-9
-6
7
3
-11
5
-5
0
-1
-2
-4
-2
6
0
-5
2
0
-6
7
-2
-2
-3
2
4
-5
1
-2
-1
8
-1
-5
11
-3
4
-8
3
1
5
-4
-3
9
0
-12
-1
14
-12
0
7
-8
6
6
-7
-1
-3
5
-5
-5
1
-2
5
-3
-3
4
5
0
-5
0
6
1
-6
12
-13
10
-4
0
-16
10
-1
-10
1
6
-14
2
3
-6
-3
7
-10
12
-11
6
0
-6
7
-3
-7
8
-10
5
-4
5
2
-6
-2
7
-8
-2
0
-2
0
-2
-1
2
-4
2
-1
0
0
-3
-2
14
-5
1
5
-3
-9
4
7
-14
-2
9
0
-11
8
4
-9
4
2
-4
4
1
3
5
-6
6
-3
-6
6
-3
-1
1
6
-9
9
-1
3
-2
1
1
4
2
1
-6
5
-7
4
-1
-1
-3
3
3
-14
3
4
-2
0
3
-1
-1
3
3
-3
0
3
-4
-6
6
-1
-2
4
1
-8
7
-4
0
-8
3
8
-3
-3
8
0
-3
1
3
-6
9
-1
-1
1
14
-11
0
13
-17
9
-8
3
4
-1
9
-17
-15
26
-11
24
-31
-10
51
44
-142
27
26
112
-86
-122
-171
344
-132
-249
313
-252
47
120
-249
52
3
-174
215
-103
-114
52
9
-111
-33
89
-21
-387
212
133
-255
90
179
-283
181
-262
-46
144
-256
198
-128
65
-49
-62
65
-97
-5
96
-100
71
-37
23
117
-165
98
113
-147
135
-67
9
56
45
56
-36
-17
139
-52
63
23
28
3
-71
118
-32
-27
65
-67
58
-97
68
-29
-63
112
-116
39
-20
-25
59
-39
-5
214
-53
-358
200
141
-173
-51
132
40
-109
147
-184
37
107
-141
97
-64
103
-97
165
-195
98
-76
102
-153
126
-185
137
-147
111
-63
-61
7
140
-222
41
160
-164
32
30
17
-61
-43
126
-29
-62
60
-88
-20
3
74
-57
-131
220
-206
-2
124
-97
-82
163
-125
39
-30
-20
138
-179
156
28
-243
298
-40
-162
62
-12
19
-90
47
27
-125
-22
62
-99
-22
52
-109
-56
133
-139
-28
31
1
-31
-10
22
-87
18
17
24
-57
-56
149
-164
0
37
-29
-67
-31
92
-100
-9
-9
-28
80
-198
157
-173
101
3
-98
5
22
-10
-22
-59
37
-69
33
-48
20
-42
-30
-7
27
-43
-32
23
-21
-65
12
1
-2
-36
-26
60
-86
9
91
-122
-174
253
-56
-208
111
-65
89
-40
-18
-195
291
-299
262
-322
322
-204
100
-122
280
-203
83
-191
201
-234
53
-104
254
-333
18
72
-136
-142
131
-20
-139
4
-32
-24
-32
-14
-39
2
-18
-58
8
-20
-4
-130
109
-23
-6
-85
125
-1
1
-14
-20
134
-274
397
-447
460
-430
350
-217
74
-119
245
-327
305
-370
357
-318
178
-165
99
-160
76
-120
9
-147
73
-222
132
-210
66
-114
-8
-100
-18
-37
-29
-66
6
-67
35
-78
108
-134
90
-23
14
101
-131
29
10
165
-206
36
46
55
-204
211
-213
133
-168
279
-60
-174
-207
409
-487
209
-495
732
-770
129
78
-144
-335
330
-176
11
-325
374
-331
158
-167
221
-266
202
-119
72
-150
231
-202
173
-168
240
-258
145
31
-13
9
186
-124
-114
61
50
-127
135
-148
171
-251
103
29
-228
229
-88
-7
-79
-13
32
-70
-27
22
-153
39
-76
-51
-150
8
-88
-55
-89
18
-143
-16
-52
-31
-125
47
-71
-37
-46
65
-108
27
31
-51
36
7
35
-104
-38
258
-395
427
-393
311
-364
420
-420
260
-184
188
-91
252
-328
-30
52
58
-377
267
-162
-6
-286
295
-343
-163
208
-53
-258
110
-120
43
-187
215
-134
-32
-31
149
-182
45
4
51
-105
187
-157
68
-96
172
-113
88
23
30
-16
45
41
-102
22
114
-80
-23
81
-45
-5
31
-14
81
-179
184
-138
55
-43
22
-78
33
-93
6
-148
48
-119
6
-109
34
-140
77
-110
37
-137
46
-40
-26
-23
0
-44
19
-48
26
-38
-29
102
-67
33
-37
-70
94
-166
173
-290
314
-276
107
18
-235
256
-136
150
190
-467
97
118
-92
-175
103
10
-259
0
132
-275
-179
231
-135
-162
82
-78
-96
44
11
-58
-45
76
-13
-57
7
-1
-4
14
92
-104
-78
151
-142
58
20
-27
-19
35
13
-54
-52
235
-215
-35
125
-46
-87
88
10
-57
-37
131
-129
2
35
6
-56
5
9
-58
-75
72
-123
-35
-4
-22
-83
25
-69
22
-67
25
12
-94
28
22
-59
-12
-56
35
-23
-29
2
-8
-43
15
-87
62
7
-157
235
-379
237
-113
-20
92
-109
-7
13
125
59
59
-175
-119
240
-181
-111
269
-344
8
27
-62
-121
-153
90
-152
-55
40
-148
36
-28
-13
-106
6
83
-188
182
-154
24
-25
61
23
-128
17
-27
-22
-15
46
-100
-18
81
-90
76
-60
140
-129
-26
178
-58
-29
146
-62
42
8
99
-5
-79
148
-91
6
60
-90
40
-78
-8
-50
-65
26
-125
-32
-6
-48
-16
25
-97
-24
16
19
-62
-65
68
-106
-1
42
-144
-7
-9
51
-61
-88
15
83
-133
51
-33
-142
82
-117
66
56
-270
290
-204
176
13
-49
-116
34
-115
8
-152
61
-169
-119
1
-132
-53
-113
38
-192
46
-39
-82
68
-38
-62
84
-82
90
-81
92
-106
47
-52
104
-60
14
-60
16
-28
24
-50
5
-35
-73
15
19
-24
0
-98
48
-92
21
76
-151
85
-67
23
43
-76
36
-39
4
-5
0
-46
28
-79
41
-100
54
-101
57
-97
13
-28
41
-45
65
-67
17
-4
28
-34
-12
-41
-51
-16
-16
6
-79
-51
21
-35
-15
-6
110
-227
83
32
-149
156
-106
67
-134
131
-107
64
44
107
-78
-201
253
-210
-13
60
-76
-232
86
6
-148
-31
34
-258
90
-12
-101
-47
15
-59
-42
-13
42
-164
137
-162
29
-86
54
-19
-5
34
-70
34
54
-28
74
-71
76
-63
192
-96
-4
39
-51
20
34
18
-61
-28
103
-132
102
-95
43
-131
98
-100
62
-111
102
-157
92
-114
42
-74
48
-116
42
-48
33
-15
-8
-40
14
-20
42
-66
23
-69
-12
-35
1
-99
28
55
-105
7
0
-75
90
-36
25
-134
119
-250
288
-280
167
-191
225
-149
325
-249
13
-6
-16
-40
45
-49
-144
78
37
-198
129
-86
-102
-32
55
-200
38
28
-92
-60
52
-221
59
-29
-56
-157
64
-197
77
-70
3
-119
43
-61
82
-67
39
-61
25
-13
56
9
-6
-73
45
52
-34
61
3
-62
21
120
-163
173
-143
100
-106
153
-169
133
-100
19
-55
-1
-34
-23
-12
-76
-18
-32
20
-38
-7
-61
-4
16
-43
0
-84
-18
-33
14
-114
1
-66
47
-82
82
-107
33
-50
108
-195
78
-127
0
-12
-11
-75
-14
9
16
61
-65
-67
-67
37
-113
11
1
-170
26
16
-110
-12
-46
-121
23
-62
-32
-25
22
-93
57
-63
-51
-80
40
-88
-78
-24
-147
8
-22
-53
-41
-10
-84
39
15
-53
-25
-21
-52
60
0
-48
-69
-6
-53
55
-57
23
-79
29
4
-6
60
-48
4
0
40
-29
60
-15
-34
42
-72
26
-35
3
-95
27
-90
9
-12
-8
-61
-8
-20
-22
52
-64
-35
-28
-45
-31
6
-36
-72
36
-84
2
10
8
-115
44
-21
-108
88
-68
-20
-35
31
-86
85
-23
-95
-35
-60
-55
-66
101
-204
-9
-9
-151
98
-73
-126
-20
-4
-152
119
-35
-129
95
-76
-30
47
-74
-51
24
-91
-47
24
-111
10
-9
-51
-30
13
-40
-2
-2
-61
-20
-9
9
11
-14
-65
-20
-45
-2
-13
-3
-55
-13
17
-16
17
-3
-45
10
-4
10
21
-9
-7
22
-17
10
13
-41
7
-37
-24
-15
-12
-1
-9
-24
-9
1
-2
-7
-11
-34
-51
-1
-3
-22
2
-26
-50
25
-18
-42
-2
-22
-55
-3
27
-38
4
0
-3
7
-7
8
-25
-48
-32
-29
-18
-28
-30
-26
-18
-48
-9
-78
-43
-38
-78
16
-39
-37
-7
-19
-29
-3
-23
-37
-1
-47
-24
-16
-34
-10
0
-25
3
-19
-12
5
-15
-1
-5
-19
19
-15
-13
-12
-17
-29
2
-24
-12
-22
-16
10
-30
-5
-6
-18
-8
-12
13
-28
9
-4
8
-5
-4
0
-24
-4
-15
-15
9
-16
11
-10
-6
-13
3
2
-16
-6
-29
-20
8
-25
0
-14
-18
-12
-10
-7
-11
-15
-19
-3
-9
11
-18
0
-3
6
44
-22
-13
-42
-31
-6
-20
1
-20
-10
-33
20
-71
-35
-60
-43
1
-70
26
-65
-35
3
-32
-8
-56
4
-53
-15
-29
-49
5
-30
5
0
-31
-6
-11
3
-8
0
-16
1
14
14
22
-19
-17
2
-44
32
-35
-4
8
-25
39
-37
0
-32
-15
0
-21
11
-29
12
-9
-14
14
-27
2
-9
-18
-15
-18
-2
-12
12
-3
-16
5
-17
0
-15
-11
-9
-21
0
-17
-11
-6
-15
-1
-19
-8
-14
-17
-27
4
20
-24
50
19
-1
-23
-41
-5
-37
2
2
-6
11
-20
20
-41
-32
-51
-38
0
-54
-6
-25
-40
-8
-25
-10
-41
-34
-37
-28
-48
-38
-34
-14
-23
-7
-25
-18
-10
-17
-4
-14
-7
8
2
-4
13
-15
-12
20
-20
20
-19
-2
37
-33
29
-18
4
-14
-5
6
-24
0
-14
12
-10
-11
-3
-28
-8
-27
-18
-8
-8
-13
-8
-9
-12
-16
-3
-9
-24
-11
-15
-10
-7
-17
-2
-14
-12
-20
-6
-27
5
-34
-14
7
-18
10
-14
30
14
-33
9
-75
-10
-32
-5
3
-42
45
-57
13
-54
-17
-51
-34
4
-48
5
-50
-10
-1
-26
-23
-30
-40
-28
-43
-50
-22
-52
-17
-20
-29
-46
-13
-16
-46
-5
-35
-14
-12
5
10
-32
-9
-31
0
-25
2
3
-37
33
5
-13
1
-21
8
-3
-12
6
-11
-9
-4
16
-20
9
-21
-14
-4
-37
-15
-11
-17
-5
-13
-12
-17
-5
-26
-8
-17
-42
0
-20
-12
-21
-20
5
-17
-18
-5
-30
-19
-21
14
-31
-1
13
-4
6
-41
-6
-82
-17
-37
-28
-20
-52
27
-49
-34
-27
-66
-21
-44
-19
-44
-36
-26
-20
16
-58
-1
-33
-33
-8
-71
-18
-46
-22
-28
-18
-14
-49
10
-34
-18
-18
-59
13
-21
-17
-19
-17
-34
-17
-15
-25
-20
-13
-16
11
-24
-13
-8
-16
7
-23
2
-8
-1
-1
-7
-1
-5
2
-5
-8
-13
-19
-14
8
-11
-10
-10
-6
-3
-9
-22
4
-42
0
-23
-26
-17
-20
-7
-16
-17
-5
-35
5
-40
3
-27
-9
16
0
29
-35
-5
-49
-42
-20
-34
-21
-27
24
-49
-17
-48
-31
-42
-46
-22
-31
-47
-22
-18
-12
-39
-18
-4
-24
-32
-14
-50
-34
-15
-23
-22
0
-25
6
-16
-17
-4
-30
-3
-6
-10
-10
-7
-8
-22
-5
-29
-23
5
-24
-13
11
-30
1
-33
14
-20
-21
1
-7
-10
-11
-1
7
-22
4
-8
-13
-6
-19
9
-18
-3
-2
-10
-1
-4
-9
-12
-3
-17
-9
-10
-22
-8
-16
-10
-18
2
-19
-41
9
-7
-27
6
5
9
4
5
-16
-18
-35
-21
-6
-38
27
-21
7
-13
-54
27
-82
0
-37
-35
-27
-31
-7
-19
-34
-12
-15
-23
-33
-9
-43
-40
-10
-36
-2
-20
-15
4
-13
-13
-14
1
-26
13
-18
9
-1
11
-31
23
-27
8
-11
-6
25
-12
-14
18
-22
14
-33
7
-7
-21
7
-21
17
-36
1
1
-20
-6
-18
-9
-16
-11
-8
-15
-2
-7
-16
-1
-9
-3
-28
8
-17
-13
-16
-3
-10
-13
0
-19
-8
0
-15
-24
3
1
-10
16
3
-8
-12
-27
-3
-35
-2
1
-21
12
-2
-33
9
-40
-6
-19
-35
-3
-27
-19
-17
-7
-24
-3
-15
-21
-28
-18
-40
-22
-17
-33
-8
-24
-12
-13
-11
-19
-20
-5
-17
-17
-6
-5
9
-12
-6
15
-16
-4
7
-10
17
9
-10
35
-17
14
-8
9
2
-3
9
-11
3
-6
-9
9
-10
-7
-7
-9
-12
-23
-1
-27
-11
-19
-10
-10
-12
-9
-10
-18
-16
-18
-10
-22
-7
-7
-19
2
-13
3
-14
-3
-11
-6
-11
10
-17
13
-14
-18
-14
-36
2
-27
-31
13
-34
-11
-36
-14
-22
-42
-12
-31
-22
-15
-42
0
-34
0
-19
-11
-11
-12
-29
-10
-20
-19
-13
-11
-16
-4
-22
-2
-15
-9
-19
-24
-6
-19
-21
-6
-17
-19
-15
-17
-20
-15
-18
-5
-19
-8
-14
-17
-10
-9
-13
-7
-11
-3
-9
-5
-2
-6
0
-3
0
0
-4
0
-5
0
-7
-1
-2
0
2
-7
4
-11
-10
-3
-13
-12
-5
-11
-7
-2
-11
3
-9
-12
-6
0
-16
-3
8
-23
4
0
-11
-8
17
-18
-10
-5
-8
-13
-17
-5
2
-32
8
-20
-6
-17
-22
-21
-4
-31
-17
-7
-11
-24
-1
-15
-7
-11
-15
-5
-8
-15
0
-6
-2
-4
5
-6
3
-6
0
0
-7
6
-2
0
0
2
-2
-7
7
-16
0
0
-4
-2
-5
0
-10
-5
-4
-5
-7
-1
-11
0
-3
-8
-4
-5
-5
0
-7
0
-6
2
-18
8
-12
-1
-1
2
-9
10
-7
11
-11
1
7
-8
0
3
4
-13
7
0
2
-8
4
6
-7
7
-12
5
-6
-11
6
-4
-7
-1
0
1
-9
0
-4
-1
-6
-3
-8
-2
-3
-6
0
-5
0
-7
-4
-5
-8
-8
-3
-12
-2
-8
-6
-8
-7
3
-7
-8
0
-5
-14
-1
-6
-8
-6
1
-5
-9
-1
-10
-6
-4
-1
-7
-1
-5
-1
-7
-2
-5
-2
-6
-1
0
-6
-2
-4
-1
-12
7
-15
5
-3
-3
-10
7
-7
-2
0
1
-12
8
-9
-3
1
0
-3
0
56
0
-101
-39
181
-279
21
234
-143
-83
249
-227
137
-99
14
11
6
-86
122
-31
-25
13
31
-34
-10
18
-14
-1
0
-23
54
-36
15
-6
32
-51
38
-29
62
-90
69
-60
30
-26
30
-33
45
-63
49
-30
0
-13
18
-39
35
-28
9
8
-17
4
8
-12
-10
16
-26
24
-33
37
-47
49
-49
32
-18
15
-2
-1
-83
159
-286
246
-147
80
-62
88
-28
-17
7
-17
-3
-27
9
14
-43
97
-144
169
-163
134
-149
128
-102
0
30
-8
-37
10
48
-106
117
-99
76
-28
-46
89
-164
208
-226
207
-199
218
-240
227
-168
51
-15
-14
32
-49
32
11
-22
-13
56
-85
92
-101
47
-25
135
-225
269
-248
155
-107
98
-51
5
47
-38
62
-79
38
26
-50
37
-59
131
-162
188
-182
163
-133
108
-98
90
-103
65
-43
97
-142
118
-30
-42
33
63
-127
131
-138
130
-137
167
-160
135
-88
55
-65
67
-72
41
-12
-6
-12
31
-43
63
-79
82
-91
94
-78
62
-67
57
-52
49
-24
40
-39
52
-38
14
-54
65
-73
49
-65
51
6
-8
-29
86
-93
69
-87
96
-100
16
-5
12
-54
10
15
9
-41
75
-48
63
-51
30
-68
-1
-20
4
19
-13
43
-27
27
-38
34
-75
33
-28
49
-37
84
-101
128
-146
138
-95
86
-66
60
-61
82
-118
168
-189
185
-196
171
-125
116
-79
77
-97
58
-52
92
-87
101
-87
47
-26
61
-62
49
-45
49
-45
54
-40
35
-63
71
-53
45
-29
33
-15
-2
-5
15
-3
5
-16
18
-13
19
-30
53
-28
25
-52
55
-48
26
-16
24
-3
-13
4
3
-6
26
-34
46
-33
22
-29
43
-17
-3
-12
46
-34
10
5
17
-27
17
28
-27
6
0
-25
4
-4
16
-26
40
-22
-7
0
25
-31
4
20
-27
24
4
21
-17
-10
29
-52
39
-25
11
9
-24
52
-65
79
-71
34
-9
-21
36
-15
6
0
0
8
-15
18
-31
30
-40
42
-27
-3
35
-62
62
-48
34
-18
2
7
-16
13
16
-36
50
-41
37
-54
72
-61
35
-31
31
-40
20
3
13
-40
43
-39
25
-47
48
-25
-3
6
7
-9
6
-12
24
-28
7
15
-8
2
-13
18
-17
7
8
1
14
0
-16
0
-8
3
-23
28
-11
18
-13
19
-35
17
-21
13
-28
33
-38
36
-39
56
-47
33
-16
12
-41
36
-16
21
-36
55
-65
49
-45
53
-51
43
-13
10
-30
47
-34
29
-30
27
-23
3
-3
1
-13
9
-14
13
-25
7
-14
17
-21
5
-3
-1
2
-12
21
-6
13
-10
10
-7
2
4
-3
1
0
-3
8
-11
20
-24
18
-14
1
-1
0
-1
0
-7
6
-15
19
-21
7
-1
-10
-8
20
-28
28
-25
27
-20
5
-4
6
-10
6
-3
16
-20
21
-9
-4
-2
-1
-3
-3
0
14
-15
21
-9
-21
10
-11
-14
20
-7
5
0
-6
14
-37
36
-24
19
-32
26
-14
12
5
5
-2
20
-21
16
-20
21
-24
25
-25
9
-15
21
-29
20
-29
10
-22
-1
-24
13
-11
16
-20
3
-13
6
-13
8
-7
17
-16
10
-15
8
2
3
-6
7
-8
10
0
13
-4
10
0
1
-8
10
0
9
-2
6
-5
10
-11
5
-12
11
-13
8
-12
4
-9
10
-30
25
-25
2
-2
-6
-10
3
3
-18
-1
0
-16
0
3
-26
12
-13
3
-1
16
-17
11
2
-16
-7
15
-20
17
-14
39
-25
28
-15
19
-22
9
-11
4
-16
0
-6
4
-6
0
-11
-6
-15
-9
-4
-13
0
-12
-1
-8
2
-3
0
-6
4
-10
0
-8
2
-5
4
-2
0
0
-7
0
-2
2
-10
1
-7
-2
0
3
0
3
1
-1
-3
-3
0
-3
-3
-4
2
-4
3
-5
6
-6
-2
-1
0
-8
-1
11
-7
-3
9
3
-20
1
3
-10
-9
17
-12
-6
-5
-10
-10
-10
-2
-4
-3
-11
-1
0
-9
-6
17
-15
-2
1
7
-17
8
0
8
-20
30
-17
27
-28
45
-36
13
-29
27
-36
33
-27
27
-39
27
-45
25
-39
22
-35
22
-41
23
-31
17
-25
19
-24
12
-20
15
-17
14
-12
16
-15
11
-3
13
-5
9
-11
2
-3
8
-2
9
1
7
-1
5
-1
6
0
3
-5
2
0
1
1
1
0
0
0
-2
0
-8
4
-15
6
-13
11
-13
12
-10
-4
-16
11
-18
-3
-7
7
-16
-12
9
-5
-11
-7
10
-11
-22
12
-9
-3
1
13
-4
-7
15
-14
18
-26
26
-32
32
-28
37
-35
37
-25
15
-37
19
-22
14
-16
14
-18
8
-26
8
-18
7
-13
12
-22
-2
-6
2
0
3
0
-3
0
-3
7
-1
1
-2
2
0
1
5
0
0
-3
-7
1
-4
6
-3
2
-11
0
-7
2
-4
3
0
1
-10
3
-3
0
-7
6
-5
0
-5
15
-14
5
0
10
-18
8
-5
6
-22
20
-3
15
-14
10
-8
-3
-17
19
5
8
-11
19
-11
-5
-10
4
0
-6
6
11
-1
-5
6
-3
-4
-5
5
-13
5
-8
13
-13
18
-22
19
-23
27
-14
22
-25
18
-25
16
-15
29
-14
20
-24
16
-19
14
-16
22
-13
7
-16
11
-9
9
-8
10
-8
2
-9
7
-5
0
-1
3
-2
2
-1
1
-6
2
-2
2
-2
2
-1
-2
-1
0
0
0
0
0
-1
0
-1
1
-1
0
-2
1
0
1
0
0
-1
0
0
1
1
0
0
-1
0
0
1
0
0
0
0
0
0
-1
0
0
0
0
0
0
0
0
0
0
-1
0
0
0
-1
0
0
0
-1
0
-1
0
-1
0
0
0
0
0
0
0
-1
0
-1
0
-1
0
-1
-1
-1
0
0
0
-1
-1
-1
-1
0
-1
0
-1
0
0
1
0
0
0
0
0
0
0
1
0
1
0
0
-1
0
-1
0
0
0
0
0
0
0
0
0
-1
0
-1
0
0
0
0
0
0
0
0
0
0
0
0
0
0
0
0
0
0
0
0
0
0
0
0
0
0
0
0
0
0
0
0
0
0
0
0
0
0
0
0
0
0
0
0
0
0
0
0
0
0
0
0
0
0
0
0
0
0
0
0
0
0
0
0
0
0
0
0
0
0
0
0
0
0
0
0
0
0
0
0
0
0
0
0
0
0
0
0
0
0
0
0
0
0
0
0
0
0
0
0
0
0
0
0
0
0
0
0
0
0
0
0
0
0
0
0
0
0
0
0
0
0
0
0
0
0
0
0
0
0
0
0
0
0
0
0
0
0
-1
0
0
0
0
0
0
0
0
0
0
0
0
0
0
0
0
0
0
0
0
0
0
0
0
0
0
0
0
0
0
0
0
0
0
0
0
0
0
0
0
0
0
0
0
0
0
0
0
0
0
0
0
0
0
0
0
0
0
0
0
0
0
0
0
0
0
0
0
0
0
0
0
0
0
0
0
0
0
0
0
0
0
0
0
0
0
0
0
0
0
0
0
0
0
0
0
0
0
0
0
0
0
0
0
0
0
0
0
0
0
0
0
0
0
0
0
0
0
0
0
0
0
0
0
0
0
0
0
0
0
0
0
0
0
0
0
0
0
0
0
0
0
0
0
0
0
0
0
0
0
0
0
0
0
0
0
0
0
0
0
0
0
0
0
0
0
0
0
0
0
0
0
0
0
0
0
0
0
0
0
0
0
0
0
0
0
0
0
0
0
0
0
0
0
0
0
0
0
0
0
0
0
0
0
0
0
0
0
0
0
0
0
0
0
0
0
0
0
0
0
0
0
0
0
0
0
0
0
0
0
0
0
0
0
0
0
0
0
0
0
0
0
0
0
0
0
0
0
0
0
0
0
0
-1
0
0
0
0
0
0
0
0
0
0
0
0
0
0
0
0
0
0
0
0
0
0
0
0
0
0
0
0
0
0
0
1
0
0
0
0
0
0
0
0
0
0
0
0
0
0
0
0
0
0
0
-1
0
0
0
0
0
0
0
0
0
0
0
0
0
0
0
0
-1
0
-1
2
-1
2
-1
1
-2
2
-2
2
-2
3
-2
4
-2
3
-3
2
-1
2
-3
2
-2
4
-3
4
-4
3
-5
3
-2
5
-2
3
-2
1
-3
2
-2
0
-5
2
0
3
0
4
-1
-2
-4
0
-4
0
0
4
1
1
2
0
0
-2
0
-1
-1
-1
1
1
4
0
5
-3
1
-7
1
-5
4
-1
5
-2
5
-2
4
-3
4
-8
1
-7
3
-7
6
0
6
-2
4
-4
0
-8
1
-5
4
-2
7
0
6
-2
1
-6
-2
-6
0
0
5
0
6
1
1
-3
-1
-2
0
1
2
-1
0
0
0
0
0
1
0
1
1
-1
0
0
2
0
1
3
0
-1
-1
-2
-2
-4
3
-1
3
0
2
-5
-2
-3
0
-1
3
0
5
-4
2
-2
5
-1
3
-2
0
-4
-4
-2
0
0
3
2
2
0
1
0
-2
-1
-2
4
0
5
2
6
-2
1
2
6
3
2
1
-2
-4
-3
0
2
-1
0
-2
-6
-5
-5
-1
-1
-1
3
-4
-3
-5
2
-1
-4
-1
-4
2
-2
2
0
0
2
2
3
1
1
-2
2
-3
2
-4
7
1
5
0
3
-3
-1
-1
3
-3
2
-1
6
0
6
2
9
2
1
0
2
1
0
4
0
3
0
2
0
0
-4
-2
-4
0
-3
4
-1
4
-4
2
-5
4
-1
4
-1
4
-3
4
-3
1
-4
1
-4
0
-5
0
-4
1
-2
4
0
3
-1
1
-2
1
0
2
-1
0
-3
-1
-1
2
0
3
0
3
-2
1
-2
0
-2
0
-1
-2
-1
1
0
1
-1
0
-2
0
1
1
3
0
1
-2
0
-1
-1
0
0
0
0
0
0
-1
0
0
1
4
1
2
-2
0
-3
0
-3
0
-1
1
0
2
-1
2
-1
3
-1
3
0
3
-1
0
-2
1
-2
1
-1
2
-1
1
-1
0
0
1
0
0
-2
0
-1
1
0
1
1
0
0
-2
0
0
0
0
-1
0
-1
0
-1
1
1
1
0
0
0
0
-1
0
-1
0
0
0
0
0
0
0
0
1
0
0
-1
0
-1
0
0
0
0
1
0
0
0
1
0
0
0
0
0
0
0
0
0
0
0
0
0
0
-1
-1
0
0
0
0
1
1
0
0
0
0
0
0
0
0
0
0
0
0
0
0
0
0
0
0
0
0
0
0
0
0
0
0
0
0
0
0
0
0
0
0
0
0
0
0
0
0
0
0
0
0
0
0
0
0
0
0
0
0
0
0
0
0
0
0
0
0
0
0
0
0
0
0
0
0
0
0
0
0
0
0
0
0
0
0
0
0
0
0
0
0
0
0
0
0
0
0
0
0
0
0
0
0
0
0
0
0
0
0
0
0
0
0
0
0
0
0
0
0
0
0
0
0
0
0
0
0
0
0
0
0
0
0
0
0
0
0
0
0
0
0
0
0
0
0
0
0
0
0
0
0
0
0
0
0
0
0
0
0
0
0
0
0
0
0
0
0
0
0
0
0
0
0
0
0
0
0
0
0
0
0
0
0
0
0
0
0
0
0
0
0
0
0
0
0
0
0
0
0
0
0
0
0
0
0
0
0
0
0
0
0
0
0
0
0
0
0
0
0
0
0
0
0
0
0
0
0
0
0
0
0
0
0
0
0
0
0
0
0
0
0
0
0
0
0
0
0
0
0
0
0
0
0
0
0
0
0
0
0
0
0
0
0
0
0
0
0
0
0
0
0
0
0
0
0
0
0
0
0
0
0
0
0
0
0
0
0
0
0
0
0
0
0
0
0
0
0
0
0
0
0
0
0
0
0
0
0
0
0
0
0
0
0
0
0
0
0
0
0
0
0
0
0
0
0
0
0
0
0
0
0
0
0
0
0
0
0
0
0
0
0
0
0
0
0
0
0
0
0
0
0
0
0
0
0
0
0
0
0
0
0
0
0
0
0
0
0
0
0
0
0
0
0
0
0
0
0
0
0
0
0
0
0
0
0
0
0
0
0
0
0
0
0
0
0
0
0
0
0
0
0
0
0
0
0
0
0
0
0
0
0
0
0
0
0
0
0
0
0
0
0
0
0
0
0
0
0
0
0
0
0
0
0
0
0
0
0
0
0
0
0
0
0
0
0
0
0
0
0
0
0
0
0
0
0
0
0
0
0
0
0
0
0
0
0
0
0
0
0
0
0
0
0
0
0
0
0
0
0
0
0
0
0
0
0
0
0
0
0
0
0
0
0
0
0
0
0
0
0
0
0
0
0
0
0
0
0
0
0
0
0
0
0
0
0
0
0
0
0
0
0
0
0
0
0
0
0
0
0
0
0
0
0
0
0
0
0
0
0
0
0
0
0
0
0
0
0
0
0
0
0
0
0
0
0
0
0
0
0
0
0
0
0
0
0
0
0
0
0
0
0
0
0
0
0
0
0
0
0
0
0
0
0
0
0
0
0
0
0
0
0
0
0
0
0
0
0
0
0
0
0
0
0
0
0
0
0
0
0
0
0
0
0
0
0
0
0
0
0
0
0
0
0
0
0
0
0
0
0
0
0
0
0
0
0
0
0
0
0
0
0
0
0
0
0
0
0
0
0
0
0
0
0
0
0
0
0
0
0
0
0
0
0
0
0
0
0
0
0
0
0
0
0
0
0
0
0
0
0
0
0
0
0
0
0
0
0
0
0
0
0
0
0
0
0
0
0
0
0
0
0
0
0
0
0
0
0
0
0
0
0
0
0
0
0
0
0
0
0
0
0
0
0
0
0
0
0
0
0
0
0
0
0
0
0
0
0
0
0
0
0
0
0
0
0
0
0
0
0
0
0
0
0
0
0
0
0
0
0
0
0
0
0
0
0
0
0
0
0
0
0
0
0
0
0
0
0
0
0
0
0
0
0
0
0
0
0
0
0
0
0
0
0
0
0
0
0
0
0
0
0
0
0
0
0
0
0
0
0
0
0
0
0
0
0
0
0
0
0
0
0
0
0
0
0
0
0
0
0
0
0
0
0
0
0
0
0
0
0
0
0
0
0
0
0
0
0
0
0
0
0
0
0
0
0
0
0
0
0
0
0
0
0
0
0
0
0
0
0
0
0
0
0
0
0
0
0
0
0
0
0
0
0
0
0
0
0
0
0
0
0
0
0
0
0
0
0
0
0
0
0
0
0
0
0
0
0
0
0
0
0
0
0
0
0
0
0
0
0
0
0
0
0
0
0
0
0
0
0
0
0
0
0
0
0
0
0
0
0
0
0
0
0
0
0
0
0
0
0
0
0
0
0
0
0
0
0
0
0
0
0
0
0
0
0
0
0
0
0
0
0
0
0
0
0
0
0
0
0
0
0
0
0
0
0
0
0
0
0
0
0
0
0
0
0
0
0
0
0
0
0
0
0
0
0
0
0
0
0
0
0
0
0
0
0
0
0
0
0
0
0
0
0
0
0
0
0
0
0
0
0
0
0
0
0
0
0
0
0
0
0
0
0
0
0
0
0
0
0
0
0
0
0
0
0
0
0
0
0
0
0
0
0
0
0
0
0
0
0
0
0
0
0
0
0
0
0
0
0
0
0
0
0
0
0
0
0
0
0
0
0
0
0
0
0
0
0
0
0
0
0
0
0
0
0
0
0
0
0
0
0
0
0
0
0
0
0
0
0
0
0
0
0
0
0
0
0
0
0
0
0
0
0
0
0
0
0
0
0
0
0
0
0
0
0
0
0
0
0
0
0
0
0
0
0
0
0
0
0
0
0
0
0
0
0
0
0
0
0
0
0
0
0
0
0
0
0
0
0
0
0
0
0
0
0
0
0
0
0
0
0
0
0
0
0
0
0
0
0
0
0
0
0
0
0
0
0
0
0
0
0
0
0
0
0
0
0
0
0
0
0
0
0
0
0
0
0
0
0
0
0
0
0
0
0
0
0
0
0
0
0
0
0
0
0
0
0
0
0
0
0
0
0
0
0
0
0
0
0
0
0
0
0
0
0
0
0
0
0
0
0
0
0
0
0
0
0
0
0
0
0
0
0
0
0
0
0
0
0
0
0
0
0
0
0
0
0
0
0
0
0
0
0
0
0
0
0
0
0
0
0
0
0
0
0
0
0
0
0
0
0
0
0
0
0
0
0
0
0
0
0
0
0
0
0
0
0
0
0
0
0
0
0
0
0
0
0
0
0
0
0
0
0
0
0
0
0
0
0
0
0
0
0
0
0
0
0
0
0
0
0
0
0
0
0
0
0
0
0
0
0
0
0
0
0
0
0
0
0
0
0
0
0
0
0
0
0
0
0
0
0
0
0
0
0
0
0
0
0
0
0
0
0
0
0
0
0
0
0
0
0
0
0
0
0
0
0
0
0
0
0
0
0
0
0
0
0
0
0
0
0
0
0
0
0
0
0
0
0
0
0
0
0
0
0
0
0
0
0
0
0
0
0
0
0
0
0
0
0
0
0
0
0
0
0
0
0
0
0
0
0
0
0
0
0
0
0
0
0
0
0
0
0
0
0
0
0
0
0
0
0
0
0
0
0
0
0
0
0
0
0
0
0
0
0
0
0
0
0
0
0
