208
207
210
216
217
222
220
211
227
231
235
214
228
233
235
243
241
246
246
243
241
244
263
279
285
286
296
303
314
314
360
319
329
319
321
319
310
304
319
327
335
323
308
294
310
320
327
323
322
322
344
349
339
332
304
308
299
288
291
286
273
268
270
280
288
286
278
278
278
269
270
274
265
257
246
230
240
248
265
264
267
285
305
308
328
318
309
291
285
287
293
273
259
249
225
228
243
230
221
205
194
182
192
209
220
218
218
225
224
232
238
236
236
220
201
216
228
226
225
223
234
232
236
244
237
239
231
219
211
222
215
200
180
164
143
130
139
158
174
174
187
183
185
185
181
167
162
169
162
162
159
148
130
121
122
125
133
138
161
168
165
168
162
156
168
183
195
190
203
205
206
204
204
216
202
187
169
195
181
198
187
179
172
181
183
187
195
189
175
168
174
176
184
173
192
165
151
147
149
144
153
158
159
193
215
219
224
226
236
241
244
233
203
214
229
202
188
175
190
176
176
167
166
165
176
185
194
214
221
207
196
196
200
217
221
214
199
201
189
184
185
190
189
175
178
180
195
189
179
167
164
151
141
139
161
175
179
195
177
173
161
154
157
161
169
180
194
195
200
198
188
185
208
185
200
184
209
203
214
213
205
211
199
199
206
203
189
179
174
168
161
147
133
123
127
124
125
132
143
144
141
145
146
160
166
169
166
180
175
172
154
156
175
170
180
196
189
199
199
204
221
221
216
193
181
177
177
173
173
174
167
187
173
183
200
189
158
134
122
123
130
139
139
148
160
154
164
175
164
157
143
134
143
133
129
133
141
150
142
138
132
131
138
152
159
168
154
139
137
131
137
160
170
154
161
169
141
118
113
104
102
108
105
102
107
98
93
100
100
96
97
118
133
154
166
170
175
160
154
154
164
173
167
166
162
151
152
152
151
146
138
126
114
117
118
116
117
131
139
149
135
129
139
152
154
154
162
184
216
226
212
205
193
175
149
152
168
174
175
174
175
176
176
164
163
153
166
163
170
191
195
209
184
195
189
206
191
194
188
185
176
185
195
203
204
178
171
149
149
155
166
149
152
164
195
187
197
195
187
185
186
175
172
164
177
169
174
190
193
216
237
226
213
201
203
199
220
213
203
205
198
192
185
175
194
192
216
226
240
248
247
262
276
257
236
226
225
215
212
208
218
227
227
219
211
212
210
181
184
164
177
189
211
215
232
236
236
237
243
238
224
216
220
226
246
259
254
232
205
187
177
192
202
209
208
216
219
219
209
196
185
185
186
162
185
172
175
180
176
181
171
164
145
115
105
100
86
75
92
95
87
74
61
52
52
57
48
74
85
96
114
128
133
131
119
110
101
103
113
123
133
135
128
117
113
122
120
121
112
103
102
114
119
125
124
111
99
91
93
82
74
97
95
101
100
129
124
139
142
134
137
146
144
151
147
142
133
133
117
110
115
120
128
121
118
120
130
122
125
128
133
134
123
134
147
148
128
117
124
133
127
122
119
129
142
146
146
154
168
177
164
157
162
161
164
175
163
175
180
165
171
171
169
175
189
186
203
214
198
193
193
185
187
195
226
239
229
233
233
230
236
235
205
215
220
225
237
237
248
238
229
216
220
218
201
209
226
216
218
218
205
205
209
212
197
185
183
194
191
185
190
181
175
195
205
194
196
195
204
192
207
188
193
193
194
186
169
172
169
176
184
172
184
168
143
146
158
155
154
156
158
163
158
155
144
159
175
182
156
153
159
163
153
146
162
160
146
135
127
125
133
124
123
139
166
174
197
191
203
209
207
213
190
188
162
159
177
176
186
182
178
164
163
157
143
129
125
120
108
109
117
126
119
104
88
103
113
117
120
134
157
181
204
223
226
227
204
194
180
192
170
168
186
166
171
169
161
146
152
137
134
141
144
147
161
174
188
182
175
175
153
153
154
164
161
183
199
184
177
179
181
192
191
185
189
196
196
202
225
209
208
217
202
206
210
206
214
219
237
238
226
243
247
236
237
232
214
216
175
185
196
230
224
216
218
230
221
231
235
239
229
233
230
236
250
258
261
268
267
276
289
298
299
316
331
320
336
350
365
381
382
392
381
373
361
353
361
368
371
362
350
350
336
319
336
323
342
350
345
345
355
347
329
342
324
329
327
332
347
319
332
319
327
331
338
330
325
329
325
337
335
319
323
317
330
324
345
354
336
340
360
363
363
364
373
370
371
372
371
357
339
325
317
329
325
324
332
314
310
303
288
289
298
296
298
294
272
257
260
252
251
240
225
217
220
231
226
236
236
236
242
247
254
257
257
265
267
255
236
242
251
239
214
201
170
166
171
164
192
197
205
175
156
163
172
181
171
159
145
135
136
133
125
125
132
151
176
184
210
198
196
216
227
228
235
247
248
264
290
254
265
257
257
267
275
261
266
275
276
267
253
262
261
280
298
294
287
297
280
274
284
293
305
305
304
287
279
288
282
288
279
286
288
286
289
297
310
294
284
292
306
298
301
314
325
327
324
318
318
321
322
317
306
298
302
291
286
283
275
267
257
247
250
253
241
244
260
268
280
289
303
300
301
292
293
307
323
316
320
310
322
323
335
318
324
322
333
339
331
341
331
316
321
310
298
296
280
278
280
282
276
280
275
265
243
231
236
247
232
226
222
226
224
237
240
245
247
249
249
226
220
212
214
202
222
238
223
227
216
219
229
240
241
245
242
211
202
219
213
208
219
207
213
222
210
212
218
209
209
202
216
210
207
196
172
168
152
143
147
128
118
109
110
121
118
121
129
126
113
107
114
110
105
109
93
84
86
99
98
83
94
99
109
112
135
143
147
147
157
141
127
103
113
133
91
102
108
80
82
113
103
109
105
91
92
93
72
70
67
65
63
79
80
102
112
95
76
101
112
111
102
100
109
123
138
138
145
135
122
113
124
144
157
157
174
164
165
184
185
188
199
199
196
207
236
235
226
202
196
214
214
206
222
224
228
218
233
220
225
218
208
198
193
198
199
197
210
212
221
236
250
251
255
249
248
263
287
291
278
269
275
267
250
246
244
250
251
260
264
296
310
288
290
294
288
295
299
310
315
332
336
333
340
338
336
347
313
307
294
299
319
327
353
360
368
370
375
384
387
392
377
362
348
346
348
353
354
355
339
324
331
321
327
325
338
326
319
308
300
292
284
295
301
281
267
282
293
300
331
333
333
317
336
329
328
319
319
299
281
281
287
288
300
294
280
287
288
292
294
291
288
285
274
268
286
281
263
247
233
228
229
240
255
264
256
249
226
223
214
201
182
160
133
136
138
134
148
157
150
151
158
171
162
155
163
163
162
178
189
194
189
197
195
196
219
217
214
226
226
211
224
233
235
214
198
183
167
166
168
157
145
149
145
149
154
187
177
192
164
141
138
131
138
138
144
140
123
118
94
88
82
88
92
104
108
112
118
133
141
127
105
92
99
104
111
112
129
146
158
164
177
169
164
191
172
166
169
151
135
131
127
134
126
120
123
118
112
107
117
129
146
163
164
156
171
161
159
171
175
180
187
187
192
206
213
201
207
211
210
225
214
212
230
233
227
234
254
264
261
277
270
257
258
265
265
268
265
277
270
267
278
278
277
287
345
222
314
177
224
181
192
172
229
208
227
226
197
204
220
198
194
211
192
229
214
186
164
198
148
172
177
184
186
205
198
227
213
201
199
224
201
204
192
187
185
174
173
173
174
191
198
193
191
193
176
161
160
168
198
190
181
148
152
150
137
147
151
161
161
149
149
146
144
136
133
129
128
121
124
123
139
154
144
146
133
123
97
70
63
59
56
51
45
36
50
49
23
16
14
14
31
47
48
52
51
54
59
72
90
97
103
111
111
104
107
102
78
90
80
88
100
91
98
123
114
123
119
97
112
125
105
107
111
106
123
129
127
126
133
143
143
143
144
138
129
128
135
129
119
99
82
82
103
114
148
178
195
194
197
187
195
196
182
170
169
168
171
178
204
228
257
273
278
282
273
261
231
200
205
199
192
201
208
209
209
188
175
184
201
201
188
218
196
193
191
197
226
232
253
247
234
221
213
214
236
240
248
251
256
266
267
256
255
263
280
290
278
270
260
245
240
224
229
232
253
244
245
251
257
259
274
279
287
286
284
273
247
234
216
224
217
234
247
249
259
264
275
280
278
276
271
258
241
247
248
247
265
271
277
267
266
252
252
250
240
225
234
247
257
264
270
263
259
248
222
215
212
216
243
259
266
267
257
234
202
200
188
172
184
202
204
196
200
207
205
211
225
217
213
218
227
200
208
231
236
256
259
260
259
249
243
241
241
247
247
253
238
196
186
161
162
175
170
172
181
180
172
145
124
109
112
111
113
113
120
139
148
178
195
192
182
155
159
155
154
160
163
175
180
173
175
176
176
175
174
169
191
187
212
216
237
241
238
237
224
233
230
225
210
212
213
197
216
220
221
226
213
208
192
208
175
163
145
133
135
154
183
220
235
220
191
170
192
196
243
277
288
267
248
230
230
236
246
250
245
249
241
226
223
211
216
228
247
254
253
247
236
223
233
229
254
259
268
270
267
256
255
254
248
257
249
245
241
233
240
251
251
251
261
278
292
298
287
271
272
293
329
339
358
368
361
351
296
278
268
279
291
320
354
350
336
298
281
266
247
247
258
300
332
330
343
349
309
305
285
273
275
271
263
269
269
288
290
295
299
294
298
296
267
247
235
199
207
218
258
291
319
319
315
304
279
267
256
242
237
209
196
161
147
151
163
178
209
214
201
180
155
153
134
127
140
146
157
183
168
136
102
64
33
75
146
202
247
265
263
244
224
204
170
131
100
94
104
111
130
133
144
142
133
114
83
62
60
55
92
106
117
112
92
80
69
39
26
18
11
32
35
90
129
134
132
87
56
43
56
72
95
111
126
143
162
144
143
164
197
236
267
270
279
250
182
113
78
68
105
154
206
255
257
235
195
143
90
61
66
109
141
175
181
193
188
181
166
178
192
216
225
220
208
191
189
179
213
257
275
303
308
299
283
239
231
198
217
210
197
223
212
252
260
284
291
298
291
286
245
206
177
154
152
191
241
309
361
385
343
257
175
116
116
140
171
197
226
201
182
163
164
195
231
257
272
263
262
247
243
220
231
240
272
295
313
335
329
278
247
222
233
258
291
327
352
337
301
246
239
235
269
312
338
320
296
243
203
183
195
237
314
372
385
357
259
215
176
191
245
313
353
388
397
351
298
240
215
186
224
298
380
411
395
363
275
205
156
134
181
247
294
354
345
345
321
273
227
192
172
135
139
125
147
186
212
200
197
176
171
171
203
220
237
254
225
196
175
138
130
114
138
193
187
216
187
175
144
113
98
129
141
196
185
195
196
238
229
198
132
91
71
59
87
125
158
195
136
90
47
40
79
135
207
258
322
282
236
88
65512
65452
65438
2
142
311
418
397
285
139
43
27
86
133
232
271
286
268
259
272
272
190
154
39
14
65516
39
71
186
247
214
123
23
65440
65443
65491
35
129
184
200
174
146
107
85
76
77
160
198
290
327
330
325
257
216
124
56
14
45
137
249
369
462
488
428
304
218
185
251
345
424
431
370
308
158
51
96
105
223
225
300
288
269
144
88
24
55
53
82
165
213
299
292
211
182
147
70
125
173
232
306
354
263
144
58
30
153
272
421
490
498
370
192
65513
65465
65516
35
119
161
186
113
148
195
265
269
121
68
50
50
56
102
130
80
80
65521
65528
47
151
247
265
290
271
230
220
288
339
348
421
466
462
470
413
437
478
522
372
381
286
357
455
518
600
645
518
308
82
65478
65466
65456
65510
30
146
292
387
366
342
247
204
134
95
44
118
206
249
278
279
300
348
340
244
150
65483
65303
65257
65273
65330
65412
31
136
218
205
209
213
65514
65333
65103
65086
65041
65097
65162
65278
65489
13
39
92
99
156
150
63
65511
65533
33
217
475
631
740
672
644
613
722
670
699
690
710
798
780
929
1127
1451
1509
1331
968
563
272
173
296
540
889
1157
1380
1353
1149
892
701
547
477
471
434
467
382
289
74
65367
65193
65067
65043
65029
64927
64856
64809
64815
64881
64883
64884
64846
64741
64617
64457
64358
64317
64392
64483
64547
64631
64675
64712
64739
64736
64698
64683
64647
64633
64657
64809
64982
65273
68
408
668
879
1076
1231
1208
933
572
509
784
920
1287
1442
1957
2423
2700
3109
2974
3106
3034
2888
2857
2976
3161
3099
2663
2187
1850
1785
1627
1922
1864
1689
736
64688
63222
62530
62903
64227
271
1414
2093
2192
1755
1090
212
65163
64866
64735
64614
64514
64243
64099
64206
64524
65012
65491
369
660
632
333
65488
64882
64003
62745
61586
61051
61212
62159
63396
64502
65330
177
185
65294
64666
64061
63663
63279
62925
62766
62847
63355
64001
64795
65434
269
371
188
65486
65245
65250
65393
59
250
340
481
602
835
1273
1804
2321
2780
3054
2898
2726
2879
3428
3904
4438
4480
4904
5150
5354
5575
5221
4247
2815
642
62036
58826
57425
58540
61925
65341
2858
4660
4967
4810
4158
2609
1249
295
64720
63890
63139
62235
61941
62092
63202
64815
603
1689
2533
2557
2210
1709
835
65481
64814
64351
64062
63713
63452
63568
63836
64321
65105
64763
64060
63268
62701
62715
62715
63201
63733
64195
64538
64681
64540
64266
64316
64298
64071
63778
63419
63251
63246
63533
63983
64439
64876
65281
59
262
453
643
742
704
660
541
316
147
50
440
994
1787
2489
2970
3238
3402
3746
4091
4336
4474
4357
4405
4286
4180
4120
4469
4700
4860
4806
4220
1364
62446
58574
57096
58650
62119
119
2663
3710
3924
3832
3435
2734
1996
1256
504
65050
63775
62521
61754
61795
62802
64338
145
930
1452
1720
1714
1506
1159
751
144
65082
64629
64039
63097
61816
60551
59918
60305
61550
63259
64657
10
349
274
65420
64815
64353
63994
63489
62878
62288
62048
62307
63016
63995
64843
65445
92
83
65517
65453
65535
249
397
449
517
763
1084
1338
1235
1124
1066
1506
2052
2709
3016
3359
3765
4023
4209
4541
5308
5368
5259
5012
5018
5164
5420
5438
5060
4394
3333
1951
64494
60808
57910
58097
60855
64032
869
2116
2900
3081
3319
3570
3368
2451
1038
65358
64165
62962
61821
61478
62073
63243
64410
65357
442
823
1148
1472
1797
1710
1172
372
65313
64745
64000
62834
61423
59891
59088
59664
61194
63011
64324
65137
65527
201
191
65353
65005
64588
63774
62672
61732
61460
61818
62582
63442
64161
64690
64960
65077
65425
404
834
964
869
561
151
65442
65430
180
566
917
1251
1686
2161
2742
3089
3449
3553
3671
3826
4302
4682
4969
5010
5282
5423
5261
5076
5327
5403
5343
4698
3767
2108
64756
60944
57788
57708
60338
63801
370
477
226
967
2476
3532
3742
3384
2777
1948
875
65134
63717
62829
62484
62750
63163
63757
64149
64227
64487
65152
772
1657
1720
1379
983
762
256
64647
62653
60609
59793
60140
61025
61766
62064
62396
63059
64102
65020
162
343
307
65454
64786
63929
63187
62942
63089
63414
63674
63722
63768
64084
64912
477
1383
1829
1699
1374
1060
993
1106
1268
1286
1192
1180
1495
2064
2655
2955
2931
2941
3159
3566
3834
3952
3985
3996
4267
4715
5009
4964
4492
4069
3879
4218
4653
4651
4078
2773
726
63805
62057
61711
62920
64828
529
272
64800
64119
64653
544
1817
1954
1103
65497
64780
64829
65293
86
12
65264
65041
65086
65361
76
47
65342
65099
65038
65092
65190
65110
64892
64660
64526
64536
64547
64443
64228
64085
64197
64500
64826
64857
64572
64240
64148
64372
64691
64803
64578
64214
63985
64103
64454
64867
65036
64915
64712
64555
64571
64724
64898
64974
64990
65004
65079
65175
65375
65479
65389
65293
65288
65351
65523
128
186
176
185
218
221
293
445
577
612
585
523
525
645
808
921
995
1024
1022
1039
1063
1042
963
888
852
879
967
1092
1213
1299
1345
1376
1390
1329
1128
762
316
65531
65492
168
387
391
126
65301
65114
65209
65443
59
65507
65284
65070
64970
64973
65027
65041
64990
64896
64786
64716
64747
64918
65163
65387
65507
22
12
65521
65430
65237
64969
64703
64595
64720
64883
64917
64784
64557
64461
64605
64890
65103
65062
64872
64668
64646
64828
65102
65247
65248
65111
64958
64926
65065
65309
45
209
216
88
65462
65410
3
209
316
363
346
300
284
401
488
593
612
688
766
915
1079
1118
1063
912
806
784
896
1040
1126
1140
1180
1333
1624
1798
1805
1746
1682
1907
2199
2283
2070
1800
1702
1928
2286
2495
2410
1967
1163
34
64612
64293
64706
65345
3
65097
64504
64293
64691
65214
65523
65402
65234
65320
95
248
154
22
65535
196
390
331
41
65274
65092
65036
64779
64176
63258
62529
62257
62402
62791
62957
62844
62678
62918
63516
64201
64485
64255
63978
63960
64084
64144
64017
63881
63774
63930
64157
64314
64519
64809
65354
364
805
965
1069
1065
1062
988
939
752
872
1305
1678
2070
2295
2307
2772
3561
4157
4562
5242
5472
5231
5085
5124
5443
6318
7274
7601
7215
7234
7292
7127
6865
5752
4235
873
62542
58078
55984
57696
61348
64368
64976
64504
64681
751
3417
4818
5235
4729
4160
3411
1985
299
64139
63239
62644
62110
61994
61837
61748
61848
62578
63938
65463
421
65066
63970
62953
62705
62560
62474
61894
61355
61117
60939
60887
61127
61681
62423
62875
63183
63017
62961
62984
63373
63981
64338
64458
64292
64381
64979
427
1141
1048
536
37
96
695
1348
1826
2328
2519
2414
2739
3015
3618
4400
5135
5996
6333
6606
6570
6349
6554
7658
9621
10964
11048
10196
8083
6789
4947
1224
59386
52559
51135
55080
60538
63739
64930
65180
1046
4247
6791
7812
6976
5871
4485
2749
625
63696
61643
59946
59397
60200
61359
61605
61456
62240
64081
1391
3219
3640
3086
2264
1136
64764
62509
59566
57618
56537
56177
56978
58309
59868
61320
63076
64987
448
550
65403
64606
63816
62938
61913
60881
60605
61271
62601
64087
65412
973
1911
2222
2102
1421
909
422
145
407
1178
2234
2695
3575
4194
5217
6262
7116
6992
6554
6437
6228
6417
8195
9645
10265
10168
9465
8889
8727
5798
65432
56649
49628
49666
55368
61885
65092
435
800
1489
3961
6122
7262
6708
5702
4490
2640
298
62680
60136
58943
59405
60647
61725
61951
61726
62899
65133
2126
3232
3628
3374
2592
1625
65208
62129
58388
55251
53494
54420
56741
58642
60027
61443
63414
65307
1147
1622
823
65145
63421
61698
60211
59497
59759
60848
62267
63452
64715
545
1916
2776
3051
2274
985
115
65470
834
1960
2898
2656
2649
3527
4456
5778
7775
8112
7761
7120
7517
9050
10531
11630
12285
11523
10363
8890
3228
59977
51193
46209
49180
56396
62940
121
667
1364
3116
6232
8844
9548
8059
5916
3768
1192
63513
60089
57710
57145
58411
59895
60866
61313
62082
64198
1851
4432
5314
4944
3824
2307
262
63356
60317
56929
54191
53240
53945
56139
58480
60871
63137
65283
1108
1761
1609
1023
65321
63682
61666
59986
59175
59768
61125
62846
64271
4
1160
2316
2911
2790
1896
1102
596
919
1768
2398
2928
3860
4615
5407
6281
7463
8139
8321
8074
7794
8495
10006
11319
11524
10793
9588
6927
107
55937
49139
48498
53071
59600
64296
638
90
1193
4076
6900
9355
9266
7275
5046
2489
65196
62065
59596
58202
58431
59523
60532
60541
60876
62477
64958
2471
4469
4843
3512
1538
64547
62094
59940
58297
57295
57038
57320
57863
58483
59652
61753
64145
335
882
192
64612
63634
63266
63072
62652
62070
61833
62377
63446
64725
298
1346
1975
2429
2433
2412
2214
2436
2710
2942
3585
3849
5128
5890
6233
7155
8468
9279
9537
10357
10084
9992
10367
10041
8850
6385
64921
55573
49415
49359
53993
59838
64162
65310
64461
106
3138
6296
9219
9500
7623
5452
2617
65081
62465
60359
59280
59393
59819
60089
59322
59436
61216
64052
1907
4163
3961
2572
94
63468
62559
61405
60248
58972
57435
56581
56407
57519
59566
61929
63884
64761
64626
64577
64631
64953
65189
64654
63508
62421
62085
62936
64253
70
1003
1343
1589
2204
2933
3612
4102
4245
4204
4112
4991
5769
7198
7714
8790
8947
9297
10218
11143
11309
10950
10044
9120
2910
58970
52342
50137
52629
58470
62631
63476
62250
62310
65441
4088
8355
9814
8861
7175
5259
2939
746
63733
61704
60703
59981
59339
57874
56953
57659
60265
63899
1334
2067
1903
1227
789
410
64443
62874
61014
59673
58846
58088
57324
57248
58114
59789
61519
62754
63437
63856
64487
65440
512
372
65217
64439
64303
64948
237
1134
1612
1881
2233
2576
3197
3773
4291
5306
6225
6746
7754
8766
9409
9757
10973
11254
11330
11206
9887
8528
7093
1261
59050
53818
52951
55597
59930
62652
62372
61477
62405
175
3762
7319
8176
7255
6016
5052
3934
2432
632
64032
62548
60927
59624
57933
56946
57437
59349
61888
63303
63653
62921
63204
64021
65174
65404
64660
63119
61793
61197
60994
60908
60565
60365
60150
60162
60477
61095
62005
62921
63931
64473
64714
64773
65271
679
1971
2915
3265
3141
3356
3874
4128
4467
4545
5165
5678
6282
7444
7637
8424
9776
10414
11483
11745
10475
9897
7459
667
59374
55965
56238
58067
60901
61190
59723
59545
61778
65304
3181
6588
7069
6823
6096
5699
4644
3874
2927
1685
65405
62993
60822
58372
57805
58275
59465
60295
60776
60648
60807
60941
61473
62797
63462
64048
63581
62615
61884
62043
62374
62565
62565
61835
61292
61043
61762
62518
63536
63880
63961
63926
64603
175
1579
2895
3424
3714
3871
4697
5658
5975
6220
6290
6529
7653
8557
9094
10224
10685
11031
10530
9019
8570
3979
63073
58662
57967
58872
60856
61427
60102
58743
59774
62523
64744
2626
5235
6473
6671
6404
5854
5367
5684
5287
3790
1069
64318
61714
59857
59149
59122
59405
59518
60026
59198
58776
59033
60582
62219
63661
63702
63156
62913
63208
63928
64148
64079
63344
62627
61838
61525
61699
62321
63120
63613
64011
64487
169
1143
2213
2690
3244
3855
5008
5951
6386
6930
7675
8353
9004
9679
10064
10532
11011
10658
9405
8219
2639
61619
58904
58663
59349
60303
59920
58698
58642
60039
62213
63562
1340
3891
5210
5111
4787
4794
5321
6797
6792
5147
3013
1315
64652
63080
62157
61537
61243
60272
59196
57238
56124
56058
57630
59083
60461
61105
61622
62703
64163
65495
605
1085
589
65415
64406
63836
63610
63670
63465
62942
62931
63728
65339
962
1620
1782
2595
3769
5241
6058
6710
7465
8048
9211
9599
9979
10582
10424
10288
10245
7161
2182
63166
62138
62582
61265
60552
58485
57266
57776
58697
59149
60803
64154
462
1497
2038
3402
4930
7301
8147
7979
7250
6314
4888
2302
568
64819
63791
62077
59727
57022
55410
54919
55026
55958
56796
57949
58789
59954
61322
63178
64903
475
910
649
604
647
793
659
493
69
65474
185
662
1198
1390
1422
1488
2074
2270
2825
3759
5007
6012
7000
8027
8849
10039
10506
10803
11439
8622
4441
1118
421
65407
63457
61910
60198
58475
58071
57296
56973
58658
61704
62837
63413
64363
402
2161
4040
4859
5619
6411
6427
5483
4231
4117
4198
3223
450
63584
61815
60353
58971
57323
56638
56772
56411
55820
56093
57162
59127
60461
61334
62415
63992
65356
477
1193
1781
2770
3203
3170
3299
3756
3738
3177
2531
2558
2775
3094
3254
3818
4672
5698
6425
6391
7409
8378
7885
9001
6901
3272
1472
1654
990
64286
64079
63814
61520
60932
60321
59442
60849
62708
62106
62015
63021
63951
64396
64930
747
1684
2368
2668
2265
2494
3792
4206
3374
2303
1388
497
64248
62518
61596
60761
59939
58797
57378
57736
57833
58351
58805
59660
61097
62283
63043
64094
65425
881
1613
1901
2569
3541
4190
4221
4301
4878
5008
5318
5262
5664
6320
6896
6642
6892
6805
6462
6901
6833
6050
3142
605
885
229
64150
64300
63966
62512
61474
60323
59920
60721
61979
61367
61301
62012
62344
62412
62722
64595
244
1278
1686
1994
2569
3290
3266
2426
2488
2270
942
64573
63476
62886
62039
60700
59727
59286
58959
58964
58703
59223
60084
60665
60952
61695
62972
63908
64682
65481
1099
2196
3017
3578
4456
5633
6274
6630
6788
7415
7761
7826
7659
7913
7742
7277
6826
7082
6422
3699
1971
2172
1388
65001
64778
64437
63016
61463
60608
60554
61004
61750
61046
60916
61706
61836
61662
62321
64122
64660
65268
229
838
1328
1503
1322
1389
1945
1593
387
65019
64738
64279
63279
62535
62226
61771
60925
60425
60200
60540
60731
60698
61009
61679
62333
62819
63655
64823
360
1119
1779
2588
3537
4524
5407
6085
7097
7784
8250
8623
9261
9691
9366
9170
9098
8930
6820
4233
3051
3086
1574
64854
65376
64943
62626
61019
60942
61074
61034
61096
60462
60923
61468
61053
61190
62398
63904
63961
64432
65430
672
756
463
1005
1575
1663
640
65411
65087
64531
63550
62803
62802
62322
61535
60845
60830
61079
60885
60957
61168
61674
61925
62323
63130
64177
64985
65462
703
1677
2698
3759
4517
5354
6367
6789
7250
8264
8898
9285
9547
9547
9917
9526
6677
5195
4825
4318
2126
605
1014
65093
62490
61546
61645
61033
60607
60483
59903
60273
60113
59740
60561
62176
63006
63184
64059
65185
359
65325
710
1639
1765
1318
664
481
65335
64291
63510
63100
62689
61834
61179
60749
60850
60622
60468
60848
61581
61961
62388
63078
63890
64769
65361
658
1364
2323
3282
4003
5022
5800
6615
7401
8135
9146
9426
9995
10010
10263
10165
7301
5839
5575
4481
2062
1244
1152
64527
62261
61544
61210
60612
60395
60311
59629
60099
59937
59542
60293
62069
62712
63008
63831
64523
64907
64549
210
1122
1490
1308
969
721
241
65223
64498
63983
63522
62657
61890
61160
61299
60860
60576
60558
60898
61248
61704
62540
63368
64359
65107
428
1520
2819
4175
4988
5662
6798
7785
8407
9104
9578
10017
10318
10241
10253
7510
5881
5297
4880
2843
1933
1937
65498
62907
61823
61363
60766
60629
60695
59552
59739
59891
59628
59834
61493
62542
62703
63404
64190
65073
65169
362
1109
1685
1690
1084
984
570
408
65151
64358
63783
62881
62172
61114
60922
60736
60602
60507
60453
61079
61464
62260
62836
63806
64926
216
1154
2192
3802
4883
5916
6800
7988
9232
9553
10256
10638
10926
11304
10623
7926
6004
5628
4844
2625
1541
923
64534
61917
60885
60283
59802
60243
59863
58519
58716
59265
59372
59733
61468
62695
63371
64098
64849
268
908
1578
2228
2519
2666
2185
1651
828
530
65164
64513
63537
62519
62001
61117
60629
60302
60155
60344
60458
60852
61166
61926
62632
63591
64659
55
1367
2398
4066
5371
6550
7821
8795
9869
10517
10793
11191
11220
11471
10443
7791
5131
4774
3912
1750
659
64536
62680
61124
60018
59106
58716
59557
59331
58032
58151
58957
59966
60905
62493
63117
63965
65115
147
721
1552
2548
3084
3000
2769
1988
1514
640
65383
64166
63456
62478
61332
60501
59688
59424
59338
59430
59783
60044
60928
61691
62672
63609
64890
576
1627
2719
3815
5339
6715
7796
8507
9065
10553
10777
11267
11396
11189
11465
10375
7290
4144
3379
2824
1242
65461
63002
60902
59712
59377
58542
57989
59050
59254
58498
58612
59160
60367
62176
64162
64519
64869
310
1230
2011
2598
2893
3097
3355
2932
1735
651
65177
64731
63608
62552
61262
59942
59453
58960
58539
58326
58545
59189
59713
60732
61455
62626
64045
22
1475
2549
3714
4886
6245
7646
8570
9457
9856
10827
11080
11226
11274
11006
10952
10962
7765
4167
2281
1886
1205
205
63546
60779
58589
58369
58347
58113
58567
59009
58446
58791
59456
60251
61904
64570
390
827
1107
1459
2335
3633
3852
3647
2998
2717
1923
829
65114
63737
62317
61503
60519
59123
58135
57745
57584
57799
58082
58352
58916
60451
62097
63439
64663
350
1796
3208
4556
5562
6213
7518
8497
9356
9691
10472
10786
10421
10996
10621
9998
9949
8757
6340
2425
755
344
62
65421
63004
59520
57573
57670
58117
58519
59465
58952
58605
59442
60679
61991
63696
104
985
1687
2538
2581
3106
4128
4143
3429
2608
1547
65492
64574
63570
62023
60601
59505
58571
57629
57328
57227
56971
57380
58139
58776
59655
61163
62555
63816
65389
1252
2534
4018
5520
6401
7343
8433
9191
9785
10508
10726
10911
10998
10575
10166
9672
9627
8942
5809
1797
65113
64172
64216
64567
62472
59134
56963
56555
57687
59318
60594
60189
59315
60002
61653
63510
187
1794
2018
2368
2951
2906
3279
3950
3614
2899
2039
743
64392
63198
62476
61339
60324
59308
58038
56843
56616
56909
56938
57521
58134
58386
59327
61111
62731
64129
37
1184
2364
4146
5774
6767
7353
8322
8776
9605
10056
10362
10593
10464
10186
9724
9385
9057
8602
5736
2627
315
64175
64116
64570
63862
61434
57979
56482
56969
58944
61152
61591
60459
60034
60858
62622
65363
2227
2754
2793
2896
3187
3765
4536
4826
3643
2487
1295
65140
63781
62795
61508
59625
58656
57720
56472
56217
56476
56669
57415
58063
58549
59079
60369
62399
63904
65461
1357
1965
3251
4903
6061
6953
7587
8116
8100
8618
9482
9242
8967
8967
8525
8697
8408
7981
7833
5084
2655
65319
63622
63965
64317
64254
62343
58902
57217
57304
59057
61251
62480
61375
60386
60568
62038
64857
1858
2894
2935
2509
2843
3295
4241
4925
4436
3222
1534
0
64150
63383
61999
60343
60349
57810
57001
56973
55796
57050
56997
57665
58653
58493
60289
61948
63033
91
1139
1581
3156
4543
5866
7085
7651
7705
7748
7980
8617
9037
9008
8670
8429
7578
7746
7721
7076
7223
4834
1372
64631
63377
63662
64183
64008
62164
58840
57152
57775
59444
61698
62957
62016
60572
60683
62262
64552
1363
2525
2330
1493
1556
2211
3110
4047
4163
2931
1038
65399
64107
63303
62806
62094
61008
59393
58071
57422
57169
57966
58798
59219
59332
59640
60417
61814
63646
65337
962
1542
2162
3324
4677
5936
6797
7086
7231
7196
7662
8162
8371
8655
8376
8208
7997
7780
7590
7462
6693
4895
1215
64495
63913
64464
64941
64638
62526
59822
58062
58734
60862
62644
63113
61972
60456
60246
61687
64156
690
1138
786
294
446
1296
2498
3385
3491
2757
1765
670
65155
64735
64131
63532
62628
61427
60343
59746
59862
60612
61403
61990
62371
62727
63389
64619
623
1893
2700
3142
3747
3232
3897
4787
5440
5757
4079
4205
3853
4410
4682
4243
3193
3269
2315
2358
2389
1773
1755
1412
1321
1222
920
544
284
65344
123
515
956
847
86
64909
64592
64921
32
414
59
64767
63898
63684
64144
64869
65158
64775
64016
63587
63693
64227
64772
64896
64629
64240
64143
64219
64916
65113
65016
65014
64778
64866
65169
65371
65484
65173
64804
64643
64684
64875
64923
64776
64520
64267
64258
64569
64921
65160
65158
65000
64946
65024
65306
35
113
34
65389
65234
65296
65477
144
272
299
277
278
446
744
1050
1268
1363
1322
1270
1224
1262
1434
1516
1441
1230
1052
1063
1258
1446
1423
1146
784
486
355
421
475
400
145
65352
65131
65096
65182
65278
65293
65180
64995
64984
65062
65170
65200
65099
64911
64677
64527
64496
64468
64480
64427
64288
64227
64251
64416
64605
64799
64989
65043
64972
64912
64898
64932
65020
65092
65121
65151
65176
65257
65376
65492
22
116
138
78
47
39
126
236
288
348
381
448
560
663
787
985
1188
1357
1556
1756
1937
2074
2138
2102
2037
1998
1981
1919
1864
1761
1585
1358
1178
1066
965
985
876
643
376
144
31
80
68
65459
65237
65080
64993
64989
65096
65206
65178
65075
64991
64922
64914
64908
64886
64816
64757
64756
64731
64758
64800
64769
64724
64734
64817
64956
65124
65275
65305
65272
65176
65082
65076
65084
65065
64895
64646
64449
64370
64451
64637
64831
64916
64942
65042
65250
92
494
779
942
1007
1064
1188
1361
1564
1744
1857
1920
1927
1949
1995
2034
2021
1935
1757
1631
1636
1735
1892
1896
1690
1364
1060
1001
1127
1294
1271
964
478
72
65374
65320
65108
63721
61859
61070
61273
61861
62590
63102
63338
63872
64212
64683
64907
64893
65086
64780
64443
64155
64540
65381
458
112
64515
63651
63565
63983
64151
63965
63713
63238
62859
62720
62895
63940
64113
63945
63882
63960
64814
65203
65056
819
1066
814
1757
1363
1757
1842
2560
3052
2907
3500
3997
4330
3986
4427
5104
5389
5457
5364
5470
5577
4797
3228
1875
1336
1864
2121
1959
766
64635
63153
62410
62973
64086
64517
63757
62554
61739
61877
62953
64207
65137
65472
65153
64832
65021
267
1139
1520
1519
863
65535
64815
64274
64325
64440
64281
63605
62542
61540
60930
60889
61267
61641
61558
61231
60877
60938
61714
62683
63684
64232
64547
64871
65319
563
1595
2382
2956
3123
3194
3454
3949
4601
5226
5368
5397
5552
5788
6167
6347
6643
6834
6665
6705
6665
6172
5017
2561
845
307
530
1291
927
65217
63079
61048
60687
61686
63253
64054
63491
62367
61628
61571
62809
64590
324
944
719
507
747
1282
2039
2681
3101
3226
2822
2136
773
65205
64527
63920
63664
63121
62090
60861
59567
58851
58960
59511
60121
60354
60330
60381
60710
61491
62575
63707
64799
86
666
1338
2033
2598
3233
3771
3973
4187
4439
4931
5159
5356
5425
5554
5682
5747
6251
6430
6614
6785
6796
6984
6982
5925
3666
1676
367
501
978
1218
667
63956
61704
60278
60451
61862
63012
63383
62932
61865
61334
61928
63418
65063
473
887
945
931
1246
1862
2378
2710
2786
2853
2950
2381
1452
220
64334
63305
62204
61638
61192
60273
59352
58427
57891
57867
58253
59051
59817
60303
60767
61279
61766
62467
63481
64757
379
1206
1801
2142
2369
2574
2968
3545
4171
4634
5078
5149
4946
4859
5151
5674
6058
6571
6873
6674
6463
6161
6189
6437
5613
4033
2029
440
9
65498
540
575
64616
62736
61156
60692
61365
62529
63343
63379
62593
62050
62312
63254
64527
84
860
1195
1260
1637
1933
2089
2320
2462
2599
2708
2601
2229
1210
65472
64506
63539
62670
61797
60901
59936
59093
58654
58532
58424
58383
58663
59123
59775
60597
61384
61966
62364
63063
64123
65254
832
1698
2141
2358
2578
2922
3311
3605
3881
3987
3934
3858
3890
4224
4490
4748
5230
5437
5767
6330
6552
6604
6647
6918
7135
6112
4012
2167
691
126
652
1194
925
64795
62983
61473
60715
61281
62442
63053
62982
62437
61914
61877
62544
63713
64849
65465
537
1001
1391
1638
1860
2041
2153
2339
2748
2752
2330
1568
475
64753
63758
62992
62018
60565
59353
58411
57748
57668
57888
57910
57870
58035
58506
59072
59838
60689
61259
61742
62575
63496
64351
65219
413
795
1138
1712
2411
2752
2884
2947
3022
3200
3420
3601
3561
3841
4025
4195
4655
5086
5465
5711
5808
6207
6447
6789
7332
6420
4762
2813
1146
357
416
1054
759
64575
62744
60941
59857
60097
61199
61724
61663
61134
60556
60434
61145
62470
63589
64308
65097
65530
489
988
1400
1657
1714
1929
2287
2335
2353
1844
856
65208
64314
63545
62592
61403
59957
58425
57324
57018
57243
57462
57688
57823
57904
58228
58955
59823
60701
61523
62418
63154
63987
64842
65505
501
1050
1690
2326
2963
3362
3286
3181
3109
3190
3526
3886
4250
4283
4160
4208
4542
5015
5563
6132
6494
6931
7129
7009
7292
7470
7762
6881
4912
3421
1705
929
1142
1345
761
64736
63246
61545
60765
61376
61906
62397
62532
62461
62107
62258
63247
63981
64882
289
850
1351
1777
2293
2366
2505
2821
2965
3245
3496
3444
2978
2234
1637
908
355
65312
64322
62742
61315
60175
59683
59752
60222
60419
60361
60345
60550
61013
61941
62926
63701
64351
65059
126
671
1198
1765
2338
3102
3880
4438
4766
4850
4608
4440
4626
5083
5398
5582
5447
5259
5113
5379
5819
6169
6559
6740
7054
7376
7717
7991
8088
8476
8772
9208
8386
6703
4912
3144
2351
2525
3023
2742
1365
65353
63360
62189
62602
63278
63921
64113
63681
62816
62487
63127
63953
65032
621
994
1233
1628
2173
2617
3299
3831
3964
4088
4225
4109
3939
3480
2881
2164
1713
1369
597
64858
63304
61597
60690
60437
60930
61311
61410
61241
60839
60916
61676
62562
63672
64444
64887
65197
54
612
1261
1907
2608
3089
3566
3917
4053
4114
4027
3929
3898
3985
4083
3965
3807
3705
3666
3874
4220
4583
4842
5099
5296
5706
6089
6494
6784
7092
7339
7611
7883
8066
7225
5641
4186
2767
2157
2368
2478
1811
330
64051
62100
61296
61881
62435
62919
62833
61910
60911
60757
61415
62385
63717
64591
64576
64664
64919
65284
483
1401
1923
2129
2348
2371
2217
2257
2121
1790
1617
1448
1029
334
64715
63613
62252
61909
61776
61842
62082
61718
61071
60739
60685
61303
62149
63016
63539
63670
63875
64193
64789
78
734
1355
1837
2294
2657
2776
2822
2738
2753
2857
2883
2824
2616
2279
1941
1787
1864
1859
1977
1995
1925
1922
1962
2118
2331
2571
2866
3026
3223
3400
3561
3758
3937
4057
3629
2907
1835
977
360
197
417
195
65119
64272
63069
62241
62026
62210
62425
62556
62332
61628
61158
61111
61246
61832
62454
62638
62621
62620
62636
62860
63482
63988
64312
64693
64802
64818
65023
65178
65245
65301
65336
65263
65188
65036
64582
63932
63419
62896
62669
62786
62788
62622
62270
61820
61484
61494
61843
62185
62495
62718
62724
62847
63124
63496
63893
64259
64445
64536
64601
64657
64784
64984
65081
65110
65078
64959
64834
64774
64681
64704
64711
64787
64824
64788
64840
64868
64861
65051
65245
65405
4
92
144
276
498
790
1058
1233
1338
1478
1615
1735
1903
1743
1487
1111
782
600
597
595
335
65424
64866
64259
63888
63770
63723
63615
63383
63002
62550
62358
62385
62526
62802
62955
62918
62918
62906
63008
63305
63709
64011
64206
64346
64339
64348
64431
64475
64585
64660
64649
64538
64424
64320
64126
63951
63780
63611
63542
63529
63477
63429
63405
63399
63438
63586
63742
63851
63934
63975
63965
64004
64088
64210
64349
64452
64399
64248
64102
64019
64109
64409
64799
65227
65299
65107
64885
64545
64437
64676
65035
65441
224
162
5
65436
65498
335
729
990
1130
1014
844
781
828
980
1141
1166
1039
826
654
616
661
755
863
844
764
631
436
302
267
289
264
193
61
65412
65254
65114
65038
65036
65034
64978
64867
64699
64566
64485
64395
64341
64279
64202
64095
63984
63922
63927
63946
64008
64026
64005
63974
63958
63983
64045
64104
64125
64113
64056
64004
64022
64078
64166
64242
64289
64307
64319
64360
64473
64594
64704
64774
64815
64811
64815
64835
64852
64870
64894
64914
64871
64796
64775
64776
64824
64918
64956
64904
64822
64754
64753
64799
64882
64945
64949
64928
64918
64947
65045
65162
65244
65279
65319
65356
65407
65467
65526
44
80
97
157
240
291
283
286
301
319
353
387
443
490
521
539
547
597
669
746
789
849
923
951
978
1023
1050
1097
1129
1119
1084
1029
992
967
933
881
791
686
574
444
347
244
151
61
65502
65391
65245
65085
64949
64885
64882
64902
64883
64840
64795
64761
64757
64794
64850
64912
64984
65043
65082
65136
65217
65335
65455
46
113
141
164
163
177
220
277
265
196
154
122
117
175
203
195
140
102
61
65
123
148
102
64
43
63
102
130
141
151
198
259
344
453
558
622
676
714
769
854
954
1024
1044
1053
1086
1134
1194
1224
1237
1282
1308
1320
1295
1256
1202
1145
1107
1113
1173
1215
1216
1210
1225
1211
1236
1339
1454
1580
1660
1660
1647
1645
1653
1631
1578
1509
1390
1240
1066
906
795
713
629
542
459
370
255
127
69
37
81
112
120
78
47
21
65535
47
125
169
177
131
16
65433
65372
65326
65330
65310
65279
65242
65170
65134
65107
65106
65155
65179
65196
65193
65193
65228
65296
65424
35
128
169
204
235
287
334
372
387
390
404
439
483
520
542
547
589
627
690
785
846
853
801
707
594
558
613
669
670
644
588
520
523
587
648
689
672
606
555
525
556
588
581
545
468
406
395
434
459
494
499
497
510
558
628
686
718
745
785
865
923
939
904
857
848
882
936
937
916
856
769
710
717
762
807
814
768
688
638
640
669
692
697
640
552
488
475
486
534
530
468
361
251
171
104
84
110
120
82
23
65507
65475
65498
5
49
92
134
136
143
200
192
197
165
134
124
107
122
108
51
65521
65307
65134
65082
65219
65423
65443
65082
64959
64897
64744
64380
64608
65082
144
64964
63835
65277
1225
1794
1380
293
836
2142
2185
1667
778
849
1884
2234
1400
595
651
1122
924
782
95
64397
64923
1054
751
65489
64355
64300
65421
64916
64708
64647
65391
569
301
278
615
1245
1896
1537
1534
1796
2217
2603
2169
2085
2284
2162
2400
2082
1733
1674
1810
1846
1485
1268
1359
1341
1233
1044
1020
1015
818
763
397
370
510
404
188
65394
65493
65534
65339
65431
65116
65248
65319
65205
65117
65005
65175
10
52
65250
15
64972
63434
63342
64773
65531
64609
63953
64019
65015
65474
64398
64132
64872
387
103
65290
65082
315
658
435
65527
442
687
879
471
350
562
733
821
662
191
643
1566
887
353
482
1215
1419
1121
947
1118
1425
1805
1555
1586
1701
1837
1724
1860
2587
2229
1611
1915
2175
2455
2613
2086
2120
2635
2786
2787
2296
2758
3463
3199
3398
2992
2785
3329
3269
2440
1720
1849
2204
1647
929
566
325
32
65158
64547
64442
64684
63953
63407
63491
63684
63651
63460
63675
63973
64166
64072
63960
64400
65006
65388
64856
64730
65119
65191
64878
64640
64835
64664
64436
64196
63936
63999
63502
63496
63055
62883
62864
62658
62893
62950
62759
62643
62918
63444
63519
63533
63803
64344
64852
65029
65278
112
522
982
1429
1535
1514
1680
2010
2126
2238
2270
2483
2461
2337
2395
2341
2324
2650
1807
1163
2064
2627
2243
1539
1992
3043
4051
2780
2543
3154
4966
5040
4358
4368
5536
5804
5589
5187
5258
4450
3427
2611
2520
1903
1215
615
64687
63750
63382
63046
62285
62199
61902
61570
61022
61062
61203
61910
62303
62577
62890
63628
64226
64683
65239
445
934
1314
1592
1687
1914
2156
1937
1318
65457
65444
64281
64175
62762
62156
61516
60696
60231
59948
59519
60069
59894
60156
59844
60230
61157
61773
62416
62765
63541
64167
64840
65466
276
1025
1493
1736
2107
2074
2403
2245
2185
1833
1622
1487
1366
1056
949
865
1008
1148
1416
1499
2065
2517
3271
3643
3813
3822
4943
6143
6358
5870
6620
7412
8029
7790
7540
7811
8088
8114
7206
4171
3253
2658
2960
219
63926
64032
62862
61442
60442
59755
60002
60298
60558
59443
59587
60926
62084
62525
63015
64140
65227
683
1447
1613
2562
3553
3975
3526
3134
3612
3223
2729
2052
1108
39
64597
62609
60790
59912
59553
59070
57819
57190
57398
57325
58168
58565
59323
60387
61269
61807
62190
63147
64461
65079
65452
111
463
915
1213
1091
868
981
1126
848
496
361
249
2
65316
65186
65144
21
429
666
1205
1905
2359
3037
3681
4700
5269
5743
6272
5790
7004
7237
8043
7653
7990
7582
7983
8033
7715
7137
7020
6587
5967
4652
2228
103
101
65287
63844
62094
61622
61148
60561
60729
60043
60271
61633
62322
62044
62091
63441
64800
39
740
1167
1740
2420
3064
2749
2648
2994
2932
2366
1527
851
261
65387
64852
63875
62953
62356
61781
60824
59981
59364
58732
58571
59050
59215
59348
59911
60653
61770
62150
63024
63394
64067
64670
64873
64885
65023
65116
65190
64825
64733
64492
64512
64516
64540
64406
64515
64630
64847
64945
65148
65351
65517
466
932
1445
1884
2413
2983
3558
3954
4628
4922
5624
6058
6295
6301
5941
6377
6319
6973
6539
6450
6936
6496
6814
6011
5727
6209
5617
5374
3707
1014
65247
137
169
63753
62190
61917
61702
61659
61571
60911
61177
62662
63259
62843
63189
64206
65291
619
1013
1230
1641
2326
2590
2021
1812
1910
1705
1118
413
64925
64536
64427
63789
63005
62484
62253
62056
61490
61080
60201
60180
60720
60170
59563
59890
60795
61467
61707
61984
62152
62936
63750
63727
63580
63791
64181
64025
63619
63496
63318
63479
63682
63510
63454
63844
64322
64616
64733
65066
72
431
803
951
1103
1585
2121
2373
2389
2655
3459
4204
4363
4478
4566
5136
5606
5458
6149
5841
6348
6160
5766
6300
6568
6874
6540
6055
5612
5644
5648
4696
2984
193
64176
64897
64042
62819
61436
60600
60902
61127
61266
60731
61090
62617
63320
63939
64227
65009
677
1621
2164
1726
2423
2948
2954
2523
1765
1524
1091
500
64983
63725
63404
63319
62819
62288
61991
61977
62468
62401
62260
61750
61894
62313
61736
61246
61640
62135
62392
62262
62122
62340
62755
63258
62751
62316
62400
62423
62420
62199
62049
62196
62402
62829
62977
63490
64172
64631
65064
123
675
1157
1284
1174
1234
1793
2323
1960
1689
2104
2687
3297
3372
3289
3727
4759
5625
5636
5172
5735
6802
6889
6707
6029
6265
7035
6866
7215
6564
6444
6391
5895
5419
4530
2782
922
65022
64627
63995
63095
62452
61829
62035
62456
63280
63507
64125
64726
65041
191
493
591
922
610
618
242
205
65319
64692
64129
63777
63523
63382
62970
62717
62553
62846
63167
63460
63817
64005
64597
64854
64846
64831
64650
64424
63476
62374
61966
61328
61505
60952
60495
60511
60798
61513
61784
61891
62219
62656
63155
63294
63198
63349
63507
63871
63721
63859
64021
64444
64756
64808
64933
65436
224
422
245
327
582
1058
1378
1356
1644
2138
2902
3594
4168
4726
4936
5262
5735
6361
6348
6512
6558
5953
6248
6292
6665
6608
6674
6190
6034
5936
5775
5329
4610
4104
1975
142
65100
64839
64188
63442
62511
62054
62866
63919
63681
63785
64030
64382
64968
65303
65090
64908
65175
65451
65014
64975
64619
64672
64495
64071
63602
63423
63776
63715
63534
63498
63569
64031
64273
64372
64310
64514
64562
64352
64177
63135
62209
61639
61473
61172
60816
60531
60265
60812
61428
61828
61910
62322
62652
63136
63350
63620
63546
63742
63795
63800
63850
64094
64279
64588
64665
64746
65034
65490
346
385
350
545
1025
1537
1660
1666
1949
2550
3021
3355
3730
3970
4916
5606
5605
5458
5638
6422
7136
7462
6605
6519
6412
7156
7261
7072
6225
6292
6168
5971
5003
2721
785
65437
65268
64444
63437
62402
61998
63016
63648
63429
63527
63996
64387
64703
64904
64707
65008
65429
64999
64599
64459
64444
64565
64514
63820
63355
63404
63613
63651
63552
63552
63888
64375
64774
64861
64938
65154
65356
65134
64714
64070
63468
62664
61638
61222
61182
61079
60886
60936
60971
62107
62801
63327
63346
63846
64096
64588
64511
64199
63941
63797
63699
63492
63520
63572
63826
63884
64044
64279
64960
65427
119
118
351
1030
1619
1772
1729
1955
2678
3532
3815
3715
3813
4658
5457
5736
5431
5293
5358
6028
6120
5540
5103
5189
5793
6305
6200
5677
5515
5729
5834
5044
3470
1627
729
518
65323
64472
63599
62997
63330
63729
63624
63480
63447
63692
64063
64289
64249
64513
64691
64690
64562
64540
64520
64509
64602
64198
63928
63767
63726
63878
64025
63935
64042
64285
64480
64764
64910
64866
64870
64717
64516
64275
63796
62803
61932
61394
61540
61583
61403
61170
61275
62120
62825
63252
63328
63426
63577
63929
64043
63914
63808
63570
63520
63564
63727
63892
64188
64270
64414
64715
65165
55
341
454
494
930
1352
1779
2024
2058
2176
2631
3153
3553
3910
3981
4257
4681
5047
5102
5371
5493
5408
5718
5757
5835
5944
6110
5939
5896
5656
5265
4912
4105
2820
1476
923
344
96
65137
64051
63736
63826
64104
64367
64085
63389
63545
64003
64193
64467
64124
63917
64293
64539
64634
64618
64367
64374
64582
64440
64320
64237
64205
64422
64634
64603
64553
64670
64742
64846
64832
64636
64548
64515
64408
64125
63465
62798
62405
62401
62416
62432
62347
62261
62560
62978
63254
63393
63321
63284
63461
63653
63795
63813
63689
63736
63997
64214
64447
64485
64477
64582
64761
64968
65205
65450
217
474
679
949
1325
1661
1807
1897
2033
2316
2832
3243
3403
3581
3733
4001
4402
4605
4548
4614
4867
5085
5378
5604
5710
5808
5839
5839
5608
5150
4526
3735
2943
2277
1771
1344
868
314
65511
65268
65084
64723
64133
63852
63778
63852
63896
63709
63499
63541
63764
63936
64006
63874
63845
63979
64052
64065
64038
64064
64272
64436
64495
64513
64496
64573
64649
64634
64597
64442
64293
64147
63917
63611
63362
63193
63139
63146
63143
63198
63257
63439
63588
63570
63533
63540
63641
63654
63640
63625
63692
63868
64069
64249
64332
64476
64616
64742
64902
65021
65247
65493
172
317
417
586
825
1167
1431
1590
1750
1938
2334
2798
3146
3369
3551
3820
4150
4445
4660
4844
5015
5255
5469
5731
5915
5972
5987
5893
5876
5647
5004
4056
3164
2738
2544
2216
1521
887
426
298
40
64903
64231
63775
63953
64044
63833
63500
63223
63401
63696
63915
63776
63646
63745
63874
64028
63946
63953
64162
64414
64624
64598
64520
64536
64666
64763
64734
64655
64580
64582
64532
64366
64062
63564
63248
63030
62992
63080
63048
63120
63154
63315
63443
63411
63336
63253
63359
63468
63526
63516
63539
63802
64059
64290
64459
64598
64825
64983
65072
65124
65288
12
197
357
432
570
806
1043
1287
1518
1853
2236
2586
2913
3189
3520
3869
4175
4420
4605
4827
5103
5362
5550
5905
6219
6352
6306
5998
5427
4523
3673
3103
2743
2411
1842
1287
818
524
140
65041
64421
63939
63867
63830
63532
63184
62981
63132
63386
63515
63500
63486
63606
63795
63896
63923
63960
64176
64460
64649
64697
64598
64585
64619
64641
64608
64506
64433
64378
64171
63839
63532
63243
63130
63048
62955
62921
62828
62981
63124
63171
63101
63060
63184
63280
63328
63254
63269
63439
63714
63983
64088
64207
64382
64617
64854
64990
65157
65440
222
420
463
533
727
948
1155
1252
1383
1668
2028
2403
2679
2951
3285
3656
3925
4148
4372
4715
5122
5335
5535
5793
6167
6425
6378
6293
5921
5384
4536
3637
3074
2711
2507
1865
1247
756
473
113
65073
64596
64234
64209
64101
63831
63552
63397
63547
63774
63783
63665
63596
63733
63997
64053
64063
64160
64408
64675
64797
64771
64672
64791
64855
64794
64671
64587
64652
64657
64560
64197
63705
63320
63162
63206
63129
63080
63010
63007
63249
63361
63313
63172
63178
63417
63545
63462
63331
63442
63733
64086
64263
64352
64559
64804
65041
65183
65283
65513
312
592
748
860
1026
1294
1502
1575
1730
1985
2335
2667
2938
3215
3505
3867
4278
4566
4768
4924
5170
5414
5713
5961
6029
6102
6138
6117
5641
4903
4041
3347
2966
2534
2051
1358
876
698
331
65299
64597
64209
64133
64049
63705
63189
63012
63117
63437
63496
63281
63252
63387
63699
63749
63596
63594
63898
64329
64465
64485
64486
64672
64907
64842
64671
64471
64432
64543
64487
64114
63656
63346
63239
63178
63043
62854
62839
62957
63070
63073
62908
62853
62927
63075
63091
62934
62857
62999
63280
63474
63524
63671
64015
64426
64642
64645
64752
65031
65435
195
270
338
570
938
1255
1302
1393
1631
2003
2335
2452
2570
2838
3288
3694
3846
4020
4233
4636
4940
5095
5269
5468
5856
6076
6122
5799
5205
4557
3870
3296
2791
2357
1840
1428
1041
528
65422
64833
64512
64290
63966
63558
63196
63009
62982
63008
62996
62956
63053
63320
63455
63424
63370
63404
63658
63978
64124
64236
64402
64643
64791
64681
64542
64511
64567
64563
64396
64100
63805
63582
63331
63027
62810
62647
62653
62755
62703
62676
62660
62789
62858
62857
62911
62939
63002
63067
63167
63323
63479
63771
64065
64307
64541
64705
64958
65180
65421
99
248
434
608
776
922
1068
1230
1438
1718
1975
2224
2466
2744
3057
3378
3633
3874
4201
4451
4601
4891
5259
5571
5786
5922
5994
5942
5586
4957
4264
3627
3252
2765
2261
1765
1241
848
139
65062
64539
64117
63783
63332
62923
62645
62600
62711
62728
62699
62801
63127
63397
63480
63540
63593
63873
64165
64341
64488
64596
64760
64880
64870
64736
64644
64606
64603
64487
64288
63970
63779
63472
63132
62868
62686
62703
62602
62529
62574
62557
62600
62561
62639
62717
62686
62733
62745
62946
63077
63239
63437
63624
63956
64261
64496
64677
64858
65150
65404
98
247
403
686
911
1050
1146
1386
1693
1925
2123
2351
2626
2943
3217
3450
3705
4005
4269
4471
4717
4907
5050
5288
5480
5584
5509
5233
4833
4273
3748
3246
2727
2284
1802
1256
793
215
65171
64612
64112
63731
63288
62847
62510
62334
62230
62200
62238
62387
62624
62843
62949
63093
63333
63610
63908
64132
64366
64617
64864
65032
65103
65146
65122
65108
65093
64984
64824
64613
64442
64269
63906
63534
63275
63066
62912
62721
62561
62610
62622
62617
62559
62557
62619
62664
62749
62808
62944
63086
63234
63470
63727
64055
64400
64713
64987
65215
65497
168
378
557
724
910
1081
1279
1496
1698
1902
2050
2204
2380
2611
2854
3039
3283
3536
3828
4099
4357
4633
4904
5118
5304
5388
5551
5639
5597
5409
5002
4581
4080
3606
3240
2729
2243
1732
1249
710
80
65132
64667
64233
63767
63269
62971
62712
62549
62431
62437
62625
62798
62942
63099
63319
63579
63846
64101
64348
64629
64908
65157
65360
65492
73
160
205
146
32
65510
65421
65219
64962
64672
64451
64266
64046
63852
63696
63660
63631
63544
63470
63428
63447
63488
63507
63525
63566
63686
63854
64038
64247
64485
64775
65077
65362
88
308
514
671
814
937
1046
1174
1287
1440
1566
1670
1786
1884
2018
2186
2328
2471
2637
2821
3029
3203
3364
3536
3701
3794
3889
4029
4121
4239
4278
4219
4158
4129
3993
3792
3552
3214
2815
2412
2036
1661
1219
883
540
185
65359
64985
64660
64361
64022
63739
63568
63432
63298
63255
63280
63358
63468
63568
63731
63914
64090
64262
64423
64588
64748
64893
65025
65156
65266
65325
65364
65383
65443
65491
65530
7
65534
65486
65414
65343
65207
65087
64987
64883
64808
64754
64721
64682
64663
64660
64656
64669
64709
64743
64780
64803
64813
64859
64907
64947
64992
65067
65198
65325
65432
65487
66
175
279
378
463
561
695
790
890
975
1105
1249
1325
1417
1531
1660
1737
1833
1895
1960
2036
2139
2213
2227
2277
2321
2361
2325
2221
2175
2145
2114
2059
1969
1882
1820
1790
1734
1627
1493
1386
1297
1188
1019
821
685
591
481
316
148
18
65429
65285
65119
64957
64846
64760
64664
64569
64489
64454
64436
64443
64485
64500
64491
64519
64542
64550
64564
64611
64673
64745
64827
64869
64916
64993
65102
65219
65352
65465
16
87
163
215
234
225
226
235
220
198
165
141
96
71
9
65521
65508
65490
65460
65432
65363
65309
65310
65331
65321
65326
65308
65319
65370
65399
65433
65501
72
129
154
161
131
64654
64814
331
59
293
1226
543
785
811
665
1001
716
444
906
803
657
836
638
662
845
785
722
854
731
872
1029
937
1029
1125
1088
1104
1140
1056
1101
1050
1061
1101
1077
950
950
853
793
801
777
727
682
597
479
418
342
160
164
93
65492
0
65419
65262
65223
65157
65088
65120
64997
65042
64972
65035
64952
65015
64976
64960
64971
64975
64898
64431
63367
64339
64264
64337
64988
65387
142
215
220
79
234
192
234
326
480
596
292
583
467
566
548
657
319
339
725
277
339
527
394
65505
443
19
301
344
65416
65383
65286
210
65357
158
65314
65388
65132
168
65126
65192
24
65245
65427
65350
223
92
119
89
246
67
488
65245
65
569
317
210
1083
64527
383
851
25
679
652
513
1209
1266
65515
1192
805
1054
414
660
1195
588
1664
510
772
843
1056
741
753
234
629
776
174
725
595
704
413
333
413
774
482
223
748
65239
1294
392
3
991
65214
172
699
64986
274
744
64930
697
195
64716
974
65303
65490
582
65524
65278
344
65285
65509
283
65435
65470
65087
1348
65115
65529
102
64666
1184
65257
64782
194
738
64993
65323
803
65175
64704
1586
64732
532
213
64899
412
65452
985
65461
718
65114
667
866
680
65517
65528
1205
65227
65496
1500
63683
2198
828
65250
1172
64863
1033
94
818
631
65034
1404
255
853
1545
232
115
1176
895
824
1762
803
28
1906
282
985
1338
445
731
1567
198
852
1509
567
527
1169
65335
906
1373
65166
1118
186
785
542
65021
568
458
65309
491
64849
65511
488
64564
319
65321
65362
65333
147
64846
463
65360
65309
65166
65197
65462
65369
65518
64629
65332
126
224
64817
65378
65186
64961
65144
64760
39
64742
65457
64125
64503
579
64263
64513
272
64161
65116
576
63663
65468
65232
65405
154
64438
65516
361
212
65310
316
65256
1002
212
65245
217
65443
407
6
678
1003
89
65453
1015
505
601
1164
65133
1067
1389
1212
1240
144
1553
277
1523
1068
559
2122
1215
1100
1781
1586
2310
1512
1717
1524
1326
2067
1640
1489
2278
1327
844
1374
282
1465
299
554
64
467
439
65329
48
65054
65153
237
64307
131
65302
64913
65319
64856
65065
65337
121
64761
64768
677
64910
64813
193
64984
65264
65117
14
64790
65360
38
64087
65459
64738
64874
65302
63974
65008
64726
64870
64539
64384
65366
64260
64572
64815
64732
64488
65125
64991
63626
589
64675
64939
1039
64513
65456
65289
65327
65240
64991
1186
65504
195
514
93
10
1079
65367
1
793
1372
65356
615
1118
747
1092
1544
853
962
1402
788
1590
1807
1598
1951
1177
1817
1556
2294
1914
2331
2889
2139
1955
2740
3035
1273
1757
1343
1324
1069
643
283
65219
331
64907
64285
65141
64817
64362
64663
64217
63893
64908
64448
64117
64653
64802
65137
64700
64817
65182
2
65484
64913
65477
65486
262
65209
65119
161
72
0
65070
64465
65269
64557
64240
64227
63785
64238
63774
63166
63455
63564
63747
63194
63292
63303
63967
64422
63246
64224
65231
63922
65001
64131
65466
229
64753
65533
43
837
824
401
65317
1203
934
847
0
1163
1975
1541
1394
460
1755
1094
1664
784
638
4292
1829
1596
2441
1673
3363
3175
2219
3463
2535
4058
3388
2032
4275
3961
3346
3603
1884
1969
2870
1891
680
880
697
340
64902
64723
64261
64732
64630
63217
63356
64101
64066
63746
63816
64052
64557
64938
64552
64430
65498
316
65484
65449
314
687
679
369
65431
370
704
262
65247
65307
65457
56
64694
64139
63846
63803
63084
63075
62945
62746
62685
62432
62486
62703
62811
62558
62744
63471
63499
63739
63738
64562
64461
64982
64923
64978
770
485
68
1584
339
996
2711
55
2053
847
987
791
1561
1385
331
1516
1456
1200
2729
1804
1341
3253
1939
1553
3226
3070
2629
3901
4201
4420
4545
4781
3971
4122
5159
3855
2840
3281
2125
2204
2369
1039
181
640
65208
63949
64516
63737
63495
63523
62872
62322
63154
63133
62796
63181
63422
63628
64109
64310
64184
64884
65454
65369
65502
504
694
992
986
947
1069
1210
942
583
582
406
254
65272
64774
64674
64443
63620
62775
62539
62047
62038
61741
61570
61539
61767
61931
61990
62425
62672
62860
63595
63589
63930
65054
64794
64959
199
926
65251
381
876
701
673
2166
1686
586
1528
944
450
1669
1633
162
2436
1481
1449
1958
1790
1950
3143
3106
1821
2926
4619
2356
3471
4324
3540
4072
4822
3559
4007
5362
4449
2423
2871
2415
2366
2307
1000
182
517
16
64710
63853
64326
63939
63626
63236
62422
62945
63624
63140
62974
63313
63551
64065
64257
64181
64645
56
142
73
442
766
962
1214
834
637
1071
915
445
314
231
65502
133
65175
64938
64882
64787
63973
63617
63430
63322
63129
62731
62385
62415
62849
62922
62719
62931
63763
63691
64190
63884
64101
64918
65430
64546
282
65194
1595
656
257
65324
844
1802
144
1588
865
1416
448
1930
771
1632
1190
2463
1441
749
1345
1349
2022
2479
3173
1323
1984
3187
2862
3068
2991
2558
2534
4155
3108
3207
3003
3065
3054
1808
1499
1739
2096
1366
1067
113
342
65467
65206
64998
64626
64690
64222
64039
63803
64005
64027
64007
63828
63882
64236
64306
64558
64511
64541
65066
64948
64952
65091
65161
65088
65165
65334
65032
64994
65144
65044
64969
65185
64841
65152
64638
64888
64798
64819
64712
64773
64845
64929
64398
63997
64553
64134
64141
64332
64114
64061
64482
64396
64248
64643
64846
65041
63757
64948
294
64652
63789
64594
97
776
65084
64974
64613
65528
65114
298
1811
528
347
760
913
64823
299
700
1143
793
1085
21
1022
1072
1085
1268
690
954
1389
656
1202
1366
1120
835
1097
1725
1776
1151
1419
1340
1836
1295
1315
1431
1316
1073
1041
967
935
1024
804
788
494
401
370
207
65520
65392
65478
65332
65023
65154
65281
65087
64574
64649
64742
64571
64802
64826
64744
64299
64477
64521
64539
64452
64588
64583
64460
64586
64794
64773
64678
64748
64851
65057
65028
65189
65159
65176
65275
65352
65378
65451
65458
65503
141
149
140
220
319
295
296
376
340
320
251
308
247
203
207
107
73
41
28
65488
65466
65382
65362
65277
65294
65163
65113
65218
65183
65168
65130
65080
65134
65144
65210
65243
65212
65239
65352
65412
65470
65473
32
63
85
185
286
411
437
564
556
638
645
646
675
719
692
628
672
606
639
610
599
617
565
576
516
542
541
518
501
554
547
574
573
518
470
493
455
432
368
365
352
355
357
294
279
280
263
216
184
164
160
143
128
72
73
55
65479
65495
65453
65461
65462
65463
65409
65433
65457
65487
65472
65495
17
65509
21
12
57
93
119
71
120
169
179
185
201
227
226
260
164
196
224
227
273
266
275
270
250
258
230
250
235
253
261
265
264
294
307
229
256
262
236
294
258
254
306
268
302
292
308
283
278
288
239
280
277
247
239
245
257
267
225
245
269
262
290
319
344
341
373
389
335
397
419
386
363
358
326
327
290
294
247
282
292
247
270
257
246
260
232
169
234
218
202
243
263
250