1412
2438
2831
2566
1846
1017
436
332
723
1412
2068
2359
2085
1265
135
-934
-1578
-1567
-897
203
1363
2199
2454
2091
1296
403
-240
-409
-88
524
1093
1278
871
-114
-1445
-2745
-3628
-3843
-3360
-2381
-1263
-383
0
-159
-690
-1270
-1561
-1347
-618
417
1407
1995
1949
1261
150
-1010
-1833
-2047
-1604
-683
375
1208
1559
1381
844
268
-8
234
1007
2099
3149
3783
3750
3018
1789
427
-674
-1235
-1186
-685
-49
370
331
-207
-1068
-1921
-2417
-2322
-1616
-504
649
1456
1641
1148
152
-999
-1926
-2347
-2186
-1594
-879
-388
-360
-836
-1634
-2417
-2822
-2601
-1718
-369
1081
2235
2798
2686
2051
1213
542
308
587
1229
1927
2335
2209
1512
428
-694
-1473
-1635
-1117
-93
1090
2038
2451
2233
1518
616
-117
-416
-206
361
974
1282
1032
177
-1099
-2445
-3464
-3858
-3538
-2654
-1534
-563
-42
-74
-539
-1140
-1530
-1452
-840
147
1185
1902
2025
1485
449
-738
-1677
-2058
-1770
-941
118
1038
1523
1469
996
396
17
120
773
1814
2912
3681
3827
3259
2125
758
-441
-1153
-1250
-837
-200
302
390
-32
-839
-1729
-2343
-2407
-1842
-801
379
1305
1660
1329
431
-718
-1733
-2297
-2276
-1767
-1050
-474
-318
-677
-1421
-2243
-2773
-2721
-1994
-732
732
1994
2721
2773
2243
1421
677
318
474
1050
1767
2276
2297
1733
718
-431
-1329
-1660
-1305
-379
801
1842
2407
2343
1729
839
32
-390
-302
200
837
1250
1153
441
-758
-2125
-3259
-3827
-3681
-2912
-1814
-773
-120
-17
-396
-996
-1469
-1523
-1038
-118
941
1770
2058
1677
738
-449
-1485
-2025
-1902
-1185
-147
840
1452
1530
1140
539
74
42
563
1534
2654
3538
3858
3464
2445
1099
-177
-1032
-1282
-974
-361
206
416
117
-616
-1518
-2233
-2451
-2038
-1090
93
1117
1635
1473
694
-428
-1512
-2209
-2335
-1927
-1229
-587
-308
-542
-1213
-2051
-2686
-2798
-2235
-1081
369
1718
2601
2822
2417
1634
836
360
388
879
1594
2186
2347
1926
999
-152
-1148
-1641
-1456
-649
504
1616
2322
2417
1921
1068
207
-331
-370
49
685
1186
1235
674
-427
-1789
-3018
-3750
-3783
-3149
-2099
-1007
-234
8
-268
-844
-1381
-1559
-1208
-375
683
1604
2047
1833
1010
-150
-1261
-1949
-1995
-1407
-417
618
1347
1561
1270
690
159
0
383
1263
2381
3360
3843
3628
2745
1445
114
-871
-1278
-1093
-524
88
409
240
-403
-1296
-2091
-2454
-2199
-1363
-203
897
1567
1578
934
-135
-1265
-2085
-2359
-2068
-1412
-723
-332
-436
-1017
-1846
-2566
-2831
-2438
-1412
0
1412
2438
2831
2566
1846
1017
436
332
723
1412
2068
2359
2085
1265
135
-934
-1578
-1567
-897
203
1363
2199
2454
2091
1296
403
-240
-409
-88
524
1093
1278
871
-114
-1445
-2745
-3628
-3843
-3360
-2381
-1263
-383
0
-159
-690
-1270
-1561
-1347
-618
417
1407
1995
1949
1261
150
-1010
-1833
-2047
-1604
-683
375
1208
1559
1381
844
268
-8
234
1007
2099
3149
3783
3750
3018
1789
427
-674
-1235
-1186
-685
-49
370
331
-207
-1068
-1921
-2417
-2322
-1616
-504
649
1456
1641
1148
152
-999
-1926
-2347
-2186
-1594
-879
-388
-360
-836
-1634
-2417
-2822
-2601
-1718
-369
1081
2235
2798
2686
2051
1213
542
308
587
1229
1927
2335
2209
1512
428
-694
-1473
-1635
-1117
-93
1090
2038
2451
2233
1518
616
-117
-416
-206
361
974
1282
1032
177
-1099
-2445
-3464
-3858
-3538
-2654
-1534
-563
-42
-74
-539
-1140
-1530
-1452
-840
147
1185
1902
2025
1485
449
-738
-1677
-2058
-1770
-941
118
1038
1523
1469
996
396
17
120
773
1814
2912
3681
3827
3259
2125
758
-441
-1153
-1250
-837
-200
302
390
-32
-839
-1729
-2343
-2407
-1842
-801
379
1305
1660
1329
431
-718
-1733
-2297
-2276
-1767
-1050
-474
-318
-677
-1421
-2243
-2773
-2721
-1994
-732
732
1994
2721
2773
2243
1421
677
318
474
1050
1767
2276
2297
1733
718
-431
-1329
-1660
-1305
-379
801
1842
2407
2343
1729
839
32
-390
-302
200
837
1250
1153
441
-758
-2125
-3259
-3827
-3681
-2912
-1814
-773
-120
-17
-396
-996
-1469
-1523
-1038
-118
941
1770
2058
1677
738
-449
-1485
-2025
-1902
-1185
-147
840
1452
1530
1140
539
74
42
563
1534
2654
3538
3858
3464
2445
1099
-177
-1032
-1282
-974
-361
206
416
117
-616
-1518
-2233
-2451
-2038
-1090
93
1117
1635
1473
694
-428
-1512
-2209
-2335
-1927
-1229
-587
-308
-542
-1213
-2051
-2686
-2798
-2235
-1081
369
1718
2601
2822
2417
1634
836
360
388
879
1594
2186
2347
1926
999
-152
-1148
-1641
-1456
-649
504
1616
2322
2417
1921
1068
207
-331
-370
49
685
1186
1235
674
-427
-1789
-3018
-3750
-3783
-3149
-2099
-1007
-234
8
-268
-844
-1381
-1559
-1208
-375
683
1604
2047
1833
1010
-150
-1261
-1949
-1995
-1407
-417
618
1347
1561
1270
690
159
0
383
1263
2381
3360
3843
3628
2745
1445
114
-871
-1278
-1093
-524
88
409
240
-403
-1296
-2091
-2454
-2199
-1363
-203
897
1567
1578
934
-135
-1265
-2085
-2359
-2068
-1412
-723
-332
-436
-1017
-1846
-2566
-2831
-2438
-1412
0
1412
2438
2831
2566
1846
1017
436
332
723
1412
2068
2359
2085
1265
135
-934
-1578
-1567
-897
203
1363
2199
2454
2091
1296
403
-240
-409
-88
524
1093
1278
871
-114
-1445
-2745
-3628
-3843
-3360
-2381
-1263
-383
0
-159
-690
-1270
-1561
-1347
-618
417
1407
1995
1949
1261
150
-1010
-1833
-2047
-1604
-683
375
1208
1559
1381
844
268
-8
234
1007
2099
3149
3783
3750
3018
1789
427
-674
-1235
-1186
-685
-49
370
331
-207
-1068
-1921
-2417
-2322
-1616
-504
649
1456
1641
1148
152
-999
-1926
-2347
-2186
-1594
-879
-388
-360
-836
-1634
-2417
-2822
-2601
-1718
-369
1081
2235
2798
2686
2051
1213
542
308
587
1229
1927
2335
2209
1512
428
-694
-1473
-1635
-1117
-93
1090
2038
2451
2233
1518
616
-117
-416
-206
361
974
1282
1032
177
-1099
-2445
-3464
-3858
-3538
-2654
-1534
-563
-42
-74
-539
-1140
-1530
-1452
-840
147
1185
1902
2025
1485
449
-738
-1677
-2058
-1770
-941
118
1038
1523
1469
996
396
17
120
773
1814
2912
3681
3827
3259
2125
758
-441
-1153
-1250
-837
-200
302
390
-32
-839
-1729
-2343
-2407
-1842
-801
379
1305
1660
1329
431
-718
-1733
-2297
-2276
-1767
-1050
-474
-318
-677
-1421
-2243
-2773
-2721
-1994
-732
732
1994
2721
2773
2243
1421
677
318
474
1050
1767
2276
2297
1733
718
-431
-1329
-1660
-1305
-379
801
1842
2407
2343
1729
839
32
-390
-302
200
837
1250
1153
441
-758
-2125
-3259
-3827
-3681
-2912
-1814
-773
-120
-17
-396
-996
-1469
-1523
-1038
-118
941
1770
2058
1677
738
-449
-1485
-2025
-1902
-1185
-147
840
1452
1530
1140
539
74
42
563
1534
2654
3538
3858
3464
2445
1099
-177
-1032
-1282
-974
-361
206
416
117
-616
-1518
-2233
-2451
-2038
-1090
93
1117
1635
1473
694
-428
-1512
-2209
-2335
-1927
-1229
-587
-308
-542
-1213
-2051
-2686
-2798
-2235
-1081
369
1718
2601
2822
2417
1634
836
360
388
879
1594
2186
2347
1926
999
-152
-1148
-1641
-1456
-649
504
1616
2322
2417
1921
1068
207
-331
-370
49
685
1186
1235
674
-427
-1789
-3018
-3750
-3783
-3149
-2099
-1007
-234
8
-268
-844
-1381
-1559
-1208
-375
683
1604
2047
1833
1010
-150
-1261
-1949
-1995
-1407
-417
618
1347
1561
1270
690
159
0
383
1263
2381
3360
3843
3628
2745
1445
114
-871
-1278
-1093
-524
88
409
240
-403
-1296
-2091
-2454
-2199
-1363
-203
897
1567
1578
934
-135
-1265
-2085
-2359
-2068
-1412
-723
-332
-436
-1017
-1846
-2566
-2831
-2438
-1412
0
1412
2438
2831
2566
1846
1017
436
332
723
1412
2068
2359
2085
1265
135
-934
-1578
-1567
-897
203
1363
2199
2454
2091
1296
403
-240
-409
-88
524
1093
1278
871
-114
-1445
-2745
-3628
-3843
-3360
-2381
-1263
-383
0
-159
-690
-1270
-1561
-1347
-618
417
1407
1995
1949
1261
150
-1010
-1833
-2047
-1604
-683
375
1208
1559
1381
844
268
-8
234
1007
2099
3149
3783
3750
3018
1789
427
-674
-1235
-1186
-685
-49
370
331
-207
-1068
-1921
-2417
-2322
-1616
-504
649
1456
1641
1148
152
-999
-1926
-2347
-2186
-1594
-879
-388
-360
-836
-1634
-2417
-2822
-2601
-1718
-369
1081
2235
2798
2686
2051
1213
542
308
587
1229
1927
2335
2209
1512
428
-694
-1473
-1635
-1117
-93
1090
2038
2451
2233
1518
616
-117
-416
-206
361
974
1282
1032
177
-1099
-2445
-3464
-3858
-3538
-2654
-1534
-563
-42
-74
-539
-1140
-1530
-1452
-840
147
1185
1902
2025
1485
449
-738
-1677
-2058
-1770
-941
118
1038
1523
1469
996
396
17
120
773
1814
2912
3681
3827
3259
2125
758
-441
-1153
-1250
-837
-200
302
390
-32
-839
-1729
-2343
-2407
-1842
-801
379
1305
1660
1329
431
-718
-1733
-2297
-2276
-1767
-1050
-474
-318
-677
-1421
-2243
-2773
-2721
-1994
-732
732
1994
2721
2773
2243
1421
677
318
474
1050
1767
2276
2297
1733
718
-431
-1329
-1660
-1305
-379
801
1842
2407
2343
1729
839
32
-390
-302
200
837
1250
1153
441
-758
-2125
-3259
-3827
-3681
-2912
-1814
-773
-120
-17
-396
-996
-1469
-1523
-1038
-118
941
1770
2058
1677
738
-449
-1485
-2025
-1902
-1185
-147
840
1452
1530
1140
539
74
42
563
1534
2654
3538
3858
3464
2445
1099
-177
-1032
-1282
-974
-361
206
416
117
-616
-1518
-2233
-2451
-2038
-1090
93
1117
1635
1473
694
-428
-1512
-2209
-2335
-1927
-1229
-587
-308
-542
-1213
-2051
-2686
-2798
-2235
-1081
369
1718
2601
2822
2417
1634
836
360
388
879
1594
2186
2347
1926
999
-152
-1148
-1641
-1456
-649
504
1616
2322
2417
1921
1068
207
-331
-370
49
685
1186
1235
674
-427
-1789
-3018
-3750
-3783
-3149
-2099
-1007
-234
8
-268
-844
-1381
-1559
-1208
-375
683
1604
2047
1833
1010
-150
-1261
-1949
-1995
-1407
-417
618
1347
1561
1270
690
159
0
383
1263
2381
3360
3843
3628
2745
1445
114
-871
-1278
-1093
-524
88
409
240
-403
-1296
-2091
-2454
-2199
-1363
-203
897
1567
1578
934
-135
-1265
-2085
-2359
-2068
-1412
-723
-332
-436
-1017
-1846
-2566
-2831
-2438
-1412
0
1412
2438
2831
2566
1846
1017
436
332
723
1412
2068
2359
2085
1265
135
-934
-1578
-1567
-897
203
1363
2199
2454
2091
1296
403
-240
-409
-88
524
1093
1278
871
-114
-1445
-2745
-3628
-3843
-3360
-2381
-1263
-383
0
-159
-690
-1270
-1561
-1347
-618
417
1407
1995
1949
1261
150
-1010
-1833
-2047
-1604
-683
375
1208
1559
1381
844
268
-8
234
1007
2099
3149
3783
3750
3018
1789
427
-674
-1235
-1186
-685
-49
370
331
-207
-1068
-1921
-2417
-2322
-1616
-504
649
1456
1641
1148
152
-999
-1926
-2347
-2186
-1594
-879
-388
-360
-836
-1634
-2417
-2822
-2601
-1718
-369
1081
2235
2798
2686
2051
1213
542
308
587
1229
1927
2335
2209
1512
428
-694
-1473
-1635
-1117
-93
1090
2038
2451
2233
1518
616
-117
-416
-206
361
974
1282
1032
177
-1099
-2445
-3464
-3858
-3538
-2654
-1534
-563
-42
-74
-539
-1140
-1530
-1452
-840
147
1185
1902
2025
1485
449
-738
-1677
-2058
-1770
-941
118
1038
1523
1469
996
396
17
120
773
1814
2912
3681
3827
3259
2125
758
-441
-1153
-1250
-837
-200
302
390
-32
-839
-1729
-2343
-2407
-1842
-801
379
1305
1660
1329
431
-718
-1733
-2297
-2276
-1767
-1050
-474
-318
-677
-1421
-2243
-2773
-2721
-1994
-732
732
1994
2721
2773
2243
1421
677
318
474
1050
1767
2276
2297
1733
718
-431
-1329
-1660
-1305
-379
801
1842
2407
2343
1729
839
32
-390
-302
200
837
1250
1153
441
-758
-2125
-3259
-3827
-3681
-2912
-1814
-773
-120
-17
-396
-996
-1469
-1523
-1038
-118
941
1770
2058
1677
738
-449
-1485
-2025
-1902
-1185
-147
840
1452
1530
1140
539
74
42
563
1534
2654
3538
3858
3464
2445
1099
-177
-1032
-1282
-974
-361
206
416
117
-616
-1518
-2233
-2451
-2038
-1090
93
1117
1635
1473
694
-428
-1512
-2209
-2335
-1927
-1229
-587
-308
-542
-1213
-2051
-2686
-2798
-2235
-1081
369
1718
2601
2822
2417
1634
836
360
388
879
1594
2186
2347
1926
999
-152
-1148
-1641
-1456
-649
504
1616
2322
2417
1921
1068
207
-331
-370
49
685
1186
1235
674
-427
-1789
-3018
-3750
-3783
-3149
-2099
-1007
-234
8
-268
-844
-1381
-1559
-1208
-375
683
1604
2047
1833
1010
-150
-1261
-1949
-1995
-1407
-417
618
1347
1561
1270
690
159
0
383
1263
2381
3360
3843
3628
2745
1445
114
-871
-1278
-1093
-524
88
409
240
-403
-1296
-2091
-2454
-2199
-1363
-203
897
1567
1578
934
-135
-1265
-2085
-2359
-2068
-1412
-723
-332
-436
-1017
-1846
-2566
-2831
-2438
-1412
0
1412
2438
2831
2566
1846
1017
436
332
723
1412
2068
2359
2085
1265
135
-934
-1578
-1567
-897
203
1363
2199
2454
2091
1296
403
-240
-409
-88
524
1093
1278
871
-114
-1445
-2745
-3628
-3843
-3360
-2381
-1263
-383
0
-159
-690
-1270
-1561
-1347
-618
417
1407
1995
1949
1261
150
-1010
-1833
-2047
-1604
-683
375
1208
1559
1381
844
268
-8
234
1007
2099
3149
3783
3750
3018
1789
427
-674
-1235
-1186
-685
-49
370
331
-207
-1068
-1921
-2417
-2322
-1616
-504
649
1456
1641
1148
152
-999
-1926
-2347
-2186
-1594
-879
-388
-360
-836
-1634
-2417
-2822
-2601
-1718
-369
1081
2235
2798
2686
2051
1213
542
308
587
1229
1927
2335
2209
1512
428
-694
-1473
-1635
-1117
-93
1090
2038
2451
2233
1518
616
-117
-416
-206
361
974
1282
1032
177
-1099
-2445
-3464
-3858
-3538
-2654
-1534
-563
-42
-74
-539
-1140
-1530
-1452
-840
147
1185
1902
2025
1485
449
-738
-1677
-2058
-1770
-941
118
1038
1523
1469
996
396
17
120
773
1814
2912
3681
3827
3259
2125
758
-441
-1153
-1250
-837
-200
302
390
-32
-839
-1729
-2343
-2407
-1842
-801
379
1305
1660
1329
431
-718
-1733
-2297
-2276
-1767
-1050
-474
-318
-677
-1421
-2243
-2773
-2721
-1994
-732
732
1994
2721
2773
2243
1421
677
318
474
1050
1767
2276
2297
1733
718
-431
-1329
-1660
-1305
-379
801
1842
2407
2343
1729
839
32
-390
-302
200
837
1250
1153
441
-758
-2125
-3259
-3827
-3681
-2912
-1814
-773
-120
-17
-396
-996
-1469
-1523
-1038
-118
941
1770
2058
1677
738
-449
-1485
-2025
-1902
-1185
-147
840
1452
1530
1140
539
74
42
563
1534
2654
3538
3858
3464
2445
1099
-177
-1032
-1282
-974
-361
206
416
117
-616
-1518
-2233
-2451
-2038
-1090
93
1117
1635
1473
694
-428
-1512
-2209
-2335
-1927
-1229
-587
-308
-542
-1213
-2051
-2686
-2798
-2235
-1081
369
1718
2601
2822
2417
1634
836
360
388
879
1594
2186
2347
1926
999
-152
-1148
-1641
-1456
-649
504
1616
2322
2417
1921
1068
207
-331
-370
49
685
1186
1235
674
-427
-1789
-3018
-3750
-3783
-3149
-2099
-1007
-234
8
-268
-844
-1381
-1559
-1208
-375
683
1604
2047
1833
1010
-150
-1261
-1949
-1995
-1407
-417
618
1347
1561
1270
690
159
0
383
1263
2381
3360
3843
3628
2745
1445
114
-871
-1278
-1093
-524
88
409
240
-403
-1296
-2091
-2454
-2199
-1363
-203
897
1567
1578
934
-135
-1265
-2085
-2359
-2068
-1412
-723
-332
-436
-1017
-1846
-2566
-2831
-2438
-1412
0
1412
2438
2831
2566
1846
1017
436
332
723
1412
2068
2359
2085
1265
135
-934
-1578
-1567
-897
203
1363
2199
2454
2091
1296
403
-240
-409
-88
524
1093
1278
871
-114
-1445
-2745
-3628
-3843
-3360
-2381
-1263
-383
0
-159
-690
-1270
-1561
-1347
-618
417
1407
1995
1949
1261
150
-1010
-1833
-2047
-1604
-683
375
1208
1559
1381
844
268
-8
234
1007
2099
3149
3783
3750
3018
1789
427
-674
-1235
-1186
-685
-49
370
331
-207
-1068
-1921
-2417
-2322
-1616
-504
649
1456
1641
1148
152
-999
-1926
-2347
-2186
-1594
-879
-388
-360
-836
-1634
-2417
-2822
-2601
-1718
-369
1081
2235
2798
2686
2051
1213
542
308
587
1229
1927
2335
2209
1512
428
-694
-1473
-1635
-1117
-93
1090
2038
2451
2233
1518
616
-117
-416
-206
361
974
1282
1032
177
-1099
-2445
-3464
-3858
-3538
-2654
-1534
-563
-42
-74
-539
-1140
-1530
-1452
-840
147
1185
1902
2025
1485
449
-738
-1677
-2058
-1770
-941
118
1038
1523
1469
996
396
17
120
773
1814
2912
3681
3827
3259
2125
758
-441
-1153
-1250
-837
-200
302
390
-32
-839
-1729
-2343
-2407
-1842
-801
379
1305
1660
1329
431
-718
-1733
-2297
-2276
-1767
-1050
-474
-318
-677
-1421
-2243
-2773
-2721
-1994
-732
732
1994
2721
2773
2243
1421
677
318
474
1050
1767
2276
2297
1733
718
-431
-1329
-1660
-1305
-379
801
1842
2407
2343
1729
839
32
-390
-302
200
837
1250
1153
441
-758
-2125
-3259
-3827
-3681
-2912
-1814
-773
-120
-17
-396
-996
-1469
-1523
-1038
-118
941
1770
2058
1677
738
-449
-1485
-2025
-1902
-1185
-147
840
1452
1530
1140
539
74
42
563
1534
2654
3538
3858
3464
2445
1099
-177
-1032
-1282
-974
-361
206
416
117
-616
-1518
-2233
-2451
-2038
-1090
93
1117
1635
1473
694
-428
-1512
-2209
-2335
-1927
-1229
-587
-308
-542
-1213
-2051
-2686
-2798
-2235
-1081
369
1718
2601
2822
2417
1634
836
360
388
879
1594
2186
2347
1926
999
-152
-1148
-1641
-1456
-649
504
1616
2322
2417
1921
1068
207
-331
-370
49
685
1186
1235
674
-427
-1789
-3018
-3750
-3783
-3149
-2099
-1007
-234
8
-268
-844
-1381
-1559
-1208
-375
683
1604
2047
1833
1010
-150
-1261
-1949
-1995
-1407
-417
618
1347
1561
1270
690
159
0
383
1263
2381
3360
3843
3628
2745
1445
114
-871
-1278
-1093
-524
88
409
240
-403
-1296
-2091
-2454
-2199
-1363
-203
897
1567
1578
934
-135
-1265
-2085
-2359
-2068
-1412
-723
-332
-436
-1017
-1846
-2566
-2831
-2438
-1412
0
1412
2438
2831
2566
1846
1017
436
332
723
1412
2068
2359
2085
1265
135
-934
-1578
-1567
-897
203
1363
2199
2454
2091
1296
403
-240
-409
-88
524
1093
1278
871
-114
-1445
-2745
-3628
-3843
-3360
-2381
-1263
-383
0
-159
-690
-1270
-1561
-1347
-618
417
1407
1995
1949
1261
150
-1010
-1833
-2047
-1604
-683
375
1208
1559
1381
844
268
-8
234
1007
2099
3149
3783
3750
3018
1789
427
-674
-1235
-1186
-685
-49
370
331
-207
-1068
-1921
-2417
-2322
-1616
-504
649
1456
1641
1148
152
-999
-1926
-2347
-2186
-1594
-879
-388
-360
-836
-1634
-2417
-2822
-2601
-1718
-369
1081
2235
2798
2686
2051
1213
542
308
587
1229
1927
2335
2209
1512
428
-694
-1473
-1635
-1117
-93
1090
2038
2451
2233
1518
616
-117
-416
-206
361
974
1282
1032
177
-1099
-2445
-3464
-3858
-3538
-2654
-1534
-563
-42
-74
-539
-1140
-1530
-1452
-840
147
1185
1902
2025
1485
449
-738
-1677
-2058
-1770
-941
118
1038
1523
1469
996
396
17
120
773
1814
2912
3681
3827
3259
2125
758
-441
-1153
-1250
-837
-200
302
390
-32
-839
-1729
-2343
-2407
-1842
-801
379
1305
1660
1329
431
-718
-1733
-2297
-2276
-1767
-1050
-474
-318
-677
-1421
-2243
-2773
-2721
-1994
-732
732
1994
2721
2773
2243
1421
677
318
474
1050
1767
2276
2297
1733
718
-431
-1329
-1660
-1305
-379
801
1842
2407
2343
1729
839
32
-390
-302
200
837
1250
1153
441
-758
-2125
-3259
-3827
-3681
-2912
-1814
-773
-120
-17
-396
-996
-1469
-1523
-1038
-118
941
1770
2058
1677
738
-449
-1485
-2025
-1902
-1185
-147
840
1452
1530
1140
539
74
42
563
1534
2654
3538
3858
3464
2445
1099
-177
-1032
-1282
-974
-361
206
416
117
-616
-1518
-2233
-2451
-2038
-1090
93
1117
1635
1473
694
-428
-1512
-2209
-2335
-1927
-1229
-587
-308
-542
-1213
-2051
-2686
-2798
-2235
-1081
369
1718
2601
2822
2417
1634
836
360
388
879
1594
2186
2347
1926
999
-152
-1148
-1641
-1456
-649
504
1616
2322
2417
1921
1068
207
-331
-370
49
685
1186
1235
674
-427
-1789
-3018
-3750
-3783
-3149
-2099
-1007
-234
8
-268
-844
-1381
-1559
-1208
-375
683
1604
2047
1833
1010
-150
-1261
-1949
-1995
-1407
-417
618
1347
1561
1270
690
159
0
383
1263
2381
3360
3843
3628
2745
1445
114
-871
-1278
-1093
-524
88
409
240
-403
-1296
-2091
-2454
-2199
-1363
-203
897
1567
1578
934
-135
-1265
-2085
-2359
-2068
-1412
-723
-332
-436
-1017
-1846
-2566
-2831
-2438
-1412
0
1412
2438
2831
2566
1846
1017
436
332
723
1412
2068
2359
2085
1265
135
-934
-1578
-1567
-897
203
1363
2199
2454
2091
1296
403
-240
-409
-88
524
1093
1278
871
-114
-1445
-2745
-3628
-3843
-3360
-2381
-1263
-383
0
-159
-690
-1270
-1561
-1347
-618
417
1407
1995
1949
1261
150
-1010
-1833
-2047
-1604
-683
375
1208
1559
1381
844
268
-8
234
1007
2099
3149
3783
3750
3018
1789
427
-674
-1235
-1186
-685
-49
370
331
-207
-1068
-1921
-2417
-2322
-1616
-504
649
1456
1641
1148
152
-999
-1926
-2347
-2186
-1594
-879
-388
-360
-836
-1634
-2417
-2822
-2601
-1718
-369
1081
2235
2798
2686
2051
1213
542
308
587
1229
1927
2335
2209
1512
428
-694
-1473
-1635
-1117
-93
1090
2038
2451
2233
1518
616
-117
-416
-206
361
974
1282
1032
177
-1099
-2445
-3464
-3858
-3538
-2654
-1534
-563
-42
-74
-539
-1140
-1530
-1452
-840
147
1185
1902
2025
1485
449
-738
-1677
-2058
-1770
-941
118
1038
1523
1469
996
396
17
120
773
1814
2912
3681
3827
3259
2125
758
-441
-1153
-1250
-837
-200
302
390
-32
-839
-1729
-2343
-2407
-1842
-801
379
1305
1660
1329
431
-718
-1733
-2297
-2276
-1767
-1050
-474
-318
-677
-1421
-2243
-2773
-2721
-1994
-732
732
1994
2721
2773
2243
1421
677
318
474
1050
1767
2276
2297
1733
718
-431
-1329
-1660
-1305
-379
801
1842
2407
2343
1729
839
32
-390
-302
200
837
1250
1153
441
-758
-2125
-3259
-3827
-3681
-2912
-1814
-773
-120
-17
-396
-996
-1469
-1523
-1038
-118
941
1770
2058
1677
738
-449
-1485
-2025
-1902
-1185
-147
840
1452
1530
1140
539
74
42
563
1534
2654
3538
3858
3464
2445
1099
-177
-1032
-1282
-974
-361
206
416
117
-616
-1518
-2233
-2451
-2038
-1090
93
1117
1635
1473
694
-428
-1512
-2209
-2335
-1927
-1229
-587
-308
-542
-1213
-2051
-2686
-2798
-2235
-1081
369
1718
2601
2822
2417
1634
836
360
388
879
1594
2186
2347
1926
999
-152
-1148
-1641
-1456
-649
504
1616
2322
2417
1921
1068
207
-331
-370
49
685
1186
1235
674
-427
-1789
-3018
-3750
-3783
-3149
-2099
-1007
-234
8
-268
-844
-1381
-1559
-1208
-375
683
1604
2047
1833
1010
-150
-1261
-1949
-1995
-1407
-417
618
1347
1561
1270
690
159
0
383
1263
2381
3360
3843
3628
2745
1445
114
-871
-1278
-1093
-524
88
409
240
-403
-1296
-2091
-2454
-2199
-1363
-203
897
1567
1578
934
-135
-1265
-2085
-2359
-2068
-1412
-723
-332
-436
-1017
-1846
-2566
-2831
-2438
-1412
0
1412
2438
2831
2566
1846
1017
436
332
723
1412
2068
2359
2085
1265
135
-934
-1578
-1567
-897
203
1363
2199
2454
2091
1296
403
-240
-409
-88
524
1093
1278
871
-114
-1445
-2745
-3628
-3843
-3360
-2381
-1263
-383
0
-159
-690
-1270
-1561
-1347
-618
417
1407
1995
1949
1261
150
-1010
-1833
-2047
-1604
-683
375
1208
1559
1381
844
268
-8
234
1007
2099
3149
3783
3750
3018
1789
427
-674
-1235
-1186
-685
-49
370
331
-207
-1068
-1921
-2417
-2322
-1616
-504
649
1456
1641
1148
152
-999
-1926
-2347
-2186
-1594
-879
-388
-360
-836
-1634
-2417
-2822
-2601
-1718
-369
1081
2235
2798
2686
2051
1213
542
308
587
1229
1927
2335
2209
1512
428
-694
-1473
-1635
-1117
-93
1090
2038
2451
2233
1518
616
-117
-416
-206
361
974
1282
1032
177
-1099
-2445
-3464
-3858
-3538
-2654
-1534
-563
-42
-74
-539
-1140
-1530
-1452
-840
147
1185
1902
2025
1485
449
-738
-1677
-2058
-1770
-941
118
1038
1523
1469
996
396
17
120
773
1814
2912
3681
3827
3259
2125
758
-441
-1153
-1250
-837
-200
302
390
-32
-839
-1729
-2343
-2407
-1842
-801
379
1305
1660
1329
431
-718
-1733
-2297
-2276
-1767
-1050
-474
-318
-677
-1421
-2243
-2773
-2721
-1994
-732
732
1994
2721
2773
2243
1421
677
318
474
1050
1767
2276
2297
1733
718
-431
-1329
-1660
-1305
-379
801
1842
2407
2343
1729
839
32
-390
-302
200
837
1250
1153
441
-758
-2125
-3259
-3827
-3681
-2912
-1814
-773
-120
-17
-396
-996
-1469
-1523
-1038
-118
941
1770
2058
1677
738
-449
-1485
-2025
-1902
-1185
-147
840
1452
1530
1140
539
74
42
563
1534
2654
3538
3858
3464
2445
1099
-177
-1032
-1282
-974
-361
206
416
117
-616
-1518
-2233
-2451
-2038
-1090
93
1117
1635
1473
694
-428
-1512
-2209
-2335
-1927
-1229
-587
-308
-542
-1213
-2051
-2686
-2798
-2235
-1081
369
1718
2601
2822
2417
1634
836
360
388
879
1594
2186
2347
1926
999
-152
-1148
-1641
-1456
-649
504
1616
2322
2417
1921
1068
207
-331
-370
49
685
1186
1235
674
-427
-1789
-3018
-3750
-3783
-3149
-2099
-1007
-234
8
-268
-844
-1381
-1559
-1208
-375
683
1604
2047
1833
1010
-150
-1261
-1949
-1995
-1407
-417
618
1347
1561
1270
690
159
0
383
1263
2381
3360
3843
3628
2745
1445
114
-871
-1278
-1093
-524
88
409
240
-403
-1296
-2091
-2454
-2199
-1363
-203
897
1567
1578
934
-135
-1265
-2085
-2359
-2068
-1412
-723
-332
-436
-1017
-1846
-2566
-2831
-2438
-1412
0
1412
2438
2831
2566
1846
1017
436
332
723
1412
2068
2359
2085
1265
135
-934
-1578
-1567
-897
203
1363
2199
2454
2091
1296
403
-240
-409
-88
524
1093
1278
871
-114
-1445
-2745
-3628
-3843
-3360
-2381
-1263
-383
0
-159
-690
-1270
-1561
-1347
-618
417
1407
1995
1949
1261
150
-1010
-1833
-2047
-1604
-683
375
1208
1559
1381
844
268
-8
234
1007
2099
3149
3783
3750
3018
1789
427
-674
-1235
-1186
-685
-49
370
331
-207
-1068
-1921
-2417
-2322
-1616
-504
649
1456
1641
1148
152
-999
-1926
-2347
-2186
-1594
-879
-388
-360
-836
-1634
-2417
-2822
-2601
-1718
-369
1081
2235
2798
2686
2051
1213
542
308
587
1229
1927
2335
2209
1512
428
-694
-1473
-1635
-1117
-93
1090
2038
2451
2233
1518
616
-117
-416
-206
361
974
1282
1032
177
-1099
-2445
-3464
-3858
-3538
-2654
-1534
-563
-42
-74
-539
-1140
-1530
-1452
-840
147
1185
1902
2025
1485
449
-738
-1677
-2058
-1770
-941
118
1038
1523
1469
996
396
17
120
773
1814
2912
3681
3827
3259
2125
758
-441
-1153
-1250
-837
-200
302
390
-32
-839
-1729
-2343
-2407
-1842
-801
379
1305
1660
1329
431
-718
-1733
-2297
-2276
-1767
-1050
-474
-318
-677
-1421
-2243
-2773
-2721
-1994
-732
732
1994
2721
2773
2243
1421
677
318
474
1050
1767
2276
2297
1733
718
-431
-1329
-1660
-1305
-379
801
1842
2407
2343
1729
839
32
-390
-302
200
837
1250
1153
441
-758
-2125
-3259
-3827
-3681
-2912
-1814
-773
-120
-17
-396
-996
-1469
-1523
-1038
-118
941
1770
2058
1677
738
-449
-1485
-2025
-1902
-1185
-147
840
1452
1530
1140
539
74
42
563
1534
2654
3538
3858
3464
2445
1099
-177
-1032
-1282
-974
-361
206
416
117
-616
-1518
-2233
-2451
-2038
-1090
93
1117
1635
1473
694
-428
-1512
-2209
-2335
-1927
-1229
-587
-308
-542
-1213
-2051
-2686
-2798
-2235
-1081
369
1718
2601
2822
2417
1634
836
360
388
879
1594
2186
2347
1926
999
-152
-1148
-1641
-1456
-649
504
1616
2322
2417
1921
1068
207
-331
-370
49
685
1186
1235
674
-427
-1789
-3018
-3750
-3783
-3149
-2099
-1007
-234
8
-268
-844
-1381
-1559
-1208
-375
683
1604
2047
1833
1010
-150
-1261
-1949
-1995
-1407
-417
618
1347
1561
1270
690
159
0
383
1263
2381
3360
3843
3628
2745
1445
114
-871
-1278
-1093
-524
88
409
240
-403
-1296
-2091
-2454
-2199
-1363
-203
897
1567
1578
934
-135
-1265
-2085
-2359
-2068
-1412
-723
-332
-436
-1017
-1846
-2566
-2831
-2438
-1412
0
1412
2438
2831
2566
1846
1017
436
332
723
1412
2068
2359
2085
1265
135
-934
-1578
-1567
-897
203
1363
2199
2454
2091
1296
403
-240
-409
-88
524
1093
1278
871
-114
-1445
-2745
-3628
-3843
-3360
-2381
-1263
-383
0
-159
-690
-1270
-1561
-1347
-618
417
1407
1995
1949
1261
150
-1010
-1833
-2047
-1604
-683
375
1208
1559
1381
844
268
-8
234
1007
2099
3149
3783
3750
3018
1789
427
-674
-1235
-1186
-685
-49
370
331
-207
-1068
-1921
-2417
-2322
-1616
-504
649
1456
1641
1148
152
-999
-1926
-2347
-2186
-1594
-879
-388
-360
-836
-1634
-2417
-2822
-2601
-1718
-369
1081
2235
2798
2686
2051
1213
542
308
587
1229
1927
2335
2209
1512
428
-694
-1473
-1635
-1117
-93
1090
2038
2451
2233
1518
616
-117
-416
-206
361
974
1282
1032
177
-1099
-2445
-3464
-3858
-3538
-2654
-1534
-563
-42
-74
-539
-1140
-1530
-1452
-840
147
1185
1902
2025
1485
449
-738
-1677
-2058
-1770
-941
118
1038
1523
1469
996
396
17
120
773
1814
2912
3681
3827
3259
2125
758
-441
-1153
-1250
-837
-200
302
390
-32
-839
-1729
-2343
-2407
-1842
-801
379
1305
1660
1329
431
-718
-1733
-2297
-2276
-1767
-1050
-474
-318
-677
-1421
-2243
-2773
-2721
-1994
-732
732
1994
2721
2773
2243
1421
677
318
474
1050
1767
2276
2297
1733
718
-431
-1329
-1660
-1305
-379
801
1842
2407
2343
1729
839
32
-390
-302
200
837
1250
1153
441
-758
-2125
-3259
-3827
-3681
-2912
-1814
-773
-120
-17
-396
-996
-1469
-1523
-1038
-118
941
1770
2058
1677
738
-449
-1485
-2025
-1902
-1185
-147
840
1452
1530
1140
539
74
42
563
1534
2654
3538
3858
3464
2445
1099
-177
-1032
-1282
-974
-361
206
416
117
-616
-1518
-2233
-2451
-2038
-1090
93
1117
1635
1473
694
-428
-1512
-2209
-2335
-1927
-1229
-587
-308
-542
-1213
-2051
-2686
-2798
-2235
-1081
369
1718
2601
2822
2417
1634
836
360
388
879
1594
2186
2347
1926
999
-152
-1148
-1641
-1456
-649
504
1616
2322
2417
1921
1068
207
-331
-370
49
685
1186
1235
674
-427
-1789
-3018
-3750
-3783
-3149
-2099
-1007
-234
8
-268
-844
-1381
-1559
-1208
-375
683
1604
2047
1833
1010
-150
-1261
-1949
-1995
-1407
-417
618
1347
1561
1270
690
159
0
383
1263
2381
3360
3843
3628
2745
1445
114
-871
-1278
-1093
-524
88
409
240
-403
-1296
-2091
-2454
-2199
-1363
-203
897
1567
1578
934
-135
-1265
-2085
-2359
-2068
-1412
-723
-332
-436
-1017
-1846
-2566
-2831
-2438
-1412
0
1412
2438
2831
2566
1846
1017
436
332
723
1412
2068
2359
2085
1265
135
-934
-1578
-1567
-897
203
1363
2199
2454
2091
1296
403
-240
-409
-88
524
1093
1278
871
-114
-1445
-2745
-3628
-3843
-3360
-2381
-1263
-383
0
-159
-690
-1270
-1561
-1347
-618
417
1407
1995
1949
1261
150
-1010
-1833
-2047
-1604
-683
375
1208
1559
1381
844
268
-8
234
1007
2099
3149
3783
3750
3018
1789
427
-674
-1235
-1186
-685
-49
370
331
-207
-1068
-1921
-2417
-2322
-1616
-504
649
1456
1641
1148
152
-999
-1926
-2347
-2186
-1594
-879
-388
-360
-836
-1634
-2417
-2822
-2601
-1718
-369
1081
2235
2798
2686
2051
1213
542
308
587
1229
1927
2335
2209
1512
428
-694
-1473
-1635
-1117
-93
1090
2038
2451
2233
1518
616
-117
-416
-206
361
974
1282
1032
177
-1099
-2445
-3464
-3858
-3538
-2654
-1534
-563
-42
-74
-539
-1140
-1530
-1452
-840
147
1185
1902
2025
1485
449
-738
-1677
-2058
-1770
-941
118
1038
1523
1469
996
396
17
120
773
1814
2912
3681
3827
3259
2125
758
-441
-1153
-1250
-837
-200
302
390
-32
-839
-1729
-2343
-2407
-1842
-801
379
1305
1660
1329
431
-718
-1733
-2297
-2276
-1767
-1050
-474
-318
-677
-1421
-2243
-2773
-2721
-1994
-732
732
1994
2721
2773
2243
1421
677
318
474
1050
1767
2276
2297
1733
718
-431
-1329
-1660
-1305
-379
801
1842
2407
2343
1729
839
32
-390
-302
200
837
1250
1153
441
-758
-2125
-3259
-3827
-3681
-2912
-1814
-773
-120
-17
-396
-996
-1469
-1523
-1038
-118
941
1770
2058
1677
738
-449
-1485
-2025
-1902
-1185
-147
840
1452
1530
1140
539
74
42
563
1534
2654
3538
3858
3464
2445
1099
-177
-1032
-1282
-974
-361
206
416
117
-616
-1518
-2233
-2451
-2038
-1090
93
1117
1635
1473
694
-428
-1512
-2209
-2335
-1927
-1229
-587
-308
-542
-1213
-2051
-2686
-2798
-2235
-1081
369
1718
2601
2822
2417
1634
836
360
388
879
1594
2186
2347
1926
999
-152
-1148
-1641
-1456
-649
504
1616
2322
2417
1921
1068
207
-331
-370
49
685
1186
1235
674
-427
-1789
-3018
-3750
-3783
-3149
-2099
-1007
-234
8
-268
-844
-1381
-1559
-1208
-375
683
1604
2047
1833
1010
-150
-1261
-1949
-1995
-1407
-417
618
1347
1561
1270
690
159
0
383
1263
2381
3360
3843
3628
2745
1445
114
-871
-1278
-1093
-524
88
409
240
-403
-1296
-2091
-2454
-2199
-1363
-203
897
1567
1578
934
-135
-1265
-2085
-2359
-2068
-1412
-723
-332
-436
-1017
-1846
-2566
-2831
-2438
-1412
0
1412
2438
2831
2566
1846
1017
436
332
723
1412
2068
2359
2085
1265
135
-934
-1578
-1567
-897
203
1363
2199
2454
2091
1296
403
-240
-409
-88
524
1093
1278
871
-114
-1445
-2745
-3628
-3843
-3360
-2381
-1263
-383
0
-159
-690
-1270
-1561
-1347
-618
417
1407
1995
1949
1261
150
-1010
-1833
-2047
-1604
-683
375
1208
1559
1381
844
268
-8
234
1007
2099
3149
3783
3750
3018
1789
427
-674
-1235
-1186
-685
-49
370
331
-207
-1068
-1921
-2417
-2322
-1616
-504
649
1456
1641
1148
152
-999
-1926
-2347
-2186
-1594
-879
-388
-360
-836
-1634
-2417
-2822
-2601
-1718
-369
1081
2235
2798
2686
2051
1213
542
308
587
1229
1927
2335
2209
1512
428
-694
-1473
-1635
-1117
-93
1090
2038
2451
2233
1518
616
-117
-416
-206
361
974
1282
1032
177
-1099
-2445
-3464
-3858
-3538
-2654
-1534
-563
-42
-74
-539
-1140
-1530
-1452
-840
147
1185
1902
2025
1485
449
-738
-1677
-2058
-1770
-941
118
1038
1523
1469
996
396
17
120
773
1814
2912
3681
3827
3259
2125
758
-441
-1153
-1250
-837
-200
302
390
-32
-839
-1729
-2343
-2407
-1842
-801
379
1305
1660
1329
431
-718
-1733
-2297
-2276
-1767
-1050
-474
-318
-677
-1421
-2243
-2773
-2721
-1994
-732
732
1994
2721
2773
2243
1421
677
318
474
1050
1767
2276
2297
1733
718
-431
-1329
-1660
-1305
-379
801
1842
2407
2343
1729
839
32
-390
-302
200
837
1250
1153
441
-758
-2125
-3259
-3827
-3681
-2912
-1814
-773
-120
-17
-396
-996
-1469
-1523
-1038
-118
941
1770
2058
1677
738
-449
-1485
-2025
-1902
-1185
-147
840
1452
1530
1140
539
74
42
563
1534
2654
3538
3858
3464
2445
1099
-177
-1032
-1282
-974
-361
206
416
117
-616
-1518
-2233
-2451
-2038
-1090
93
1117
1635
1473
694
-428
-1512
-2209
-2335
-1927
-1229
-587
-308
-542
-1213
-2051
-2686
-2798
-2235
-1081
369
1718
2601
2822
2417
1634
836
360
388
879
1594
2186
2347
1926
999
-152
-1148
-1641
-1456
-649
504
1616
2322
2417
1921
1068
207
-331
-370
49
685
1186
1235
674
-427
-1789
-3018
-3750
-3783
-3149
-2099
-1007
-234
8
-268
-844
-1381
-1559
-1208
-375
683
1604
2047
1833
1010
-150
-1261
-1949
-1995
-1407
-417
618
1347
1561
1270
690
159
0
383
1263
2381
3360
3843
3628
2745
1445
114
-871
-1278
-1093
-524
88
409
240
-403
-1296
-2091
-2454
-2199
-1363
-203
897
1567
1578
934
-135
-1265
-2085
-2359
-2068
-1412
-723
-332
-436
-1017
-1846
-2566
-2831
-2438
-1412
0
1412
2438
2831
2566
1846
1017
436
332
723
1412
2068
2359
2085
1265
135
-934
-1578
-1567
-897
203
1363
2199
2454
2091
1296
403
-240
-409
-88
524
1093
1278
871
-114
-1445
-2745
-3628
-3843
-3360
-2381
-1263
-383
0
-159
-690
-1270
-1561
-1347
-618
417
1407
1995
1949
1261
150
-1010
-1833
-2047
-1604
-683
375
1208
1559
1381
844
268
-8
234
1007
2099
3149
3783
3750
3018
1789
427
-674
-1235
-1186
-685
-49
370
331
-207
-1068
-1921
-2417
-2322
-1616
-504
649
1456
1641
1148
152
-999
-1926
-2347
-2186
-1594
-879
-388
-360
-836
-1634
-2417
-2822
-2601
-1718
-369
1081
2235
2798
2686
2051
1213
542
308
587
1229
1927
2335
2209
1512
428
-694
-1473
-1635
-1117
-93
1090
2038
2451
2233
1518
616
-117
-416
-206
361
974
1282
1032
177
-1099
-2445
-3464
-3858
-3538
-2654
-1534
-563
-42
-74
-539
-1140
-1530
-1452
-840
147
1185
1902
2025
1485
449
-738
-1677
-2058
-1770
-941
118
1038
1523
1469
996
396
17
120
773
1814
2912
3681
3827
3259
2125
758
-441
-1153
-1250
-837
-200
302
390
-32
-839
-1729
-2343
-2407
-1842
-801
379
1305
1660
1329
431
-718
-1733
-2297
-2276
-1767
-1050
-474
-318
-677
-1421
-2243
-2773
-2721
-1994
-732
732
1994
2721
2773
2243
1421
677
318
474
1050
1767
2276
2297
1733
718
-431
-1329
-1660
-1305
-379
801
1842
2407
2343
1729
839
32
-390
-302
200
837
1250
1153
441
-758
-2125
-3259
-3827
-3681
-2912
-1814
-773
-120
-17
-396
-996
-1469
-1523
-1038
-118
941
1770
2058
1677
738
-449
-1485
-2025
-1902
-1185
-147
840
1452
1530
1140
539
74
42
563
1534
2654
3538
3858
3464
2445
1099
-177
-1032
-1282
-974
-361
206
416
117
-616
-1518
-2233
-2451
-2038
-1090
93
1117
1635
1473
694
-428
-1512
-2209
-2335
-1927
-1229
-587
-308
-542
-1213
-2051
-2686
-2798
-2235
-1081
369
1718
2601
2822
2417
1634
836
360
388
879
1594
2186
2347
1926
999
-152
-1148
-1641
-1456
-649
504
1616
2322
2417
1921
1068
207
-331
-370
49
685
1186
1235
674
-427
-1789
-3018
-3750
-3783
-3149
-2099
-1007
-234
8
-268
-844
-1381
-1559
-1208
-375
683
1604
2047
1833
1010
-150
-1261
-1949
-1995
-1407
-417
618
1347
1561
1270
690
159
0
383
1263
2381
3360
3843
3628
2745
1445
114
-871
-1278
-1093
-524
88
409
240
-403
-1296
-2091
-2454
-2199
-1363
-203
897
1567
1578
934
-135
-1265
-2085
-2359
-2068
-1412
-723
-332
-436
-1017
-1846
-2566
-2831
-2438
-1412
0
1412
2438
2831
2566
1846
1017
436
332
723
1412
2068
2359
2085
1265
135
-934
-1578
-1567
-897
203
1363
2199
2454
2091
1296
403
-240
-409
-88
524
1093
1278
871
-114
-1445
-2745
-3628
-3843
-3360
-2381
-1263
-383
0
-159
-690
-1270
-1561
-1347
-618
417
1407
1995
1949
1261
150
-1010
-1833
-2047
-1604
-683
375
1208
1559
1381
844
268
-8
234
1007
2099
3149
3783
3750
3018
1789
427
-674
-1235
-1186
-685
-49
370
331
-207
-1068
-1921
-2417
-2322
-1616
-504
649
1456
1641
1148
152
-999
-1926
-2347
-2186
-1594
-879
-388
-360
-836
-1634
-2417
-2822
-2601
-1718
-369
1081
2235
2798
2686
2051
1213
542
308
587
1229
1927
2335
2209
1512
428
-694
-1473
-1635
-1117
-93
1090
2038
2451
2233
1518
616
-117
-416
-206
361
974
1282
1032
177
-1099
-2445
-3464
-3858
-3538
-2654
-1534
-563
-42
-74
-539
-1140
-1530
-1452
-840
147
1185
1902
2025
1485
449
-738
-1677
-2058
-1770
-941
118
1038
1523
1469
996
396
17
120
773
1814
2912
3681
3827
3259
2125
758
-441
-1153
-1250
-837
-200
302
390
-32
-839
-1729
-2343
-2407
-1842
-801
379
1305
1660
1329
431
-718
-1733
-2297
-2276
-1767
-1050
-474
-318
-677
-1421
-2243
-2773
-2721
-1994
-732
732
1994
2721
2773
2243
1421
677
318
474
1050
1767
2276
2297
1733
718
-431
-1329
-1660
-1305
-379
801
1842
2407
2343
1729
839
32
-390
-302
200
837
1250
1153
441
-758
-2125
-3259
-3827
-3681
-2912
-1814
-773
-120
-17
-396
-996
-1469
-1523
-1038
-118
941
1770
2058
1677
738
-449
-1485
-2025
-1902
-1185
-147
840
1452
1530
1140
539
74
42
563
1534
2654
3538
3858
3464
2445
1099
-177
-1032
-1282
-974
-361
206
416
117
-616
-1518
-2233
-2451
-2038
-1090
93
1117
1635
1473
694
-428
-1512
-2209
-2335
-1927
-1229
-587
-308
-542
-1213
-2051
-2686
-2798
-2235
-1081
369
1718
2601
2822
2417
1634
836
360
388
879
1594
2186
2347
1926
999
-152
-1148
-1641
-1456
-649
504
1616
2322
2417
1921
1068
207
-331
-370
49
685
1186
1235
674
-427
-1789
-3018
-3750
-3783
-3149
-2099
-1007
-234
8
-268
-844
-1381
-1559
-1208
-375
683
1604
2047
1833
1010
-150
-1261
-1949
-1995
-1407
-417
618
1347
1561
1270
690
159
0
383
1263
2381
3360
3843
3628
2745
1445
114
-871
-1278
-1093
-524
88
409
240
-403
-1296
-2091
-2454
-2199
-1363
-203
897
1567
1578
934
-135
-1265
-2085
-2359
-2068
-1412
-723
-332
-436
-1017
-1846
-2566
-2831
-2438
-1412
0
1412
2438
2831
2566
1846
1017
436
332
723
1412
2068
2359
2085
1265
135
-934
-1578
-1567
-897
203
1363
2199
2454
2091
1296
403
-240
-409
-88
524
1093
1278
871
-114
-1445
-2745
-3628
-3843
-3360
-2381
-1263
-383
0
-159
-690
-1270
-1561
-1347
-618
417
1407
1995
1949
1261
150
-1010
-1833
-2047
-1604
-683
375
1208
1559
1381
844
268
-8
234
1007
2099
3149
3783
3750
3018
1789
427
-674
-1235
-1186
-685
-49
370
331
-207
-1068
-1921
-2417
-2322
-1616
-504
649
1456
1641
1148
152
-999
-1926
-2347
-2186
-1594
-879
-388
-360
-836
-1634
-2417
-2822
-2601
-1718
-369
1081
2235
2798
2686
2051
1213
542
308
587
1229
1927
2335
2209
1512
428
-694
-1473
-1635
-1117
-93
1090
2038
2451
2233
1518
616
-117
-416
-206
361
974
1282
1032
177
-1099
-2445
-3464
-3858
-3538
-2654
-1534
-563
-42
-74
-539
-1140
-1530
-1452
-840
147
1185
1902
2025
1485
449
-738
-1677
-2058
-1770
-941
118
1038
1523
1469
996
396
17
120
773
1814
2912
3681
3827
3259
2125
758
-441
-1153
-1250
-837
-200
302
390
-32
-839
-1729
-2343
-2407
-1842
-801
379
1305
1660
1329
431
-718
-1733
-2297
-2276
-1767
-1050
-474
-318
-677
-1421
-2243
-2773
-2721
-1994
-732
732
1994
2721
2773
2243
1421
677
318
474
1050
1767
2276
2297
1733
718
-431
-1329
-1660
-1305
-379
801
1842
2407
2343
1729
839
32
-390
-302
200
837
1250
1153
441
-758
-2125
-3259
-3827
-3681
-2912
-1814
-773
-120
-17
-396
-996
-1469
-1523
-1038
-118
941
1770
2058
1677
738
-449
-1485
-2025
-1902
-1185
-147
840
1452
1530
1140
539
74
42
563
1534
2654
3538
3858
3464
2445
1099
-177
-1032
-1282
-974
-361
206
416
117
-616
-1518
-2233
-2451
-2038
-1090
93
1117
1635
1473
694
-428
-1512
-2209
-2335
-1927
-1229
-587
-308
-542
-1213
-2051
-2686
-2798
-2235
-1081
369
1718
2601
2822
2417
1634
836
360
388
879
1594
2186
2347
1926
999
-152
-1148
-1641
-1456
-649
504
1616
2322
2417
1921
1068
207
-331
-370
49
685
1186
1235
674
-427
-1789
-3018
-3750
-3783
-3149
-2099
-1007
-234
8
-268
-844
-1381
-1559
-1208
-375
683
1604
2047
1833
1010
-150
-1261
-1949
-1995
-1407
-417
618
1347
1561
1270
690
159
0
383
1263
2381
3360
3843
3628
2745
1445
114
-871
-1278
-1093
-524
88
409
240
-403
-1296
-2091
-2454
-2199
-1363
-203
897
1567
1578
934
-135
-1265
-2085
-2359
-2068
-1412
-723
-332
-436
-1017
-1846
-2566
-2831
-2438
-1412
0
1412
2438
2831
2566
1846
1017
436
332
723
1412
2068
2359
2085
1265
135
-934
-1578
-1567
-897
203
1363
2199
2454
2091
1296
403
-240
-409
-88
524
1093
1278
871
-114
-1445
-2745
-3628
-3843
-3360
-2381
-1263
-383
0
-159
-690
-1270
-1561
-1347
-618
417
1407
1995
1949
1261
150
-1010
-1833
-2047
-1604
-683
375
1208
1559
1381
844
268
-8
234
1007
2099
3149
3783
3750
3018
1789
427
-674
-1235
-1186
-685
-49
370
331
-207
-1068
-1921
-2417
-2322
-1616
-504
649
1456
1641
1148
152
-999
-1926
-2347
-2186
-1594
-879
-388
-360
-836
-1634
-2417
-2822
-2601
-1718
-369
1081
2235
2798
2686
2051
1213
542
308
587
1229
1927
2335
2209
1512
428
-694
-1473
-1635
-1117
-93
1090
2038
2451
2233
1518
616
-117
-416
-206
361
974
1282
1032
177
-1099
-2445
-3464
-3858
-3538
-2654
-1534
-563
-42
-74
-539
-1140
-1530
-1452
-840
147
1185
1902
2025
1485
449
-738
-1677
-2058
-1770
-941
118
1038
1523
1469
996
396
17
120
773
1814
2912
3681
3827
3259
2125
758
-441
-1153
-1250
-837
-200
302
390
-32
-839
-1729
-2343
-2407
-1842
-801
379
1305
1660
1329
431
-718
-1733
-2297
-2276
-1767
-1050
-474
-318
-677
-1421
-2243
-2773
-2721
-1994
-732
732
1994
2721
2773
2243
1421
677
318
474
1050
1767
2276
2297
1733
718
-431
-1329
-1660
-1305
-379
801
1842
2407
2343
1729
839
32
-390
-302
200
837
1250
1153
441
-758
-2125
-3259
-3827
-3681
-2912
-1814
-773
-120
-17
-396
-996
-1469
-1523
-1038
-118
941
1770
2058
1677
738
-449
-1485
-2025
-1902
-1185
-147
840
1452
1530
1140
539
74
42
563
1534
2654
3538
3858
3464
2445
1099
-177
-1032
-1282
-974
-361
206
416
117
-616
-1518
-2233
-2451
-2038
-1090
93
1117
1635
1473
694
-428
-1512
-2209
-2335
-1927
-1229
-587
-308
-542
-1213
-2051
-2686
-2798
-2235
-1081
369
1718
2601
2822
2417
1634
836
360
388
879
1594
2186
2347
1926
999
-152
-1148
-1641
-1456
-649
504
1616
2322
2417
1921
1068
207
-331
-370
49
685
1186
1235
674
-427
-1789
-3018
-3750
-3783
-3149
-2099
-1007
-234
8
-268
-844
-1381
-1559
-1208
-375
683
1604
2047
1833
1010
-150
-1261
-1949
-1995
-1407
-417
618
1347
1561
1270
690
159
0
383
1263
2381
3360
3843
3628
2745
1445
114
-871
-1278
-1093
-524
88
409
240
-403
-1296
-2091
-2454
-2199
-1363
-203
897
1567
1578
934
-135
-1265
-2085
-2359
-2068
-1412
-723
-332
-436
-1017
-1846
-2566
-2831
-2438
-1412
0
1412
2438
2831
2566
1846
1017
436
332
723
1412
2068
2359
2085
1265
135
-934
-1578
-1567
-897
203
1363
2199
2454
2091
1296
403
-240
-409
-88
524
1093
1278
871
-114
-1445
-2745
-3628
-3843
-3360
-2381
-1263
-383
0
-159
-690
-1270
-1561
-1347
-618
417
1407
1995
1949
1261
150
-1010
-1833
-2047
-1604
-683
375
1208
1559
1381
844
268
-8
234
1007
2099
3149
3783
3750
3018
1789
427
-674
-1235
-1186
-685
-49
370
331
-207
-1068
-1921
-2417
-2322
-1616
-504
649
1456
1641
1148
152
-999
-1926
-2347
-2186
-1594
-879
-388
-360
-836
-1634
-2417
-2822
-2601
-1718
-369
1081
2235
2798
2686
2051
1213
542
308
587
1229
1927
2335
2209
1512
428
-694
-1473
-1635
-1117
-93
1090
2038
2451
2233
1518
616
-117
-416
-206
361
974
1282
1032
177
-1099
-2445
-3464
-3858
-3538
-2654
-1534
-563
-42
-74
-539
-1140
-1530
-1452
-840
147
1185
1902
2025
1485
449
-738
-1677
-2058
-1770
-941
118
1038
1523
1469
996
396
17
120
773
1814
2912
3681
3827
3259
2125
758
-441
-1153
-1250
-837
-200
302
390
-32
-839
-1729
-2343
-2407
-1842
-801
379
1305
1660
1329
431
-718
-1733
-2297
-2276
-1767
-1050
-474
-318
-677
-1421
-2243
-2773
-2721
-1994
-732
732
1994
2721
2773
2243
1421
677
318
474
1050
1767
2276
2297
1733
718
-431
-1329
-1660
-1305
-379
801
1842
2407
2343
1729
839
32
-390
-302
200
837
1250
1153
441
-758
-2125
-3259
-3827
-3681
-2912
-1814
-773
-120
-17
-396
-996
-1469
-1523
-1038
-118
941
1770
2058
1677
738
-449
-1485
-2025
-1902
-1185
-147
840
1452
1530
1140
539
74
42
563
1534
2654
3538
3858
3464
2445
1099
-177
-1032
-1282
-974
-361
206
416
117
-616
-1518
-2233
-2451
-2038
-1090
93
1117
1635
1473
694
-428
-1512
-2209
-2335
-1927
-1229
-587
-308
-542
-1213
-2051
-2686
-2798
-2235
-1081
369
1718
2601
2822
2417
1634
836
360
388
879
1594
2186
2347
1926
999
-152
-1148
-1641
-1456
-649
504
1616
2322
2417
1921
1068
207
-331
-370
49
685
1186
1235
674
-427
-1789
-3018
-3750
-3783
-3149
-2099
-1007
-234
8
-268
-844
-1381
-1559
-1208
-375
683
1604
2047
1833
1010
-150
-1261
-1949
-1995
-1407
-417
618
1347
1561
1270
690
159
0
383
1263
2381
3360
3843
3628
2745
1445
114
-871
-1278
-1093
-524
88
409
240
-403
-1296
-2091
-2454
-2199
-1363
-203
897
1567
1578
934
-135
-1265
-2085
-2359
-2068
-1412
-723
-332
-436
-1017
-1846
-2566
-2831
-2438
-1412
0
1412
2438
2831
2566
1846
1017
436
332
723
1412
2068
2359
2085
1265
135
-934
-1578
-1567
-897
203
1363
2199
2454
2091
1296
403
-240
-409
-88
524
1093
1278
871
-114
-1445
-2745
-3628
-3843
-3360
-2381
-1263
-383
0
-159
-690
-1270
-1561
-1347
-618
417
1407
1995
1949
1261
150
-1010
-1833
-2047
-1604
-683
375
1208
1559
1381
844
268
-8
234
1007
2099
3149
3783
3750
3018
1789
427
-674
-1235
-1186
-685
-49
370
331
-207
-1068
-1921
-2417
-2322
-1616
-504
649
1456
1641
1148
152
-999
-1926
-2347
-2186
-1594
-879
-388
-360
-836
-1634
-2417
-2822
-2601
-1718
-369
1081
2235
2798
2686
2051
1213
542
308
587
1229
1927
2335
2209
1512
428
-694
-1473
-1635
-1117
-93
1090
2038
2451
2233
1518
616
-117
-416
-206
361
974
1282
1032
177
-1099
-2445
-3464
-3858
-3538
-2654
-1534
-563
-42
-74
-539
-1140
-1530
-1452
-840
147
1185
1902
2025
1485
449
-738
-1677
-2058
-1770
-941
118
1038
1523
1469
996
396
17
120
773
1814
2912
3681
3827
3259
2125
758
-441
-1153
-1250
-837
-200
302
390
-32
-839
-1729
-2343
-2407
-1842
-801
379
1305
1660
1329
431
-718
-1733
-2297
-2276
-1767
-1050
-474
-318
-677
-1421
-2243
-2773
-2721
-1994
-732
732
1994
2721
2773
2243
1421
677
318
474
1050
1767
2276
2297
1733
718
-431
-1329
-1660
-1305
-379
801
1842
2407
2343
1729
839
32
-390
-302
200
837
1250
1153
441
-758
-2125
-3259
-3827
-3681
-2912
-1814
-773
-120
-17
-396
-996
-1469
-1523
-1038
-118
941
1770
2058
1677
738
-449
-1485
-2025
-1902
-1185
-147
840
1452
1530
1140
539
74
42
563
1534
2654
3538
3858
3464
2445
1099
-177
-1032
-1282
-974
-361
206
416
117
-616
-1518
-2233
-2451
-2038
-1090
93
1117
1635
1473
694
-428
-1512
-2209
-2335
-1927
-1229
-587
-308
-542
-1213
-2051
-2686
-2798
-2235
-1081
369
1718
2601
2822
2417
1634
836
360
388
879
1594
2186
2347
1926
999
-152
-1148
-1641
-1456
-649
504
1616
2322
2417
1921
1068
207
-331
-370
49
685
1186
1235
674
-427
-1789
-3018
-3750
-3783
-3149
-2099
-1007
-234
8
-268
-844
-1381
-1559
-1208
-375
683
1604
2047
1833
1010
-150
-1261
-1949
-1995
-1407
-417
618
1347
1561
1270
690
159
0
383
1263
2381
3360
3843
3628
2745
1445
114
-871
-1278
-1093
-524
88
409
240
-403
-1296
-2091
-2454
-2199
-1363
-203
897
1567
1578
934
-135
-1265
-2085
-2359
-2068
-1412
-723
-332
-436
-1017
-1846
-2566
-2831
-2438
-1412
0
1412
2438
2831
2566
1846
1017
436
332
723
1412
2068
2359
2085
1265
135
-934
-1578
-1567
-897
203
1363
2199
2454
2091
1296
403
-240
-409
-88
524
1093
1278
871
-114
-1445
-2745
-3628
-3843
-3360
-2381
-1263
-383
0
-159
-690
-1270
-1561
-1347
-618
417
1407
1995
1949
1261
150
-1010
-1833
-2047
-1604
-683
375
1208
1559
1381
844
268
-8
234
1007
2099
3149
3783
3750
3018
1789
427
-674
-1235
-1186
-685
-49
370
331
-207
-1068
-1921
-2417
-2322
-1616
-504
649
1456
1641
1148
152
-999
-1926
-2347
-2186
-1594
-879
-388
-360
-836
-1634
-2417
-2822
-2601
-1718
-369
1081
2235
2798
2686
2051
1213
542
308
587
1229
1927
2335
2209
1512
428
-694
-1473
-1635
-1117
-93
1090
2038
2451
2233
1518
616
-117
-416
-206
361
974
1282
1032
177
-1099
-2445
-3464
-3858
-3538
-2654
-1534
-563
-42
-74
-539
-1140
-1530
-1452
-840
147
1185
1902
2025
1485
449
-738
-1677
-2058
-1770
-941
118
1038
1523
1469
996
396
17
120
773
1814
2912
3681
3827
3259
2125
758
-441
-1153
-1250
-837
-200
302
390
-32
-839
-1729
-2343
-2407
-1842
-801
379
1305
1660
1329
431
-718
-1733
-2297
-2276
-1767
-1050
-474
-318
-677
-1421
-2243
-2773
-2721
-1994
-732
732
1994
2721
2773
2243
1421
677
318
474
1050
1767
2276
2297
1733
718
-431
-1329
-1660
-1305
-379
801
1842
2407
2343
1729
839
32
-390
-302
200
837
1250
1153
441
-758
-2125
-3259
-3827
-3681
-2912
-1814
-773
-120
-17
-396
-996
-1469
-1523
-1038
-118
941
1770
2058
1677
738
-449
-1485
-2025
-1902
-1185
-147
840
1452
1530
1140
539
74
42
563
1534
2654
3538
3858
3464
2445
1099
-177
-1032
-1282
-974
-361
206
416
117
-616
-1518
-2233
-2451
-2038
-1090
93
1117
1635
1473
694
-428
-1512
-2209
-2335
-1927
-1229
-587
-308
-542
-1213
-2051
-2686
-2798
-2235
-1081
369
1718
2601
2822
2417
1634
836
360
388
879
1594
2186
2347
1926
999
-152
-1148
-1641
-1456
-649
504
1616
2322
2417
1921
1068
207
-331
-370
49
685
1186
1235
674
-427
-1789
-3018
-3750
-3783
-3149
-2099
-1007
-234
8
-268
-844
-1381
-1559
-1208
-375
683
1604
2047
1833
1010
-150
-1261
-1949
-1995
-1407
-417
618
1347
1561
1270
690
159
0
383
1263
2381
3360
3843
3628
2745
1445
114
-871
-1278
-1093
-524
88
409
240
-403
-1296
-2091
-2454
-2199
-1363
-203
897
1567
1578
934
-135
-1265
-2085
-2359
-2068
-1412
-723
-332
-436
-1017
-1846
-2566
-2831
-2438
-1412
0
1412
2438
2831
2566
1846
1017
436
332
723
1412
2068
2359
2085
1265
135
-934
-1578
-1567
-897
203
1363
2199
2454
2091
1296
403
-240
-409
-88
524
1093
1278
871
-114
-1445
-2745
-3628
-3843
-3360
-2381
-1263
-383
0
-159
-690
-1270
-1561
-1347
-618
417
1407
1995
1949
1261
150
-1010
-1833
-2047
-1604
-683
375
1208
1559
1381
844
268
-8
234
1007
2099
3149
3783
3750
3018
1789
427
-674
-1235
-1186
-685
-49
370
331
-207
-1068
-1921
-2417
-2322
-1616
-504
649
1456
1641
1148
152
-999
-1926
-2347
-2186
-1594
-879
-388
-360
-836
-1634
-2417
-2822
-2601
-1718
-369
1081
2235
2798
2686
2051
1213
542
308
587
1229
1927
2335
2209
1512
428
-694
-1473
-1635
-1117
-93
1090
2038
2451
2233
1518
616
-117
-416
-206
361
974
1282
1032
177
-1099
-2445
-3464
-3858
-3538
-2654
-1534
-563
-42
-74
-539
-1140
-1530
-1452
-840
147
1185
1902
2025
1485
449
-738
-1677
-2058
-1770
-941
118
1038
1523
1469
996
396
17
120
773
1814
2912
3681
3827
3259
2125
758
-441
-1153
-1250
-837
-200
302
390
-32
-839
-1729
-2343
-2407
-1842
-801
379
1305
1660
1329
431
-718
-1733
-2297
-2276
-1767
-1050
-474
-318
-677
-1421
-2243
-2773
-2721
-1994
-732
732
1994
2721
2773
2243
1421
677
318
474
1050
1767
2276
2297
1733
718
-431
-1329
-1660
-1305
-379
801
1842
2407
2343
1729
839
32
-390
-302
200
837
1250
1153
441
-758
-2125
-3259
-3827
-3681
-2912
-1814
-773
-120
-17
-396
-996
-1469
-1523
-1038
-118
941
1770
2058
1677
738
-449
-1485
-2025
-1902
-1185
-147
840
1452
1530
1140
539
74
42
563
1534
2654
3538
3858
3464
2445
1099
-177
-1032
-1282
-974
-361
206
416
117
-616
-1518
-2233
-2451
-2038
-1090
93
1117
1635
1473
694
-428
-1512
-2209
-2335
-1927
-1229
-587
-308
-542
-1213
-2051
-2686
-2798
-2235
-1081
369
1718
2601
2822
2417
1634
836
360
388
879
1594
2186
2347
1926
999
-152
-1148
-1641
-1456
-649
504
1616
2322
2417
1921
1068
207
-331
-370
49
685
1186
1235
674
-427
-1789
-3018
-3750
-3783
-3149
-2099
-1007
-234
8
-268
-844
-1381
-1559
-1208
-375
683
1604
2047
1833
1010
-150
-1261
-1949
-1995
-1407
-417
618
1347
1561
1270
690
159
0
383
1263
2381
3360
3843
3628
2745
1445
114
-871
-1278
-1093
-524
88
409
240
-403
-1296
-2091
-2454
-2199
-1363
-203
897
1567
1578
934
-135
-1265
-2085
-2359
-2068
-1412
-723
-332
-436
-1017
-1846
-2566
-2831
-2438
-1412
0
1412
2438
2831
2566
1846
1017
436
332
723
1412
2068
2359
2085
1265
135
-934
-1578
-1567
-897
203
1363
2199
2454
2091
1296
403
-240
-409
-88
524
1093
1278
871
-114
-1445
-2745
-3628
-3843
-3360
-2381
-1263
-383
0
-159
-690
-1270
-1561
-1347
-618
417
1407
1995
1949
1261
150
-1010
-1833
-2047
-1604
-683
375
1208
1559
1381
844
268
-8
234
1007
2099
3149
3783
3750
3018
1789
427
-674
-1235
-1186
-685
-49
370
331
-207
-1068
-1921
-2417
-2322
-1616
-504
649
1456
1641
1148
152
-999
-1926
-2347
-2186
-1594
-879
-388
-360
-836
-1634
-2417
-2822
-2601
-1718
-369
1081
2235
2798
2686
2051
1213
542
308
587
1229
1927
2335
2209
1512
428
-694
-1473
-1635
-1117
-93
1090
2038
2451
2233
1518
616
-117
-416
-206
361
974
1282
1032
177
-1099
-2445
-3464
-3858
-3538
-2654
-1534
-563
-42
-74
-539
-1140
-1530
-1452
-840
147
1185
1902
2025
1485
449
-738
-1677
-2058
-1770
-941
118
1038
1523
1469
996
396
17
120
773
1814
2912
3681
3827
3259
2125
758
-441
-1153
-1250
-837
-200
302
390
-32
-839
-1729
-2343
-2407
-1842
-801
379
1305
1660
1329
431
-718
-1733
-2297
-2276
-1767
-1050
-474
-318
-677
-1421
-2243
-2773
-2721
-1994
-732
732
1994
2721
2773
2243
1421
677
318
474
1050
1767
2276
2297
1733
718
-431
-1329
-1660
-1305
-379
801
1842
2407
2343
1729
839
32
-390
-302
200
837
1250
1153
441
-758
-2125
-3259
-3827
-3681
-2912
-1814
-773
-120
-17
-396
-996
-1469
-1523
-1038
-118
941
1770
2058
1677
738
-449
-1485
-2025
-1902
-1185
-147
840
1452
1530
1140
539
74
42
563
1534
2654
3538
3858
3464
2445
1099
-177
-1032
-1282
-974
-361
206
416
117
-616
-1518
-2233
-2451
-2038
-1090
93
1117
1635
1473
694
-428
-1512
-2209
-2335
-1927
-1229
-587
-308
-542
-1213
-2051
-2686
-2798
-2235
-1081
369
1718
2601
2822
2417
1634
836
360
388
879
1594
2186
2347
1926
999
-152
-1148
-1641
-1456
-649
504
1616
2322
2417
1921
1068
207
-331
-370
49
685
1186
1235
674
-427
-1789
-3018
-3750
-3783
-3149
-2099
-1007
-234
8
-268
-844
-1381
-1559
-1208
-375
683
1604
2047
1833
1010
-150
-1261
-1949
-1995
-1407
-417
618
1347
1561
1270
690
159
0
383
1263
2381
3360
3843
3628
2745
1445
114
-871
-1278
-1093
-524
88
409
240
-403
-1296
-2091
-2454
-2199
-1363
-203
897
1567
1578
934
-135
-1265
-2085
-2359
-2068
-1412
-723
-332
-436
-1017
-1846
-2566
-2831
-2438
-1412
0
1412
2438
2831
2566
1846
1017
436
332
723
1412
2068
2359
2085
1265
135
-934
-1578
-1567
-897
203
1363
2199
2454
2091
1296
403
-240
-409
-88
524
1093
1278
871
-114
-1445
-2745
-3628
-3843
-3360
-2381
-1263
-383
0
-159
-690
-1270
-1561
-1347
-618
417
1407
1995
1949
1261
150
-1010
-1833
-2047
-1604
-683
375
1208
1559
1381
844
268
-8
234
1007
2099
3149
3783
3750
3018
1789
427
-674
-1235
-1186
-685
-49
370
331
-207
-1068
-1921
-2417
-2322
-1616
-504
649
1456
1641
1148
152
-999
-1926
-2347
-2186
-1594
-879
-388
-360
-836
-1634
-2417
-2822
-2601
-1718
-369
1081
2235
2798
2686
2051
1213
542
308
587
1229
1927
2335
2209
1512
428
-694
-1473
-1635
-1117
-93
1090
2038
2451
2233
1518
616
-117
-416
-206
361
974
1282
1032
177
-1099
-2445
-3464
-3858
-3538
-2654
-1534
-563
-42
-74
-539
-1140
-1530
-1452
-840
147
1185
1902
2025
1485
449
-738
-1677
-2058
-1770
-941
118
1038
1523
1469
996
396
17
120
773
1814
2912
3681
3827
3259
2125
758
-441
-1153
-1250
-837
-200
302
390
-32
-839
-1729
-2343
-2407
-1842
-801
379
1305
1660
1329
431
-718
-1733
-2297
-2276
-1767
-1050
-474
-318
-677
-1421
-2243
-2773
-2721
-1994
-732
732
1994
2721
2773
2243
1421
677
318
474
1050
1767
2276
2297
1733
718
-431
-1329
-1660
-1305
-379
801
1842
2407
2343
1729
839
32
-390
-302
200
837
1250
1153
441
-758
-2125
-3259
-3827
-3681
-2912
-1814
-773
-120
-17
-396
-996
-1469
-1523
-1038
-118
941
1770
2058
1677
738
-449
-1485
-2025
-1902
-1185
-147
840
1452
1530
1140
539
74
42
563
1534
2654
3538
3858
3464
2445
1099
-177
-1032
-1282
-974
-361
206
416
117
-616
-1518
-2233
-2451
-2038
-1090
93
1117
1635
1473
694
-428
-1512
-2209
-2335
-1927
-1229
-587
-308
-542
-1213
-2051
-2686
-2798
-2235
-1081
369
1718
2601
2822
2417
1634
836
360
388
879
1594
2186
2347
1926
999
-152
-1148
-1641
-1456
-649
504
1616
2322
2417
1921
1068
207
-331
-370
49
685
1186
1235
674
-427
-1789
-3018
-3750
-3783
-3149
-2099
-1007
-234
8
-268
-844
-1381
-1559
-1208
-375
683
1604
2047
1833
1010
-150
-1261
-1949
-1995
-1407
-417
618
1347
1561
1270
690
159
0
383
1263
2381
3360
3843
3628
2745
1445
114
-871
-1278
-1093
-524
88
409
240
-403
-1296
-2091
-2454
-2199
-1363
-203
897
1567
1578
934
-135
-1265
-2085
-2359
-2068
-1412
-723
-332
-436
-1017
-1846
-2566
-2831
-2438
-1412
0
1412
2438
2831
2566
1846
1017
436
332
723
1412
2068
2359
2085
1265
135
-934
-1578
-1567
-897
203
1363
2199
2454
2091
1296
403
-240
-409
-88
524
1093
1278
871
-114
-1445
-2745
-3628
-3843
-3360
-2381
-1263
-383
0
-159
-690
-1270
-1561
-1347
-618
417
1407
1995
1949
1261
150
-1010
-1833
-2047
-1604
-683
375
1208
1559
1381
844
268
-8
234
1007
2099
3149
3783
3750
3018
1789
427
-674
-1235
-1186
-685
-49
370
331
-207
-1068
-1921
-2417
-2322
-1616
-504
649
1456
1641
1148
152
-999
-1926
-2347
-2186
-1594
-879
-388
-360
-836
-1634
-2417
-2822
-2601
-1718
-369
1081
2235
2798
2686
2051
1213
542
308
587
1229
1927
2335
2209
1512
428
-694
-1473
-1635
-1117
-93
1090
2038
2451
2233
1518
616
-117
-416
-206
361
974
1282
1032
177
-1099
-2445
-3464
-3858
-3538
-2654
-1534
-563
-42
-74
-539
-1140
-1530
-1452
-840
147
1185
1902
2025
1485
449
-738
-1677
-2058
-1770
-941
118
1038
1523
1469
996
396
17
120
773
1814
2912
3681
3827
3259
2125
758
-441
-1153
-1250
-837
-200
302
390
-32
-839
-1729
-2343
-2407
-1842
-801
379
1305
1660
1329
431
-718
-1733
-2297
-2276
-1767
-1050
-474
-318
-677
-1421
-2243
-2773
-2721
-1994
-732
732
1994
2721
2773
2243
1421
677
318
474
1050
1767
2276
2297
1733
718
-431
-1329
-1660
-1305
-379
801
1842
2407
2343
1729
839
32
-390
-302
200
837
1250
1153
441
-758
-2125
-3259
-3827
-3681
-2912
-1814
-773
-120
-17
-396
-996
-1469
-1523
-1038
-118
941
1770
2058
1677
738
-449
-1485
-2025
-1902
-1185
-147
840
1452
1530
1140
539
74
42
563
1534
2654
3538
3858
3464
2445
1099
-177
-1032
-1282
-974
-361
206
416
117
-616
-1518
-2233
-2451
-2038
-1090
93
1117
1635
1473
694
-428
-1512
-2209
-2335
-1927
-1229
-587
-308
-542
-1213
-2051
-2686
-2798
-2235
-1081
369
1718
2601
2822
2417
1634
836
360
388
879
1594
2186
2347
1926
999
-152
-1148
-1641
-1456
-649
504
1616
2322
2417
1921
1068
207
-331
-370
49
685
1186
1235
674
-427
-1789
-3018
-3750
-3783
-3149
-2099
-1007
-234
8
-268
-844
-1381
-1559
-1208
-375
683
1604
2047
1833
1010
-150
-1261
-1949
-1995
-1407
-417
618
1347
1561
1270
690
159
0
383
1263
2381
3360
3843
3628
2745
1445
114
-871
-1278
-1093
-524
88
409
240
-403
-1296
-2091
-2454
-2199
-1363
-203
897
1567
1578
934
-135
-1265
-2085
-2359
-2068
-1412
-723
-332
-436
-1017
-1846
-2566
-2831
-2438
-1412
0
