2118
3658
4247
3849
2769
1525
654
498
1085
2119
3103
3538
3128
1898
203
-1402
-2368
-2350
-1346
305
2045
3298
3681
3136
1944
605
-360
-613
-132
786
1639
1917
1307
-171
-2168
-4118
-5443
-5765
-5040
-3571
-1894
-574
0
-239
-1035
-1905
-2342
-2020
-927
625
2111
2992
2924
1892
226
-1516
-2749
-3071
-2406
-1025
563
1812
2339
2072
1267
403
-12
352
1511
3148
4724
5675
5625
4527
2684
641
-1011
-1853
-1779
-1027
-74
555
497
-311
-1602
-2882
-3626
-3484
-2424
-756
974
2184
2462
1722
229
-1499
-2889
-3520
-3279
-2391
-1319
-582
-541
-1255
-2451
-3625
-4233
-3902
-2577
-554
1622
3353
4197
4029
3076
1820
813
463
880
1844
2891
3502
3314
2268
642
-1041
-2210
-2453
-1676
-139
1635
3057
3676
3349
2278
924
-176
-624
-310
541
1462
1923
1548
265
-1649
-3668
-5196
-5787
-5308
-3981
-2301
-845
-63
-112
-808
-1710
-2296
-2179
-1260
221
1777
2853
3037
2228
674
-1107
-2515
-3087
-2656
-1412
178
1557
2285
2204
1494
595
26
181
1159
2722
4368
5521
5740
4889
3187
1137
-661
-1730
-1876
-1255
-301
453
585
-48
-1259
-2593
-3514
-3610
-2763
-1202
569
1958
2491
1993
647
-1077
-2600
-3445
-3414
-2651
-1575
-711
-477
-1015
-2132
-3365
-4159
-4082
-2991
-1098
1098
2991
4082
4159
3365
2132
1015
477
711
1575
2651
3414
3445
2600
1077
-647
-1993
-2491
-1958
-569
1202
2763
3610
3514
2593
1259
48
-585
-453
301
1255
1876
1730
661
-1137
-3187
-4889
-5740
-5521
-4368
-2722
-1159
-181
-26
-595
-1494
-2204
-2285
-1557
-178
1412
2656
3087
2515
1107
-674
-2228
-3037
-2853
-1777
-221
1260
2179
2296
1710
808
112
63
845
2301
3981
5308
5787
5196
3668
1649
-265
-1548
-1923
-1462
-541
310
624
176
-924
-2278
-3349
-3676
-3057
-1635
139
1676
2453
2210
1041
-642
-2268
-3314
-3502
-2891
-1844
-880
-463
-813
-1820
-3076
-4029
-4197
-3353
-1622
554
2577
3902
4233
3625
2451
1255
541
582
1319
2391
3279
3520
2889
1499
-229
-1722
-2462
-2184
-974
756
2424
3484
3626
2882
1602
311
-497
-555
74
1027
1779
1853
1011
-641
-2684
-4527
-5625
-5675
-4724
-3148
-1511
-352
12
-403
-1267
-2072
-2339
-1812
-563
1025
2406
3071
2749
1516
-226
-1892
-2924
-2992
-2111
-625
927
2020
2342
1905
1035
239
0
574
1894
3571
5040
5765
5443
4118
2168
171
-1307
-1917
-1639
-786
132
613
360
-605
-1944
-3136
-3681
-3298
-2045
-305
1346
2350
2368
1402
-203
-1898
-3128
-3538
-3103
-2119
-1085
-498
-654
-1525
-2769
-3849
-4247
-3658
-2118
0
2118
3658
4247
3849
2769
1525
654
498
1085
2119
3103
3538
3128
1898
203
-1402
-2368
-2350
-1346
305
2045
3298
3681
3136
1944
605
-360
-613
-132
786
1639
1917
1307
-171
-2168
-4118
-5443
-5765
-5040
-3571
-1894
-574
0
-239
-1035
-1905
-2342
-2020
-927
625
2111
2992
2924
1892
226
-1516
-2749
-3071
-2406
-1025
563
1812
2339
2072
1267
403
-12
352
1511
3148
4724
5675
5625
4527
2684
641
-1011
-1853
-1779
-1027
-74
555
497
-311
-1602
-2882
-3626
-3484
-2424
-756
974
2184
2462
1722
229
-1499
-2889
-3520
-3279
-2391
-1319
-582
-541
-1255
-2451
-3625
-4233
-3902
-2577
-554
1622
3353
4197
4029
3076
1820
813
463
880
1844
2891
3502
3314
2268
642
-1041
-2210
-2453
-1676
-139
1635
3057
3676
3349
2278
924
-176
-624
-310
541
1462
1923
1548
265
-1649
-3668
-5196
-5787
-5308
-3981
-2301
-845
-63
-112
-808
-1710
-2296
-2179
-1260
221
1777
2853
3037
2228
674
-1107
-2515
-3087
-2656
-1412
178
1557
2285
2204
1494
595
26
181
1159
2722
4368
5521
5740
4889
3187
1137
-661
-1730
-1876
-1255
-301
453
585
-48
-1259
-2593
-3514
-3610
-2763
-1202
569
1958
2491
1993
647
-1077
-2600
-3445
-3414
-2651
-1575
-711
-477
-1015
-2132
-3365
-4159
-4082
-2991
-1098
1098
2991
4082
4159
3365
2132
1015
477
711
1575
2651
3414
3445
2600
1077
-647
-1993
-2491
-1958
-569
1202
2763
3610
3514
2593
1259
48
-585
-453
301
1255
1876
1730
661
-1137
-3187
-4889
-5740
-5521
-4368
-2722
-1159
-181
-26
-595
-1494
-2204
-2285
-1557
-178
1412
2656
3087
2515
1107
-674
-2228
-3037
-2853
-1777
-221
1260
2179
2296
1710
808
112
63
845
2301
3981
5308
5787
5196
3668
1649
-265
-1548
-1923
-1462
-541
310
624
176
-924
-2278
-3349
-3676
-3057
-1635
139
1676
2453
2210
1041
-642
-2268
-3314
-3502
-2891
-1844
-880
-463
-813
-1820
-3076
-4029
-4197
-3353
-1622
554
2577
3902
4233
3625
2451
1255
541
582
1319
2391
3279
3520
2889
1499
-229
-1722
-2462
-2184
-974
756
2424
3484
3626
2882
1602
311
-497
-555
74
1027
1779
1853
1011
-641
-2684
-4527
-5625
-5675
-4724
-3148
-1511
-352
12
-403
-1267
-2072
-2339
-1812
-563
1025
2406
3071
2749
1516
-226
-1892
-2924
-2992
-2111
-625
927
2020
2342
1905
1035
239
0
574
1894
3571
5040
5765
5443
4118
2168
171
-1307
-1917
-1639
-786
132
613
360
-605
-1944
-3136
-3681
-3298
-2045
-305
1346
2350
2368
1402
-203
-1898
-3128
-3538
-3103
-2119
-1085
-498
-654
-1525
-2769
-3849
-4247
-3658
-2118
0
2118
3658
4247
3849
2769
1525
654
498
1085
2119
3103
3538
3128
1898
203
-1402
-2368
-2350
-1346
305
2045
3298
3681
3136
1944
605
-360
-613
-132
786
1639
1917
1307
-171
-2168
-4118
-5443
-5765
-5040
-3571
-1894
-574
0
-239
-1035
-1905
-2342
-2020
-927
625
2111
2992
2924
1892
226
-1516
-2749
-3071
-2406
-1025
563
1812
2339
2072
1267
403
-12
352
1511
3148
4724
5675
5625
4527
2684
641
-1011
-1853
-1779
-1027
-74
555
497
-311
-1602
-2882
-3626
-3484
-2424
-756
974
2184
2462
1722
229
-1499
-2889
-3520
-3279
-2391
-1319
-582
-541
-1255
-2451
-3625
-4233
-3902
-2577
-554
1622
3353
4197
4029
3076
1820
813
463
880
1844
2891
3502
3314
2268
642
-1041
-2210
-2453
-1676
-139
1635
3057
3676
3349
2278
924
-176
-624
-310
541
1462
1923
1548
265
-1649
-3668
-5196
-5787
-5308
-3981
-2301
-845
-63
-112
-808
-1710
-2296
-2179
-1260
221
1777
2853
3037
2228
674
-1107
-2515
-3087
-2656
-1412
178
1557
2285
2204
1494
595
26
181
1159
2722
4368
5521
5740
4889
3187
1137
-661
-1730
-1876
-1255
-301
453
585
-48
-1259
-2593
-3514
-3610
-2763
-1202
569
1958
2491
1993
647
-1077
-2600
-3445
-3414
-2651
-1575
-711
-477
-1015
-2132
-3365
-4159
-4082
-2991
-1098
1098
2991
4082
4159
3365
2132
1015
477
711
1575
2651
3414
3445
2600
1077
-647
-1993
-2491
-1958
-569
1202
2763
3610
3514
2593
1259
48
-585
-453
301
1255
1876
1730
661
-1137
-3187
-4889
-5740
-5521
-4368
-2722
-1159
-181
-26
-595
-1494
-2204
-2285
-1557
-178
1412
2656
3087
2515
1107
-674
-2228
-3037
-2853
-1777
-221
1260
2179
2296
1710
808
112
63
845
2301
3981
5308
5787
5196
3668
1649
-265
-1548
-1923
-1462
-541
310
624
176
-924
-2278
-3349
-3676
-3057
-1635
139
1676
2453
2210
1041
-642
-2268
-3314
-3502
-2891
-1844
-880
-463
-813
-1820
-3076
-4029
-4197
-3353
-1622
554
2577
3902
4233
3625
2451
1255
541
582
1319
2391
3279
3520
2889
1499
-229
-1722
-2462
-2184
-974
756
2424
3484
3626
2882
1602
311
-497
-555
74
1027
1779
1853
1011
-641
-2684
-4527
-5625
-5675
-4724
-3148
-1511
-352
12
-403
-1267
-2072
-2339
-1812
-563
1025
2406
3071
2749
1516
-226
-1892
-2924
-2992
-2111
-625
927
2020
2342
1905
1035
239
0
574
1894
3571
5040
5765
5443
4118
2168
171
-1307
-1917
-1639
-786
132
613
360
-605
-1944
-3136
-3681
-3298
-2045
-305
1346
2350
2368
1402
-203
-1898
-3128
-3538
-3103
-2119
-1085
-498
-654
-1525
-2769
-3849
-4247
-3658
-2118
0
2118
3658
4247
3849
2769
1525
654
498
1085
2119
3103
3538
3128
1898
203
-1402
-2368
-2350
-1346
305
2045
3298
3681
3136
1944
605
-360
-613
-132
786
1639
1917
1307
-171
-2168
-4118
-5443
-5765
-5040
-3571
-1894
-574
0
-239
-1035
-1905
-2342
-2020
-927
625
2111
2992
2924
1892
226
-1516
-2749
-3071
-2406
-1025
563
1812
2339
2072
1267
403
-12
352
1511
3148
4724
5675
5625
4527
2684
641
-1011
-1853
-1779
-1027
-74
555
497
-311
-1602
-2882
-3626
-3484
-2424
-756
974
2184
2462
1722
229
-1499
-2889
-3520
-3279
-2391
-1319
-582
-541
-1255
-2451
-3625
-4233
-3902
-2577
-554
1622
3353
4197
4029
3076
1820
813
463
880
1844
2891
3502
3314
2268
642
-1041
-2210
-2453
-1676
-139
1635
3057
3676
3349
2278
924
-176
-624
-310
541
1462
1923
1548
265
-1649
-3668
-5196
-5787
-5308
-3981
-2301
-845
-63
-112
-808
-1710
-2296
-2179
-1260
221
1777
2853
3037
2228
674
-1107
-2515
-3087
-2656
-1412
178
1557
2285
2204
1494
595
26
181
1159
2722
4368
5521
5740
4889
3187
1137
-661
-1730
-1876
-1255
-301
453
585
-48
-1259
-2593
-3514
-3610
-2763
-1202
569
1958
2491
1993
647
-1077
-2600
-3445
-3414
-2651
-1575
-711
-477
-1015
-2132
-3365
-4159
-4082
-2991
-1098
1098
2991
4082
4159
3365
2132
1015
477
711
1575
2651
3414
3445
2600
1077
-647
-1993
-2491
-1958
-569
1202
2763
3610
3514
2593
1259
48
-585
-453
301
1255
1876
1730
661
-1137
-3187
-4889
-5740
-5521
-4368
-2722
-1159
-181
-26
-595
-1494
-2204
-2285
-1557
-178
1412
2656
3087
2515
1107
-674
-2228
-3037
-2853
-1777
-221
1260
2179
2296
1710
808
112
63
845
2301
3981
5308
5787
5196
3668
1649
-265
-1548
-1923
-1462
-541
310
624
176
-924
-2278
-3349
-3676
-3057
-1635
139
1676
2453
2210
1041
-642
-2268
-3314
-3502
-2891
-1844
-880
-463
-813
-1820
-3076
-4029
-4197
-3353
-1622
554
2577
3902
4233
3625
2451
1255
541
582
1319
2391
3279
3520
2889
1499
-229
-1722
-2462
-2184
-974
756
2424
3484
3626
2882
1602
311
-497
-555
74
1027
1779
1853
1011
-641
-2684
-4527
-5625
-5675
-4724
-3148
-1511
-352
12
-403
-1267
-2072
-2339
-1812
-563
1025
2406
3071
2749
1516
-226
-1892
-2924
-2992
-2111
-625
927
2020
2342
1905
1035
239
0
574
1894
3571
5040
5765
5443
4118
2168
171
-1307
-1917
-1639
-786
132
613
360
-605
-1944
-3136
-3681
-3298
-2045
-305
1346
2350
2368
1402
-203
-1898
-3128
-3538
-3103
-2119
-1085
-498
-654
-1525
-2769
-3849
-4247
-3658
-2118
0
2118
3658
4247
3849
2769
1525
654
498
1085
2119
3103
3538
3128
1898
203
-1402
-2368
-2350
-1346
305
2045
3298
3681
3136
1944
605
-360
-613
-132
786
1639
1917
1307
-171
-2168
-4118
-5443
-5765
-5040
-3571
-1894
-574
0
-239
-1035
-1905
-2342
-2020
-927
625
2111
2992
2924
1892
226
-1516
-2749
-3071
-2406
-1025
563
1812
2339
2072
1267
403
-12
352
1511
3148
4724
5675
5625
4527
2684
641
-1011
-1853
-1779
-1027
-74
555
497
-311
-1602
-2882
-3626
-3484
-2424
-756
974
2184
2462
1722
229
-1499
-2889
-3520
-3279
-2391
-1319
-582
-541
-1255
-2451
-3625
-4233
-3902
-2577
-554
1622
3353
4197
4029
3076
1820
813
463
880
1844
2891
3502
3314
2268
642
-1041
-2210
-2453
-1676
-139
1635
3057
3676
3349
2278
924
-176
-624
-310
541
1462
1923
1548
265
-1649
-3668
-5196
-5787
-5308
-3981
-2301
-845
-63
-112
-808
-1710
-2296
-2179
-1260
221
1777
2853
3037
2228
674
-1107
-2515
-3087
-2656
-1412
178
1557
2285
2204
1494
595
26
181
1159
2722
4368
5521
5740
4889
3187
1137
-661
-1730
-1876
-1255
-301
453
585
-48
-1259
-2593
-3514
-3610
-2763
-1202
569
1958
2491
1993
647
-1077
-2600
-3445
-3414
-2651
-1575
-711
-477
-1015
-2132
-3365
-4159
-4082
-2991
-1098
1098
2991
4082
4159
3365
2132
1015
477
711
1575
2651
3414
3445
2600
1077
-647
-1993
-2491
-1958
-569
1202
2763
3610
3514
2593
1259
48
-585
-453
301
1255
1876
1730
661
-1137
-3187
-4889
-5740
-5521
-4368
-2722
-1159
-181
-26
-595
-1494
-2204
-2285
-1557
-178
1412
2656
3087
2515
1107
-674
-2228
-3037
-2853
-1777
-221
1260
2179
2296
1710
808
112
63
845
2301
3981
5308
5787
5196
3668
1649
-265
-1548
-1923
-1462
-541
310
624
176
-924
-2278
-3349
-3676
-3057
-1635
139
1676
2453
2210
1041
-642
-2268
-3314
-3502
-2891
-1844
-880
-463
-813
-1820
-3076
-4029
-4197
-3353
-1622
554
2577
3902
4233
3625
2451
1255
541
582
1319
2391
3279
3520
2889
1499
-229
-1722
-2462
-2184
-974
756
2424
3484
3626
2882
1602
311
-497
-555
74
1027
1779
1853
1011
-641
-2684
-4527
-5625
-5675
-4724
-3148
-1511
-352
12
-403
-1267
-2072
-2339
-1812
-563
1025
2406
3071
2749
1516
-226
-1892
-2924
-2992
-2111
-625
927
2020
2342
1905
1035
239
0
574
1894
3571
5040
5765
5443
4118
2168
171
-1307
-1917
-1639
-786
132
613
360
-605
-1944
-3136
-3681
-3298
-2045
-305
1346
2350
2368
1402
-203
-1898
-3128
-3538
-3103
-2119
-1085
-498
-654
-1525
-2769
-3849
-4247
-3658
-2118
0
2118
3658
4247
3849
2769
1525
654
498
1085
2119
3103
3538
3128
1898
203
-1402
-2368
-2350
-1346
305
2045
3298
3681
3136
1944
605
-360
-613
-132
786
1639
1917
1307
-171
-2168
-4118
-5443
-5765
-5040
-3571
-1894
-574
0
-239
-1035
-1905
-2342
-2020
-927
625
2111
2992
2924
1892
226
-1516
-2749
-3071
-2406
-1025
563
1812
2339
2072
1267
403
-12
352
1511
3148
4724
5675
5625
4527
2684
641
-1011
-1853
-1779
-1027
-74
555
497
-311
-1602
-2882
-3626
-3484
-2424
-756
974
2184
2462
1722
229
-1499
-2889
-3520
-3279
-2391
-1319
-582
-541
-1255
-2451
-3625
-4233
-3902
-2577
-554
1622
3353
4197
4029
3076
1820
813
463
880
1844
2891
3502
3314
2268
642
-1041
-2210
-2453
-1676
-139
1635
3057
3676
3349
2278
924
-176
-624
-310
541
1462
1923
1548
265
-1649
-3668
-5196
-5787
-5308
-3981
-2301
-845
-63
-112
-808
-1710
-2296
-2179
-1260
221
1777
2853
3037
2228
674
-1107
-2515
-3087
-2656
-1412
178
1557
2285
2204
1494
595
26
181
1159
2722
4368
5521
5740
4889
3187
1137
-661
-1730
-1876
-1255
-301
453
585
-48
-1259
-2593
-3514
-3610
-2763
-1202
569
1958
2491
1993
647
-1077
-2600
-3445
-3414
-2651
-1575
-711
-477
-1015
-2132
-3365
-4159
-4082
-2991
-1098
1098
2991
4082
4159
3365
2132
1015
477
711
1575
2651
3414
3445
2600
1077
-647
-1993
-2491
-1958
-569
1202
2763
3610
3514
2593
1259
48
-585
-453
301
1255
1876
1730
661
-1137
-3187
-4889
-5740
-5521
-4368
-2722
-1159
-181
-26
-595
-1494
-2204
-2285
-1557
-178
1412
2656
3087
2515
1107
-674
-2228
-3037
-2853
-1777
-221
1260
2179
2296
1710
808
112
63
845
2301
3981
5308
5787
5196
3668
1649
-265
-1548
-1923
-1462
-541
310
624
176
-924
-2278
-3349
-3676
-3057
-1635
139
1676
2453
2210
1041
-642
-2268
-3314
-3502
-2891
-1844
-880
-463
-813
-1820
-3076
-4029
-4197
-3353
-1622
554
2577
3902
4233
3625
2451
1255
541
582
1319
2391
3279
3520
2889
1499
-229
-1722
-2462
-2184
-974
756
2424
3484
3626
2882
1602
311
-497
-555
74
1027
1779
1853
1011
-641
-2684
-4527
-5625
-5675
-4724
-3148
-1511
-352
12
-403
-1267
-2072
-2339
-1812
-563
1025
2406
3071
2749
1516
-226
-1892
-2924
-2992
-2111
-625
927
2020
2342
1905
1035
239
0
574
1894
3571
5040
5765
5443
4118
2168
171
-1307
-1917
-1639
-786
132
613
360
-605
-1944
-3136
-3681
-3298
-2045
-305
1346
2350
2368
1402
-203
-1898
-3128
-3538
-3103
-2119
-1085
-498
-654
-1525
-2769
-3849
-4247
-3658
-2118
0
2118
3658
4247
3849
2769
1525
654
498
1085
2119
3103
3538
3128
1898
203
-1402
-2368
-2350
-1346
305
2045
3298
3681
3136
1944
605
-360
-613
-132
786
1639
1917
1307
-171
-2168
-4118
-5443
-5765
-5040
-3571
-1894
-574
0
-239
-1035
-1905
-2342
-2020
-927
625
2111
2992
2924
1892
226
-1516
-2749
-3071
-2406
-1025
563
1812
2339
2072
1267
403
-12
352
1511
3148
4724
5675
5625
4527
2684
641
-1011
-1853
-1779
-1027
-74
555
497
-311
-1602
-2882
-3626
-3484
-2424
-756
974
2184
2462
1722
229
-1499
-2889
-3520
-3279
-2391
-1319
-582
-541
-1255
-2451
-3625
-4233
-3902
-2577
-554
1622
3353
4197
4029
3076
1820
813
463
880
1844
2891
3502
3314
2268
642
-1041
-2210
-2453
-1676
-139
1635
3057
3676
3349
2278
924
-176
-624
-310
541
1462
1923
1548
265
-1649
-3668
-5196
-5787
-5308
-3981
-2301
-845
-63
-112
-808
-1710
-2296
-2179
-1260
221
1777
2853
3037
2228
674
-1107
-2515
-3087
-2656
-1412
178
1557
2285
2204
1494
595
26
181
1159
2722
4368
5521
5740
4889
3187
1137
-661
-1730
-1876
-1255
-301
453
585
-48
-1259
-2593
-3514
-3610
-2763
-1202
569
1958
2491
1993
647
-1077
-2600
-3445
-3414
-2651
-1575
-711
-477
-1015
-2132
-3365
-4159
-4082
-2991
-1098
1098
2991
4082
4159
3365
2132
1015
477
711
1575
2651
3414
3445
2600
1077
-647
-1993
-2491
-1958
-569
1202
2763
3610
3514
2593
1259
48
-585
-453
301
1255
1876
1730
661
-1137
-3187
-4889
-5740
-5521
-4368
-2722
-1159
-181
-26
-595
-1494
-2204
-2285
-1557
-178
1412
2656
3087
2515
1107
-674
-2228
-3037
-2853
-1777
-221
1260
2179
2296
1710
808
112
63
845
2301
3981
5308
5787
5196
3668
1649
-265
-1548
-1923
-1462
-541
310
624
176
-924
-2278
-3349
-3676
-3057
-1635
139
1676
2453
2210
1041
-642
-2268
-3314
-3502
-2891
-1844
-880
-463
-813
-1820
-3076
-4029
-4197
-3353
-1622
554
2577
3902
4233
3625
2451
1255
541
582
1319
2391
3279
3520
2889
1499
-229
-1722
-2462
-2184
-974
756
2424
3484
3626
2882
1602
311
-497
-555
74
1027
1779
1853
1011
-641
-2684
-4527
-5625
-5675
-4724
-3148
-1511
-352
12
-403
-1267
-2072
-2339
-1812
-563
1025
2406
3071
2749
1516
-226
-1892
-2924
-2992
-2111
-625
927
2020
2342
1905
1035
239
0
574
1894
3571
5040
5765
5443
4118
2168
171
-1307
-1917
-1639
-786
132
613
360
-605
-1944
-3136
-3681
-3298
-2045
-305
1346
2350
2368
1402
-203
-1898
-3128
-3538
-3103
-2119
-1085
-498
-654
-1525
-2769
-3849
-4247
-3658
-2118
0
2118
3658
4247
3849
2769
1525
654
498
1085
2119
3103
3538
3128
1898
203
-1402
-2368
-2350
-1346
305
2045
3298
3681
3136
1944
605
-360
-613
-132
786
1639
1917
1307
-171
-2168
-4118
-5443
-5765
-5040
-3571
-1894
-574
0
-239
-1035
-1905
-2342
-2020
-927
625
2111
2992
2924
1892
226
-1516
-2749
-3071
-2406
-1025
563
1812
2339
2072
1267
403
-12
352
1511
3148
4724
5675
5625
4527
2684
641
-1011
-1853
-1779
-1027
-74
555
497
-311
-1602
-2882
-3626
-3484
-2424
-756
974
2184
2462
1722
229
-1499
-2889
-3520
-3279
-2391
-1319
-582
-541
-1255
-2451
-3625
-4233
-3902
-2577
-554
1622
3353
4197
4029
3076
1820
813
463
880
1844
2891
3502
3314
2268
642
-1041
-2210
-2453
-1676
-139
1635
3057
3676
3349
2278
924
-176
-624
-310
541
1462
1923
1548
265
-1649
-3668
-5196
-5787
-5308
-3981
-2301
-845
-63
-112
-808
-1710
-2296
-2179
-1260
221
1777
2853
3037
2228
674
-1107
-2515
-3087
-2656
-1412
178
1557
2285
2204
1494
595
26
181
1159
2722
4368
5521
5740
4889
3187
1137
-661
-1730
-1876
-1255
-301
453
585
-48
-1259
-2593
-3514
-3610
-2763
-1202
569
1958
2491
1993
647
-1077
-2600
-3445
-3414
-2651
-1575
-711
-477
-1015
-2132
-3365
-4159
-4082
-2991
-1098
1098
2991
4082
4159
3365
2132
1015
477
711
1575
2651
3414
3445
2600
1077
-647
-1993
-2491
-1958
-569
1202
2763
3610
3514
2593
1259
48
-585
-453
301
1255
1876
1730
661
-1137
-3187
-4889
-5740
-5521
-4368
-2722
-1159
-181
-26
-595
-1494
-2204
-2285
-1557
-178
1412
2656
3087
2515
1107
-674
-2228
-3037
-2853
-1777
-221
1260
2179
2296
1710
808
112
63
845
2301
3981
5308
5787
5196
3668
1649
-265
-1548
-1923
-1462
-541
310
624
176
-924
-2278
-3349
-3676
-3057
-1635
139
1676
2453
2210
1041
-642
-2268
-3314
-3502
-2891
-1844
-880
-463
-813
-1820
-3076
-4029
-4197
-3353
-1622
554
2577
3902
4233
3625
2451
1255
541
582
1319
2391
3279
3520
2889
1499
-229
-1722
-2462
-2184
-974
756
2424
3484
3626
2882
1602
311
-497
-555
74
1027
1779
1853
1011
-641
-2684
-4527
-5625
-5675
-4724
-3148
-1511
-352
12
-403
-1267
-2072
-2339
-1812
-563
1025
2406
3071
2749
1516
-226
-1892
-2924
-2992
-2111
-625
927
2020
2342
1905
1035
239
0
574
1894
3571
5040
5765
5443
4118
2168
171
-1307
-1917
-1639
-786
132
613
360
-605
-1944
-3136
-3681
-3298
-2045
-305
1346
2350
2368
1402
-203
-1898
-3128
-3538
-3103
-2119
-1085
-498
-654
-1525
-2769
-3849
-4247
-3658
-2118
0
2118
3658
4247
3849
2769
1525
654
498
1085
2119
3103
3538
3128
1898
203
-1402
-2368
-2350
-1346
305
2045
3298
3681
3136
1944
605
-360
-613
-132
786
1639
1917
1307
-171
-2168
-4118
-5443
-5765
-5040
-3571
-1894
-574
0
-239
-1035
-1905
-2342
-2020
-927
625
2111
2992
2924
1892
226
-1516
-2749
-3071
-2406
-1025
563
1812
2339
2072
1267
403
-12
352
1511
3148
4724
5675
5625
4527
2684
641
-1011
-1853
-1779
-1027
-74
555
497
-311
-1602
-2882
-3626
-3484
-2424
-756
974
2184
2462
1722
229
-1499
-2889
-3520
-3279
-2391
-1319
-582
-541
-1255
-2451
-3625
-4233
-3902
-2577
-554
1622
3353
4197
4029
3076
1820
813
463
880
1844
2891
3502
3314
2268
642
-1041
-2210
-2453
-1676
-139
1635
3057
3676
3349
2278
924
-176
-624
-310
541
1462
1923
1548
265
-1649
-3668
-5196
-5787
-5308
-3981
-2301
-845
-63
-112
-808
-1710
-2296
-2179
-1260
221
1777
2853
3037
2228
674
-1107
-2515
-3087
-2656
-1412
178
1557
2285
2204
1494
595
26
181
1159
2722
4368
5521
5740
4889
3187
1137
-661
-1730
-1876
-1255
-301
453
585
-48
-1259
-2593
-3514
-3610
-2763
-1202
569
1958
2491
1993
647
-1077
-2600
-3445
-3414
-2651
-1575
-711
-477
-1015
-2132
-3365
-4159
-4082
-2991
-1098
1098
2991
4082
4159
3365
2132
1015
477
711
1575
2651
3414
3445
2600
1077
-647
-1993
-2491
-1958
-569
1202
2763
3610
3514
2593
1259
48
-585
-453
301
1255
1876
1730
661
-1137
-3187
-4889
-5740
-5521
-4368
-2722
-1159
-181
-26
-595
-1494
-2204
-2285
-1557
-178
1412
2656
3087
2515
1107
-674
-2228
-3037
-2853
-1777
-221
1260
2179
2296
1710
808
112
63
845
2301
3981
5308
5787
5196
3668
1649
-265
-1548
-1923
-1462
-541
310
624
176
-924
-2278
-3349
-3676
-3057
-1635
139
1676
2453
2210
1041
-642
-2268
-3314
-3502
-2891
-1844
-880
-463
-813
-1820
-3076
-4029
-4197
-3353
-1622
554
2577
3902
4233
3625
2451
1255
541
582
1319
2391
3279
3520
2889
1499
-229
-1722
-2462
-2184
-974
756
2424
3484
3626
2882
1602
311
-497
-555
74
1027
1779
1853
1011
-641
-2684
-4527
-5625
-5675
-4724
-3148
-1511
-352
12
-403
-1267
-2072
-2339
-1812
-563
1025
2406
3071
2749
1516
-226
-1892
-2924
-2992
-2111
-625
927
2020
2342
1905
1035
239
0
574
1894
3571
5040
5765
5443
4118
2168
171
-1307
-1917
-1639
-786
132
613
360
-605
-1944
-3136
-3681
-3298
-2045
-305
1346
2350
2368
1402
-203
-1898
-3128
-3538
-3103
-2119
-1085
-498
-654
-1525
-2769
-3849
-4247
-3658
-2118
0
2118
3658
4247
3849
2769
1525
654
498
1085
2119
3103
3538
3128
1898
203
-1402
-2368
-2350
-1346
305
2045
3298
3681
3136
1944
605
-360
-613
-132
786
1639
1917
1307
-171
-2168
-4118
-5443
-5765
-5040
-3571
-1894
-574
0
-239
-1035
-1905
-2342
-2020
-927
625
2111
2992
2924
1892
226
-1516
-2749
-3071
-2406
-1025
563
1812
2339
2072
1267
403
-12
352
1511
3148
4724
5675
5625
4527
2684
641
-1011
-1853
-1779
-1027
-74
555
497
-311
-1602
-2882
-3626
-3484
-2424
-756
974
2184
2462
1722
229
-1499
-2889
-3520
-3279
-2391
-1319
-582
-541
-1255
-2451
-3625
-4233
-3902
-2577
-554
1622
3353
4197
4029
3076
1820
813
463
880
1844
2891
3502
3314
2268
642
-1041
-2210
-2453
-1676
-139
1635
3057
3676
3349
2278
924
-176
-624
-310
541
1462
1923
1548
265
-1649
-3668
-5196
-5787
-5308
-3981
-2301
-845
-63
-112
-808
-1710
-2296
-2179
-1260
221
1777
2853
3037
2228
674
-1107
-2515
-3087
-2656
-1412
178
1557
2285
2204
1494
595
26
181
1159
2722
4368
5521
5740
4889
3187
1137
-661
-1730
-1876
-1255
-301
453
585
-48
-1259
-2593
-3514
-3610
-2763
-1202
569
1958
2491
1993
647
-1077
-2600
-3445
-3414
-2651
-1575
-711
-477
-1015
-2132
-3365
-4159
-4082
-2991
-1098
1098
2991
4082
4159
3365
2132
1015
477
711
1575
2651
3414
3445
2600
1077
-647
-1993
-2491
-1958
-569
1202
2763
3610
3514
2593
1259
48
-585
-453
301
1255
1876
1730
661
-1137
-3187
-4889
-5740
-5521
-4368
-2722
-1159
-181
-26
-595
-1494
-2204
-2285
-1557
-178
1412
2656
3087
2515
1107
-674
-2228
-3037
-2853
-1777
-221
1260
2179
2296
1710
808
112
63
845
2301
3981
5308
5787
5196
3668
1649
-265
-1548
-1923
-1462
-541
310
624
176
-924
-2278
-3349
-3676
-3057
-1635
139
1676
2453
2210
1041
-642
-2268
-3314
-3502
-2891
-1844
-880
-463
-813
-1820
-3076
-4029
-4197
-3353
-1622
554
2577
3902
4233
3625
2451
1255
541
582
1319
2391
3279
3520
2889
1499
-229
-1722
-2462
-2184
-974
756
2424
3484
3626
2882
1602
311
-497
-555
74
1027
1779
1853
1011
-641
-2684
-4527
-5625
-5675
-4724
-3148
-1511
-352
12
-403
-1267
-2072
-2339
-1812
-563
1025
2406
3071
2749
1516
-226
-1892
-2924
-2992
-2111
-625
927
2020
2342
1905
1035
239
0
574
1894
3571
5040
5765
5443
4118
2168
171
-1307
-1917
-1639
-786
132
613
360
-605
-1944
-3136
-3681
-3298
-2045
-305
1346
2350
2368
1402
-203
-1898
-3128
-3538
-3103
-2119
-1085
-498
-654
-1525
-2769
-3849
-4247
-3658
-2118
0
2118
3658
4247
3849
2769
1525
654
498
1085
2119
3103
3538
3128
1898
203
-1402
-2368
-2350
-1346
305
2045
3298
3681
3136
1944
605
-360
-613
-132
786
1639
1917
1307
-171
-2168
-4118
-5443
-5765
-5040
-3571
-1894
-574
0
-239
-1035
-1905
-2342
-2020
-927
625
2111
2992
2924
1892
226
-1516
-2749
-3071
-2406
-1025
563
1812
2339
2072
1267
403
-12
352
1511
3148
4724
5675
5625
4527
2684
641
-1011
-1853
-1779
-1027
-74
555
497
-311
-1602
-2882
-3626
-3484
-2424
-756
974
2184
2462
1722
229
-1499
-2889
-3520
-3279
-2391
-1319
-582
-541
-1255
-2451
-3625
-4233
-3902
-2577
-554
1622
3353
4197
4029
3076
1820
813
463
880
1844
2891
3502
3314
2268
642
-1041
-2210
-2453
-1676
-139
1635
3057
3676
3349
2278
924
-176
-624
-310
541
1462
1923
1548
265
-1649
-3668
-5196
-5787
-5308
-3981
-2301
-845
-63
-112
-808
-1710
-2296
-2179
-1260
221
1777
2853
3037
2228
674
-1107
-2515
-3087
-2656
-1412
178
1557
2285
2204
1494
595
26
181
1159
2722
4368
5521
5740
4889
3187
1137
-661
-1730
-1876
-1255
-301
453
585
-48
-1259
-2593
-3514
-3610
-2763
-1202
569
1958
2491
1993
647
-1077
-2600
-3445
-3414
-2651
-1575
-711
-477
-1015
-2132
-3365
-4159
-4082
-2991
-1098
1098
2991
4082
4159
3365
2132
1015
477
711
1575
2651
3414
3445
2600
1077
-647
-1993
-2491
-1958
-569
1202
2763
3610
3514
2593
1259
48
-585
-453
301
1255
1876
1730
661
-1137
-3187
-4889
-5740
-5521
-4368
-2722
-1159
-181
-26
-595
-1494
-2204
-2285
-1557
-178
1412
2656
3087
2515
1107
-674
-2228
-3037
-2853
-1777
-221
1260
2179
2296
1710
808
112
63
845
2301
3981
5308
5787
5196
3668
1649
-265
-1548
-1923
-1462
-541
310
624
176
-924
-2278
-3349
-3676
-3057
-1635
139
1676
2453
2210
1041
-642
-2268
-3314
-3502
-2891
-1844
-880
-463
-813
-1820
-3076
-4029
-4197
-3353
-1622
554
2577
3902
4233
3625
2451
1255
541
582
1319
2391
3279
3520
2889
1499
-229
-1722
-2462
-2184
-974
756
2424
3484
3626
2882
1602
311
-497
-555
74
1027
1779
1853
1011
-641
-2684
-4527
-5625
-5675
-4724
-3148
-1511
-352
12
-403
-1267
-2072
-2339
-1812
-563
1025
2406
3071
2749
1516
-226
-1892
-2924
-2992
-2111
-625
927
2020
2342
1905
1035
239
0
574
1894
3571
5040
5765
5443
4118
2168
171
-1307
-1917
-1639
-786
132
613
360
-605
-1944
-3136
-3681
-3298
-2045
-305
1346
2350
2368
1402
-203
-1898
-3128
-3538
-3103
-2119
-1085
-498
-654
-1525
-2769
-3849
-4247
-3658
-2118
0
2118
3658
4247
3849
2769
1525
654
498
1085
2119
3103
3538
3128
1898
203
-1402
-2368
-2350
-1346
305
2045
3298
3681
3136
1944
605
-360
-613
-132
786
1639
1917
1307
-171
-2168
-4118
-5443
-5765
-5040
-3571
-1894
-574
0
-239
-1035
-1905
-2342
-2020
-927
625
2111
2992
2924
1892
226
-1516
-2749
-3071
-2406
-1025
563
1812
2339
2072
1267
403
-12
352
1511
3148
4724
5675
5625
4527
2684
641
-1011
-1853
-1779
-1027
-74
555
497
-311
-1602
-2882
-3626
-3484
-2424
-756
974
2184
2462
1722
229
-1499
-2889
-3520
-3279
-2391
-1319
-582
-541
-1255
-2451
-3625
-4233
-3902
-2577
-554
1622
3353
4197
4029
3076
1820
813
463
880
1844
2891
3502
3314
2268
642
-1041
-2210
-2453
-1676
-139
1635
3057
3676
3349
2278
924
-176
-624
-310
541
1462
1923
1548
265
-1649
-3668
-5196
-5787
-5308
-3981
-2301
-845
-63
-112
-808
-1710
-2296
-2179
-1260
221
1777
2853
3037
2228
674
-1107
-2515
-3087
-2656
-1412
178
1557
2285
2204
1494
595
26
181
1159
2722
4368
5521
5740
4889
3187
1137
-661
-1730
-1876
-1255
-301
453
585
-48
-1259
-2593
-3514
-3610
-2763
-1202
569
1958
2491
1993
647
-1077
-2600
-3445
-3414
-2651
-1575
-711
-477
-1015
-2132
-3365
-4159
-4082
-2991
-1098
1098
2991
4082
4159
3365
2132
1015
477
711
1575
2651
3414
3445
2600
1077
-647
-1993
-2491
-1958
-569
1202
2763
3610
3514
2593
1259
48
-585
-453
301
1255
1876
1730
661
-1137
-3187
-4889
-5740
-5521
-4368
-2722
-1159
-181
-26
-595
-1494
-2204
-2285
-1557
-178
1412
2656
3087
2515
1107
-674
-2228
-3037
-2853
-1777
-221
1260
2179
2296
1710
808
112
63
845
2301
3981
5308
5787
5196
3668
1649
-265
-1548
-1923
-1462
-541
310
624
176
-924
-2278
-3349
-3676
-3057
-1635
139
1676
2453
2210
1041
-642
-2268
-3314
-3502
-2891
-1844
-880
-463
-813
-1820
-3076
-4029
-4197
-3353
-1622
554
2577
3902
4233
3625
2451
1255
541
582
1319
2391
3279
3520
2889
1499
-229
-1722
-2462
-2184
-974
756
2424
3484
3626
2882
1602
311
-497
-555
74
1027
1779
1853
1011
-641
-2684
-4527
-5625
-5675
-4724
-3148
-1511
-352
12
-403
-1267
-2072
-2339
-1812
-563
1025
2406
3071
2749
1516
-226
-1892
-2924
-2992
-2111
-625
927
2020
2342
1905
1035
239
0
574
1894
3571
5040
5765
5443
4118
2168
171
-1307
-1917
-1639
-786
132
613
360
-605
-1944
-3136
-3681
-3298
-2045
-305
1346
2350
2368
1402
-203
-1898
-3128
-3538
-3103
-2119
-1085
-498
-654
-1525
-2769
-3849
-4247
-3658
-2118
0
2118
3658
4247
3849
2769
1525
654
498
1085
2119
3103
3538
3128
1898
203
-1402
-2368
-2350
-1346
305
2045
3298
3681
3136
1944
605
-360
-613
-132
786
1639
1917
1307
-171
-2168
-4118
-5443
-5765
-5040
-3571
-1894
-574
0
-239
-1035
-1905
-2342
-2020
-927
625
2111
2992
2924
1892
226
-1516
-2749
-3071
-2406
-1025
563
1812
2339
2072
1267
403
-12
352
1511
3148
4724
5675
5625
4527
2684
641
-1011
-1853
-1779
-1027
-74
555
497
-311
-1602
-2882
-3626
-3484
-2424
-756
974
2184
2462
1722
229
-1499
-2889
-3520
-3279
-2391
-1319
-582
-541
-1255
-2451
-3625
-4233
-3902
-2577
-554
1622
3353
4197
4029
3076
1820
813
463
880
1844
2891
3502
3314
2268
642
-1041
-2210
-2453
-1676
-139
1635
3057
3676
3349
2278
924
-176
-624
-310
541
1462
1923
1548
265
-1649
-3668
-5196
-5787
-5308
-3981
-2301
-845
-63
-112
-808
-1710
-2296
-2179
-1260
221
1777
2853
3037
2228
674
-1107
-2515
-3087
-2656
-1412
178
1557
2285
2204
1494
595
26
181
1159
2722
4368
5521
5740
4889
3187
1137
-661
-1730
-1876
-1255
-301
453
585
-48
-1259
-2593
-3514
-3610
-2763
-1202
569
1958
2491
1993
647
-1077
-2600
-3445
-3414
-2651
-1575
-711
-477
-1015
-2132
-3365
-4159
-4082
-2991
-1098
1098
2991
4082
4159
3365
2132
1015
477
711
1575
2651
3414
3445
2600
1077
-647
-1993
-2491
-1958
-569
1202
2763
3610
3514
2593
1259
48
-585
-453
301
1255
1876
1730
661
-1137
-3187
-4889
-5740
-5521
-4368
-2722
-1159
-181
-26
-595
-1494
-2204
-2285
-1557
-178
1412
2656
3087
2515
1107
-674
-2228
-3037
-2853
-1777
-221
1260
2179
2296
1710
808
112
63
845
2301
3981
5308
5787
5196
3668
1649
-265
-1548
-1923
-1462
-541
310
624
176
-924
-2278
-3349
-3676
-3057
-1635
139
1676
2453
2210
1041
-642
-2268
-3314
-3502
-2891
-1844
-880
-463
-813
-1820
-3076
-4029
-4197
-3353
-1622
554
2577
3902
4233
3625
2451
1255
541
582
1319
2391
3279
3520
2889
1499
-229
-1722
-2462
-2184
-974
756
2424
3484
3626
2882
1602
311
-497
-555
74
1027
1779
1853
1011
-641
-2684
-4527
-5625
-5675
-4724
-3148
-1511
-352
12
-403
-1267
-2072
-2339
-1812
-563
1025
2406
3071
2749
1516
-226
-1892
-2924
-2992
-2111
-625
927
2020
2342
1905
1035
239
0
574
1894
3571
5040
5765
5443
4118
2168
171
-1307
-1917
-1639
-786
132
613
360
-605
-1944
-3136
-3681
-3298
-2045
-305
1346
2350
2368
1402
-203
-1898
-3128
-3538
-3103
-2119
-1085
-498
-654
-1525
-2769
-3849
-4247
-3658
-2118
0
2118
3658
4247
3849
2769
1525
654
498
1085
2119
3103
3538
3128
1898
203
-1402
-2368
-2350
-1346
305
2045
3298
3681
3136
1944
605
-360
-613
-132
786
1639
1917
1307
-171
-2168
-4118
-5443
-5765
-5040
-3571
-1894
-574
0
-239
-1035
-1905
-2342
-2020
-927
625
2111
2992
2924
1892
226
-1516
-2749
-3071
-2406
-1025
563
1812
2339
2072
1267
403
-12
352
1511
3148
4724
5675
5625
4527
2684
641
-1011
-1853
-1779
-1027
-74
555
497
-311
-1602
-2882
-3626
-3484
-2424
-756
974
2184
2462
1722
229
-1499
-2889
-3520
-3279
-2391
-1319
-582
-541
-1255
-2451
-3625
-4233
-3902
-2577
-554
1622
3353
4197
4029
3076
1820
813
463
880
1844
2891
3502
3314
2268
642
-1041
-2210
-2453
-1676
-139
1635
3057
3676
3349
2278
924
-176
-624
-310
541
1462
1923
1548
265
-1649
-3668
-5196
-5787
-5308
-3981
-2301
-845
-63
-112
-808
-1710
-2296
-2179
-1260
221
1777
2853
3037
2228
674
-1107
-2515
-3087
-2656
-1412
178
1557
2285
2204
1494
595
26
181
1159
2722
4368
5521
5740
4889
3187
1137
-661
-1730
-1876
-1255
-301
453
585
-48
-1259
-2593
-3514
-3610
-2763
-1202
569
1958
2491
1993
647
-1077
-2600
-3445
-3414
-2651
-1575
-711
-477
-1015
-2132
-3365
-4159
-4082
-2991
-1098
1098
2991
4082
4159
3365
2132
1015
477
711
1575
2651
3414
3445
2600
1077
-647
-1993
-2491
-1958
-569
1202
2763
3610
3514
2593
1259
48
-585
-453
301
1255
1876
1730
661
-1137
-3187
-4889
-5740
-5521
-4368
-2722
-1159
-181
-26
-595
-1494
-2204
-2285
-1557
-178
1412
2656
3087
2515
1107
-674
-2228
-3037
-2853
-1777
-221
1260
2179
2296
1710
808
112
63
845
2301
3981
5308
5787
5196
3668
1649
-265
-1548
-1923
-1462
-541
310
624
176
-924
-2278
-3349
-3676
-3057
-1635
139
1676
2453
2210
1041
-642
-2268
-3314
-3502
-2891
-1844
-880
-463
-813
-1820
-3076
-4029
-4197
-3353
-1622
554
2577
3902
4233
3625
2451
1255
541
582
1319
2391
3279
3520
2889
1499
-229
-1722
-2462
-2184
-974
756
2424
3484
3626
2882
1602
311
-497
-555
74
1027
1779
1853
1011
-641
-2684
-4527
-5625
-5675
-4724
-3148
-1511
-352
12
-403
-1267
-2072
-2339
-1812
-563
1025
2406
3071
2749
1516
-226
-1892
-2924
-2992
-2111
-625
927
2020
2342
1905
1035
239
0
574
1894
3571
5040
5765
5443
4118
2168
171
-1307
-1917
-1639
-786
132
613
360
-605
-1944
-3136
-3681
-3298
-2045
-305
1346
2350
2368
1402
-203
-1898
-3128
-3538
-3103
-2119
-1085
-498
-654
-1525
-2769
-3849
-4247
-3658
-2118
0
2118
3658
4247
3849
2769
1525
654
498
1085
2119
3103
3538
3128
1898
203
-1402
-2368
-2350
-1346
305
2045
3298
3681
3136
1944
605
-360
-613
-132
786
1639
1917
1307
-171
-2168
-4118
-5443
-5765
-5040
-3571
-1894
-574
0
-239
-1035
-1905
-2342
-2020
-927
625
2111
2992
2924
1892
226
-1516
-2749
-3071
-2406
-1025
563
1812
2339
2072
1267
403
-12
352
1511
3148
4724
5675
5625
4527
2684
641
-1011
-1853
-1779
-1027
-74
555
497
-311
-1602
-2882
-3626
-3484
-2424
-756
974
2184
2462
1722
229
-1499
-2889
-3520
-3279
-2391
-1319
-582
-541
-1255
-2451
-3625
-4233
-3902
-2577
-554
1622
3353
4197
4029
3076
1820
813
463
880
1844
2891
3502
3314
2268
642
-1041
-2210
-2453
-1676
-139
1635
3057
3676
3349
2278
924
-176
-624
-310
541
1462
1923
1548
265
-1649
-3668
-5196
-5787
-5308
-3981
-2301
-845
-63
-112
-808
-1710
-2296
-2179
-1260
221
1777
2853
3037
2228
674
-1107
-2515
-3087
-2656
-1412
178
1557
2285
2204
1494
595
26
181
1159
2722
4368
5521
5740
4889
3187
1137
-661
-1730
-1876
-1255
-301
453
585
-48
-1259
-2593
-3514
-3610
-2763
-1202
569
1958
2491
1993
647
-1077
-2600
-3445
-3414
-2651
-1575
-711
-477
-1015
-2132
-3365
-4159
-4082
-2991
-1098
1098
2991
4082
4159
3365
2132
1015
477
711
1575
2651
3414
3445
2600
1077
-647
-1993
-2491
-1958
-569
1202
2763
3610
3514
2593
1259
48
-585
-453
301
1255
1876
1730
661
-1137
-3187
-4889
-5740
-5521
-4368
-2722
-1159
-181
-26
-595
-1494
-2204
-2285
-1557
-178
1412
2656
3087
2515
1107
-674
-2228
-3037
-2853
-1777
-221
1260
2179
2296
1710
808
112
63
845
2301
3981
5308
5787
5196
3668
1649
-265
-1548
-1923
-1462
-541
310
624
176
-924
-2278
-3349
-3676
-3057
-1635
139
1676
2453
2210
1041
-642
-2268
-3314
-3502
-2891
-1844
-880
-463
-813
-1820
-3076
-4029
-4197
-3353
-1622
554
2577
3902
4233
3625
2451
1255
541
582
1319
2391
3279
3520
2889
1499
-229
-1722
-2462
-2184
-974
756
2424
3484
3626
2882
1602
311
-497
-555
74
1027
1779
1853
1011
-641
-2684
-4527
-5625
-5675
-4724
-3148
-1511
-352
12
-403
-1267
-2072
-2339
-1812
-563
1025
2406
3071
2749
1516
-226
-1892
-2924
-2992
-2111
-625
927
2020
2342
1905
1035
239
0
574
1894
3571
5040
5765
5443
4118
2168
171
-1307
-1917
-1639
-786
132
613
360
-605
-1944
-3136
-3681
-3298
-2045
-305
1346
2350
2368
1402
-203
-1898
-3128
-3538
-3103
-2119
-1085
-498
-654
-1525
-2769
-3849
-4247
-3658
-2118
0
2118
3658
4247
3849
2769
1525
654
498
1085
2119
3103
3538
3128
1898
203
-1402
-2368
-2350
-1346
305
2045
3298
3681
3136
1944
605
-360
-613
-132
786
1639
1917
1307
-171
-2168
-4118
-5443
-5765
-5040
-3571
-1894
-574
0
-239
-1035
-1905
-2342
-2020
-927
625
2111
2992
2924
1892
226
-1516
-2749
-3071
-2406
-1025
563
1812
2339
2072
1267
403
-12
352
1511
3148
4724
5675
5625
4527
2684
641
-1011
-1853
-1779
-1027
-74
555
497
-311
-1602
-2882
-3626
-3484
-2424
-756
974
2184
2462
1722
229
-1499
-2889
-3520
-3279
-2391
-1319
-582
-541
-1255
-2451
-3625
-4233
-3902
-2577
-554
1622
3353
4197
4029
3076
1820
813
463
880
1844
2891
3502
3314
2268
642
-1041
-2210
-2453
-1676
-139
1635
3057
3676
3349
2278
924
-176
-624
-310
541
1462
1923
1548
265
-1649
-3668
-5196
-5787
-5308
-3981
-2301
-845
-63
-112
-808
-1710
-2296
-2179
-1260
221
1777
2853
3037
2228
674
-1107
-2515
-3087
-2656
-1412
178
1557
2285
2204
1494
595
26
181
1159
2722
4368
5521
5740
4889
3187
1137
-661
-1730
-1876
-1255
-301
453
585
-48
-1259
-2593
-3514
-3610
-2763
-1202
569
1958
2491
1993
647
-1077
-2600
-3445
-3414
-2651
-1575
-711
-477
-1015
-2132
-3365
-4159
-4082
-2991
-1098
1098
2991
4082
4159
3365
2132
1015
477
711
1575
2651
3414
3445
2600
1077
-647
-1993
-2491
-1958
-569
1202
2763
3610
3514
2593
1259
48
-585
-453
301
1255
1876
1730
661
-1137
-3187
-4889
-5740
-5521
-4368
-2722
-1159
-181
-26
-595
-1494
-2204
-2285
-1557
-178
1412
2656
3087
2515
1107
-674
-2228
-3037
-2853
-1777
-221
1260
2179
2296
1710
808
112
63
845
2301
3981
5308
5787
5196
3668
1649
-265
-1548
-1923
-1462
-541
310
624
176
-924
-2278
-3349
-3676
-3057
-1635
139
1676
2453
2210
1041
-642
-2268
-3314
-3502
-2891
-1844
-880
-463
-813
-1820
-3076
-4029
-4197
-3353
-1622
554
2577
3902
4233
3625
2451
1255
541
582
1319
2391
3279
3520
2889
1499
-229
-1722
-2462
-2184
-974
756
2424
3484
3626
2882
1602
311
-497
-555
74
1027
1779
1853
1011
-641
-2684
-4527
-5625
-5675
-4724
-3148
-1511
-352
12
-403
-1267
-2072
-2339
-1812
-563
1025
2406
3071
2749
1516
-226
-1892
-2924
-2992
-2111
-625
927
2020
2342
1905
1035
239
0
574
1894
3571
5040
5765
5443
4118
2168
171
-1307
-1917
-1639
-786
132
613
360
-605
-1944
-3136
-3681
-3298
-2045
-305
1346
2350
2368
1402
-203
-1898
-3128
-3538
-3103
-2119
-1085
-498
-654
-1525
-2769
-3849
-4247
-3658
-2118
0
2118
3658
4247
3849
2769
1525
654
498
1085
2119
3103
3538
3128
1898
203
-1402
-2368
-2350
-1346
305
2045
3298
3681
3136
1944
605
-360
-613
-132
786
1639
1917
1307
-171
-2168
-4118
-5443
-5765
-5040
-3571
-1894
-574
0
-239
-1035
-1905
-2342
-2020
-927
625
2111
2992
2924
1892
226
-1516
-2749
-3071
-2406
-1025
563
1812
2339
2072
1267
403
-12
352
1511
3148
4724
5675
5625
4527
2684
641
-1011
-1853
-1779
-1027
-74
555
497
-311
-1602
-2882
-3626
-3484
-2424
-756
974
2184
2462
1722
229
-1499
-2889
-3520
-3279
-2391
-1319
-582
-541
-1255
-2451
-3625
-4233
-3902
-2577
-554
1622
3353
4197
4029
3076
1820
813
463
880
1844
2891
3502
3314
2268
642
-1041
-2210
-2453
-1676
-139
1635
3057
3676
3349
2278
924
-176
-624
-310
541
1462
1923
1548
265
-1649
-3668
-5196
-5787
-5308
-3981
-2301
-845
-63
-112
-808
-1710
-2296
-2179
-1260
221
1777
2853
3037
2228
674
-1107
-2515
-3087
-2656
-1412
178
1557
2285
2204
1494
595
26
181
1159
2722
4368
5521
5740
4889
3187
1137
-661
-1730
-1876
-1255
-301
453
585
-48
-1259
-2593
-3514
-3610
-2763
-1202
569
1958
2491
1993
647
-1077
-2600
-3445
-3414
-2651
-1575
-711
-477
-1015
-2132
-3365
-4159
-4082
-2991
-1098
1098
2991
4082
4159
3365
2132
1015
477
711
1575
2651
3414
3445
2600
1077
-647
-1993
-2491
-1958
-569
1202
2763
3610
3514
2593
1259
48
-585
-453
301
1255
1876
1730
661
-1137
-3187
-4889
-5740
-5521
-4368
-2722
-1159
-181
-26
-595
-1494
-2204
-2285
-1557
-178
1412
2656
3087
2515
1107
-674
-2228
-3037
-2853
-1777
-221
1260
2179
2296
1710
808
112
63
845
2301
3981
5308
5787
5196
3668
1649
-265
-1548
-1923
-1462
-541
310
624
176
-924
-2278
-3349
-3676
-3057
-1635
139
1676
2453
2210
1041
-642
-2268
-3314
-3502
-2891
-1844
-880
-463
-813
-1820
-3076
-4029
-4197
-3353
-1622
554
2577
3902
4233
3625
2451
1255
541
582
1319
2391
3279
3520
2889
1499
-229
-1722
-2462
-2184
-974
756
2424
3484
3626
2882
1602
311
-497
-555
74
1027
1779
1853
1011
-641
-2684
-4527
-5625
-5675
-4724
-3148
-1511
-352
12
-403
-1267
-2072
-2339
-1812
-563
1025
2406
3071
2749
1516
-226
-1892
-2924
-2992
-2111
-625
927
2020
2342
1905
1035
239
0
574
1894
3571
5040
5765
5443
4118
2168
171
-1307
-1917
-1639
-786
132
613
360
-605
-1944
-3136
-3681
-3298
-2045
-305
1346
2350
2368
1402
-203
-1898
-3128
-3538
-3103
-2119
-1085
-498
-654
-1525
-2769
-3849
-4247
-3658
-2118
0
2118
3658
4247
3849
2769
1525
654
498
1085
2119
3103
3538
3128
1898
203
-1402
-2368
-2350
-1346
305
2045
3298
3681
3136
1944
605
-360
-613
-132
786
1639
1917
1307
-171
-2168
-4118
-5443
-5765
-5040
-3571
-1894
-574
0
-239
-1035
-1905
-2342
-2020
-927
625
2111
2992
2924
1892
226
-1516
-2749
-3071
-2406
-1025
563
1812
2339
2072
1267
403
-12
352
1511
3148
4724
5675
5625
4527
2684
641
-1011
-1853
-1779
-1027
-74
555
497
-311
-1602
-2882
-3626
-3484
-2424
-756
974
2184
2462
1722
229
-1499
-2889
-3520
-3279
-2391
-1319
-582
-541
-1255
-2451
-3625
-4233
-3902
-2577
-554
1622
3353
4197
4029
3076
1820
813
463
880
1844
2891
3502
3314
2268
642
-1041
-2210
-2453
-1676
-139
1635
3057
3676
3349
2278
924
-176
-624
-310
541
1462
1923
1548
265
-1649
-3668
-5196
-5787
-5308
-3981
-2301
-845
-63
-112
-808
-1710
-2296
-2179
-1260
221
1777
2853
3037
2228
674
-1107
-2515
-3087
-2656
-1412
178
1557
2285
2204
1494
595
26
181
1159
2722
4368
5521
5740
4889
3187
1137
-661
-1730
-1876
-1255
-301
453
585
-48
-1259
-2593
-3514
-3610
-2763
-1202
569
1958
2491
1993
647
-1077
-2600
-3445
-3414
-2651
-1575
-711
-477
-1015
-2132
-3365
-4159
-4082
-2991
-1098
1098
2991
4082
4159
3365
2132
1015
477
711
1575
2651
3414
3445
2600
1077
-647
-1993
-2491
-1958
-569
1202
2763
3610
3514
2593
1259
48
-585
-453
301
1255
1876
1730
661
-1137
-3187
-4889
-5740
-5521
-4368
-2722
-1159
-181
-26
-595
-1494
-2204
-2285
-1557
-178
1412
2656
3087
2515
1107
-674
-2228
-3037
-2853
-1777
-221
1260
2179
2296
1710
808
112
63
845
2301
3981
5308
5787
5196
3668
1649
-265
-1548
-1923
-1462
-541
310
624
176
-924
-2278
-3349
-3676
-3057
-1635
139
1676
2453
2210
1041
-642
-2268
-3314
-3502
-2891
-1844
-880
-463
-813
-1820
-3076
-4029
-4197
-3353
-1622
554
2577
3902
4233
3625
2451
1255
541
582
1319
2391
3279
3520
2889
1499
-229
-1722
-2462
-2184
-974
756
2424
3484
3626
2882
1602
311
-497
-555
74
1027
1779
1853
1011
-641
-2684
-4527
-5625
-5675
-4724
-3148
-1511
-352
12
-403
-1267
-2072
-2339
-1812
-563
1025
2406
3071
2749
1516
-226
-1892
-2924
-2992
-2111
-625
927
2020
2342
1905
1035
239
0
574
1894
3571
5040
5765
5443
4118
2168
171
-1307
-1917
-1639
-786
132
613
360
-605
-1944
-3136
-3681
-3298
-2045
-305
1346
2350
2368
1402
-203
-1898
-3128
-3538
-3103
-2119
-1085
-498
-654
-1525
-2769
-3849
-4247
-3658
-2118
0
2118
3658
4247
3849
2769
1525
654
498
1085
2119
3103
3538
3128
1898
203
-1402
-2368
-2350
-1346
305
2045
3298
3681
3136
1944
605
-360
-613
-132
786
1639
1917
1307
-171
-2168
-4118
-5443
-5765
-5040
-3571
-1894
-574
0
-239
-1035
-1905
-2342
-2020
-927
625
2111
2992
2924
1892
226
-1516
-2749
-3071
-2406
-1025
563
1812
2339
2072
1267
403
-12
352
1511
3148
4724
5675
5625
4527
2684
641
-1011
-1853
-1779
-1027
-74
555
497
-311
-1602
-2882
-3626
-3484
-2424
-756
974
2184
2462
1722
229
-1499
-2889
-3520
-3279
-2391
-1319
-582
-541
-1255
-2451
-3625
-4233
-3902
-2577
-554
1622
3353
4197
4029
3076
1820
813
463
880
1844
2891
3502
3314
2268
642
-1041
-2210
-2453
-1676
-139
1635
3057
3676
3349
2278
924
-176
-624
-310
541
1462
1923
1548
265
-1649
-3668
-5196
-5787
-5308
-3981
-2301
-845
-63
-112
-808
-1710
-2296
-2179
-1260
221
1777
2853
3037
2228
674
-1107
-2515
-3087
-2656
-1412
178
1557
2285
2204
1494
595
26
181
1159
2722
4368
5521
5740
4889
3187
1137
-661
-1730
-1876
-1255
-301
453
585
-48
-1259
-2593
-3514
-3610
-2763
-1202
569
1958
2491
1993
647
-1077
-2600
-3445
-3414
-2651
-1575
-711
-477
-1015
-2132
-3365
-4159
-4082
-2991
-1098
1098
2991
4082
4159
3365
2132
1015
477
711
1575
2651
3414
3445
2600
1077
-647
-1993
-2491
-1958
-569
1202
2763
3610
3514
2593
1259
48
-585
-453
301
1255
1876
1730
661
-1137
-3187
-4889
-5740
-5521
-4368
-2722
-1159
-181
-26
-595
-1494
-2204
-2285
-1557
-178
1412
2656
3087
2515
1107
-674
-2228
-3037
-2853
-1777
-221
1260
2179
2296
1710
808
112
63
845
2301
3981
5308
5787
5196
3668
1649
-265
-1548
-1923
-1462
-541
310
624
176
-924
-2278
-3349
-3676
-3057
-1635
139
1676
2453
2210
1041
-642
-2268
-3314
-3502
-2891
-1844
-880
-463
-813
-1820
-3076
-4029
-4197
-3353
-1622
554
2577
3902
4233
3625
2451
1255
541
582
1319
2391
3279
3520
2889
1499
-229
-1722
-2462
-2184
-974
756
2424
3484
3626
2882
1602
311
-497
-555
74
1027
1779
1853
1011
-641
-2684
-4527
-5625
-5675
-4724
-3148
-1511
-352
12
-403
-1267
-2072
-2339
-1812
-563
1025
2406
3071
2749
1516
-226
-1892
-2924
-2992
-2111
-625
927
2020
2342
1905
1035
239
0
574
1894
3571
5040
5765
5443
4118
2168
171
-1307
-1917
-1639
-786
132
613
360
-605
-1944
-3136
-3681
-3298
-2045
-305
1346
2350
2368
1402
-203
-1898
-3128
-3538
-3103
-2119
-1085
-498
-654
-1525
-2769
-3849
-4247
-3658
-2118
0
2118
3658
4247
3849
2769
1525
654
498
1085
2119
3103
3538
3128
1898
203
-1402
-2368
-2350
-1346
305
2045
3298
3681
3136
1944
605
-360
-613
-132
786
1639
1917
1307
-171
-2168
-4118
-5443
-5765
-5040
-3571
-1894
-574
0
-239
-1035
-1905
-2342
-2020
-927
625
2111
2992
2924
1892
226
-1516
-2749
-3071
-2406
-1025
563
1812
2339
2072
1267
403
-12
352
1511
3148
4724
5675
5625
4527
2684
641
-1011
-1853
-1779
-1027
-74
555
497
-311
-1602
-2882
-3626
-3484
-2424
-756
974
2184
2462
1722
229
-1499
-2889
-3520
-3279
-2391
-1319
-582
-541
-1255
-2451
-3625
-4233
-3902
-2577
-554
1622
3353
4197
4029
3076
1820
813
463
880
1844
2891
3502
3314
2268
642
-1041
-2210
-2453
-1676
-139
1635
3057
3676
3349
2278
924
-176
-624
-310
541
1462
1923
1548
265
-1649
-3668
-5196
-5787
-5308
-3981
-2301
-845
-63
-112
-808
-1710
-2296
-2179
-1260
221
1777
2853
3037
2228
674
-1107
-2515
-3087
-2656
-1412
178
1557
2285
2204
1494
595
26
181
1159
2722
4368
5521
5740
4889
3187
1137
-661
-1730
-1876
-1255
-301
453
585
-48
-1259
-2593
-3514
-3610
-2763
-1202
569
1958
2491
1993
647
-1077
-2600
-3445
-3414
-2651
-1575
-711
-477
-1015
-2132
-3365
-4159
-4082
-2991
-1098
1098
2991
4082
4159
3365
2132
1015
477
711
1575
2651
3414
3445
2600
1077
-647
-1993
-2491
-1958
-569
1202
2763
3610
3514
2593
1259
48
-585
-453
301
1255
1876
1730
661
-1137
-3187
-4889
-5740
-5521
-4368
-2722
-1159
-181
-26
-595
-1494
-2204
-2285
-1557
-178
1412
2656
3087
2515
1107
-674
-2228
-3037
-2853
-1777
-221
1260
2179
2296
1710
808
112
63
845
2301
3981
5308
5787
5196
3668
1649
-265
-1548
-1923
-1462
-541
310
624
176
-924
-2278
-3349
-3676
-3057
-1635
139
1676
2453
2210
1041
-642
-2268
-3314
-3502
-2891
-1844
-880
-463
-813
-1820
-3076
-4029
-4197
-3353
-1622
554
2577
3902
4233
3625
2451
1255
541
582
1319
2391
3279
3520
2889
1499
-229
-1722
-2462
-2184
-974
756
2424
3484
3626
2882
1602
311
-497
-555
74
1027
1779
1853
1011
-641
-2684
-4527
-5625
-5675
-4724
-3148
-1511
-352
12
-403
-1267
-2072
-2339
-1812
-563
1025
2406
3071
2749
1516
-226
-1892
-2924
-2992
-2111
-625
927
2020
2342
1905
1035
239
0
574
1894
3571
5040
5765
5443
4118
2168
171
-1307
-1917
-1639
-786
132
613
360
-605
-1944
-3136
-3681
-3298
-2045
-305
1346
2350
2368
1402
-203
-1898
-3128
-3538
-3103
-2119
-1085
-498
-654
-1525
-2769
-3849
-4247
-3658
-2118
0
2118
3658
4247
3849
2769
1525
654
498
1085
2119
3103
3538
3128
1898
203
-1402
-2368
-2350
-1346
305
2045
3298
3681
3136
1944
605
-360
-613
-132
786
1639
1917
1307
-171
-2168
-4118
-5443
-5765
-5040
-3571
-1894
-574
0
-239
-1035
-1905
-2342
-2020
-927
625
2111
2992
2924
1892
226
-1516
-2749
-3071
-2406
-1025
563
1812
2339
2072
1267
403
-12
352
1511
3148
4724
5675
5625
4527
2684
641
-1011
-1853
-1779
-1027
-74
555
497
-311
-1602
-2882
-3626
-3484
-2424
-756
974
2184
2462
1722
229
-1499
-2889
-3520
-3279
-2391
-1319
-582
-541
-1255
-2451
-3625
-4233
-3902
-2577
-554
1622
3353
4197
4029
3076
1820
813
463
880
1844
2891
3502
3314
2268
642
-1041
-2210
-2453
-1676
-139
1635
3057
3676
3349
2278
924
-176
-624
-310
541
1462
1923
1548
265
-1649
-3668
-5196
-5787
-5308
-3981
-2301
-845
-63
-112
-808
-1710
-2296
-2179
-1260
221
1777
2853
3037
2228
674
-1107
-2515
-3087
-2656
-1412
178
1557
2285
2204
1494
595
26
181
1159
2722
4368
5521
5740
4889
3187
1137
-661
-1730
-1876
-1255
-301
453
585
-48
-1259
-2593
-3514
-3610
-2763
-1202
569
1958
2491
1993
647
-1077
-2600
-3445
-3414
-2651
-1575
-711
-477
-1015
-2132
-3365
-4159
-4082
-2991
-1098
1098
2991
4082
4159
3365
2132
1015
477
711
1575
2651
3414
3445
2600
1077
-647
-1993
-2491
-1958
-569
1202
2763
3610
3514
2593
1259
48
-585
-453
301
1255
1876
1730
661
-1137
-3187
-4889
-5740
-5521
-4368
-2722
-1159
-181
-26
-595
-1494
-2204
-2285
-1557
-178
1412
2656
3087
2515
1107
-674
-2228
-3037
-2853
-1777
-221
1260
2179
2296
1710
808
112
63
845
2301
3981
5308
5787
5196
3668
1649
-265
-1548
-1923
-1462
-541
310
624
176
-924
-2278
-3349
-3676
-3057
-1635
139
1676
2453
2210
1041
-642
-2268
-3314
-3502
-2891
-1844
-880
-463
-813
-1820
-3076
-4029
-4197
-3353
-1622
554
2577
3902
4233
3625
2451
1255
541
582
1319
2391
3279
3520
2889
1499
-229
-1722
-2462
-2184
-974
756
2424
3484
3626
2882
1602
311
-497
-555
74
1027
1779
1853
1011
-641
-2684
-4527
-5625
-5675
-4724
-3148
-1511
-352
12
-403
-1267
-2072
-2339
-1812
-563
1025
2406
3071
2749
1516
-226
-1892
-2924
-2992
-2111
-625
927
2020
2342
1905
1035
239
0
574
1894
3571
5040
5765
5443
4118
2168
171
-1307
-1917
-1639
-786
132
613
360
-605
-1944
-3136
-3681
-3298
-2045
-305
1346
2350
2368
1402
-203
-1898
-3128
-3538
-3103
-2119
-1085
-498
-654
-1525
-2769
-3849
-4247
-3658
-2118
0
2118
3658
4247
3849
2769
1525
654
498
1085
2119
3103
3538
3128
1898
203
-1402
-2368
-2350
-1346
305
2045
3298
3681
3136
1944
605
-360
-613
-132
786
1639
1917
1307
-171
-2168
-4118
-5443
-5765
-5040
-3571
-1894
-574
0
-239
-1035
-1905
-2342
-2020
-927
625
2111
2992
2924
1892
226
-1516
-2749
-3071
-2406
-1025
563
1812
2339
2072
1267
403
-12
352
1511
3148
4724
5675
5625
4527
2684
641
-1011
-1853
-1779
-1027
-74
555
497
-311
-1602
-2882
-3626
-3484
-2424
-756
974
2184
2462
1722
229
-1499
-2889
-3520
-3279
-2391
-1319
-582
-541
-1255
-2451
-3625
-4233
-3902
-2577
-554
1622
3353
4197
4029
3076
1820
813
463
880
1844
2891
3502
3314
2268
642
-1041
-2210
-2453
-1676
-139
1635
3057
3676
3349
2278
924
-176
-624
-310
541
1462
1923
1548
265
-1649
-3668
-5196
-5787
-5308
-3981
-2301
-845
-63
-112
-808
-1710
-2296
-2179
-1260
221
1777
2853
3037
2228
674
-1107
-2515
-3087
-2656
-1412
178
1557
2285
2204
1494
595
26
181
1159
2722
4368
5521
5740
4889
3187
1137
-661
-1730
-1876
-1255
-301
453
585
-48
-1259
-2593
-3514
-3610
-2763
-1202
569
1958
2491
1993
647
-1077
-2600
-3445
-3414
-2651
-1575
-711
-477
-1015
-2132
-3365
-4159
-4082
-2991
-1098
1098
2991
4082
4159
3365
2132
1015
477
711
1575
2651
3414
3445
2600
1077
-647
-1993
-2491
-1958
-569
1202
2763
3610
3514
2593
1259
48
-585
-453
301
1255
1876
1730
661
-1137
-3187
-4889
-5740
-5521
-4368
-2722
-1159
-181
-26
-595
-1494
-2204
-2285
-1557
-178
1412
2656
3087
2515
1107
-674
-2228
-3037
-2853
-1777
-221
1260
2179
2296
1710
808
112
63
845
2301
3981
5308
5787
5196
3668
1649
-265
-1548
-1923
-1462
-541
310
624
176
-924
-2278
-3349
-3676
-3057
-1635
139
1676
2453
2210
1041
-642
-2268
-3314
-3502
-2891
-1844
-880
-463
-813
-1820
-3076
-4029
-4197
-3353
-1622
554
2577
3902
4233
3625
2451
1255
541
582
1319
2391
3279
3520
2889
1499
-229
-1722
-2462
-2184
-974
756
2424
3484
3626
2882
1602
311
-497
-555
74
1027
1779
1853
1011
-641
-2684
-4527
-5625
-5675
-4724
-3148
-1511
-352
12
-403
-1267
-2072
-2339
-1812
-563
1025
2406
3071
2749
1516
-226
-1892
-2924
-2992
-2111
-625
927
2020
2342
1905
1035
239
0
574
1894
3571
5040
5765
5443
4118
2168
171
-1307
-1917
-1639
-786
132
613
360
-605
-1944
-3136
-3681
-3298
-2045
-305
1346
2350
2368
1402
-203
-1898
-3128
-3538
-3103
-2119
-1085
-498
-654
-1525
-2769
-3849
-4247
-3658
-2118
0
2118
3658
4247
3849
2769
1525
654
498
1085
2119
3103
3538
3128
1898
203
-1402
-2368
-2350
-1346
305
2045
3298
3681
3136
1944
605
-360
-613
-132
786
1639
1917
1307
-171
-2168
-4118
-5443
-5765
-5040
-3571
-1894
-574
0
-239
-1035
-1905
-2342
-2020
-927
625
2111
2992
2924
1892
226
-1516
-2749
-3071
-2406
-1025
563
1812
2339
2072
1267
403
-12
352
1511
3148
4724
5675
5625
4527
2684
641
-1011
-1853
-1779
-1027
-74
555
497
-311
-1602
-2882
-3626
-3484
-2424
-756
974
2184
2462
1722
229
-1499
-2889
-3520
-3279
-2391
-1319
-582
-541
-1255
-2451
-3625
-4233
-3902
-2577
-554
1622
3353
4197
4029
3076
1820
813
463
880
1844
2891
3502
3314
2268
642
-1041
-2210
-2453
-1676
-139
1635
3057
3676
3349
2278
924
-176
-624
-310
541
1462
1923
1548
265
-1649
-3668
-5196
-5787
-5308
-3981
-2301
-845
-63
-112
-808
-1710
-2296
-2179
-1260
221
1777
2853
3037
2228
674
-1107
-2515
-3087
-2656
-1412
178
1557
2285
2204
1494
595
26
181
1159
2722
4368
5521
5740
4889
3187
1137
-661
-1730
-1876
-1255
-301
453
585
-48
-1259
-2593
-3514
-3610
-2763
-1202
569
1958
2491
1993
647
-1077
-2600
-3445
-3414
-2651
-1575
-711
-477
-1015
-2132
-3365
-4159
-4082
-2991
-1098
1098
2991
4082
4159
3365
2132
1015
477
711
1575
2651
3414
3445
2600
1077
-647
-1993
-2491
-1958
-569
1202
2763
3610
3514
2593
1259
48
-585
-453
301
1255
1876
1730
661
-1137
-3187
-4889
-5740
-5521
-4368
-2722
-1159
-181
-26
-595
-1494
-2204
-2285
-1557
-178
1412
2656
3087
2515
1107
-674
-2228
-3037
-2853
-1777
-221
1260
2179
2296
1710
808
112
63
845
2301
3981
5308
5787
5196
3668
1649
-265
-1548
-1923
-1462
-541
310
624
176
-924
-2278
-3349
-3676
-3057
-1635
139
1676
2453
2210
1041
-642
-2268
-3314
-3502
-2891
-1844
-880
-463
-813
-1820
-3076
-4029
-4197
-3353
-1622
554
2577
3902
4233
3625
2451
1255
541
582
1319
2391
3279
3520
2889
1499
-229
-1722
-2462
-2184
-974
756
2424
3484
3626
2882
1602
311
-497
-555
74
1027
1779
1853
1011
-641
-2684
-4527
-5625
-5675
-4724
-3148
-1511
-352
12
-403
-1267
-2072
-2339
-1812
-563
1025
2406
3071
2749
1516
-226
-1892
-2924
-2992
-2111
-625
927
2020
2342
1905
1035
239
0
574
1894
3571
5040
5765
5443
4118
2168
171
-1307
-1917
-1639
-786
132
613
360
-605
-1944
-3136
-3681
-3298
-2045
-305
1346
2350
2368
1402
-203
-1898
-3128
-3538
-3103
-2119
-1085
-498
-654
-1525
-2769
-3849
-4247
-3658
-2118
0
2118
3658
4247
3849
2769
1525
654
498
1085
2119
3103
3538
3128
1898
203
-1402
-2368
-2350
-1346
305
2045
3298
3681
3136
1944
605
-360
-613
-132
786
1639
1917
1307
-171
-2168
-4118
-5443
-5765
-5040
-3571
-1894
-574
0
-239
-1035
-1905
-2342
-2020
-927
625
2111
2992
2924
1892
226
-1516
-2749
-3071
-2406
-1025
563
1812
2339
2072
1267
403
-12
352
1511
3148
4724
5675
5625
4527
2684
641
-1011
-1853
-1779
-1027
-74
555
497
-311
-1602
-2882
-3626
-3484
-2424
-756
974
2184
2462
1722
229
-1499
-2889
-3520
-3279
-2391
-1319
-582
-541
-1255
-2451
-3625
-4233
-3902
-2577
-554
1622
3353
4197
4029
3076
1820
813
463
880
1844
2891
3502
3314
2268
642
-1041
-2210
-2453
-1676
-139
1635
3057
3676
3349
2278
924
-176
-624
-310
541
1462
1923
1548
265
-1649
-3668
-5196
-5787
-5308
-3981
-2301
-845
-63
-112
-808
-1710
-2296
-2179
-1260
221
1777
2853
3037
2228
674
-1107
-2515
-3087
-2656
-1412
178
1557
2285
2204
1494
595
26
181
1159
2722
4368
5521
5740
4889
3187
1137
-661
-1730
-1876
-1255
-301
453
585
-48
-1259
-2593
-3514
-3610
-2763
-1202
569
1958
2491
1993
647
-1077
-2600
-3445
-3414
-2651
-1575
-711
-477
-1015
-2132
-3365
-4159
-4082
-2991
-1098
1098
2991
4082
4159
3365
2132
1015
477
711
1575
2651
3414
3445
2600
1077
-647
-1993
-2491
-1958
-569
1202
2763
3610
3514
2593
1259
48
-585
-453
301
1255
1876
1730
661
-1137
-3187
-4889
-5740
-5521
-4368
-2722
-1159
-181
-26
-595
-1494
-2204
-2285
-1557
-178
1412
2656
3087
2515
1107
-674
-2228
-3037
-2853
-1777
-221
1260
2179
2296
1710
808
112
63
845
2301
3981
5308
5787
5196
3668
1649
-265
-1548
-1923
-1462
-541
310
624
176
-924
-2278
-3349
-3676
-3057
-1635
139
1676
2453
2210
1041
-642
-2268
-3314
-3502
-2891
-1844
-880
-463
-813
-1820
-3076
-4029
-4197
-3353
-1622
554
2577
3902
4233
3625
2451
1255
541
582
1319
2391
3279
3520
2889
1499
-229
-1722
-2462
-2184
-974
756
2424
3484
3626
2882
1602
311
-497
-555
74
1027
1779
1853
1011
-641
-2684
-4527
-5625
-5675
-4724
-3148
-1511
-352
12
-403
-1267
-2072
-2339
-1812
-563
1025
2406
3071
2749
1516
-226
-1892
-2924
-2992
-2111
-625
927
2020
2342
1905
1035
239
0
574
1894
3571
5040
5765
5443
4118
2168
171
-1307
-1917
-1639
-786
132
613
360
-605
-1944
-3136
-3681
-3298
-2045
-305
1346
2350
2368
1402
-203
-1898
-3128
-3538
-3103
-2119
-1085
-498
-654
-1525
-2769
-3849
-4247
-3658
-2118
0
2118
3658
4247
3849
2769
1525
654
498
1085
2119
3103
3538
3128
1898
203
-1402
-2368
-2350
-1346
305
2045
3298
3681
3136
1944
605
-360
-613
-132
786
1639
1917
1307
-171
-2168
-4118
-5443
-5765
-5040
-3571
-1894
-574
0
-239
-1035
-1905
-2342
-2020
-927
625
2111
2992
2924
1892
226
-1516
-2749
-3071
-2406
-1025
563
1812
2339
2072
1267
403
-12
352
1511
3148
4724
5675
5625
4527
2684
641
-1011
-1853
-1779
-1027
-74
555
497
-311
-1602
-2882
-3626
-3484
-2424
-756
974
2184
2462
1722
229
-1499
-2889
-3520
-3279
-2391
-1319
-582
-541
-1255
-2451
-3625
-4233
-3902
-2577
-554
1622
3353
4197
4029
3076
1820
813
463
880
1844
2891
3502
3314
2268
642
-1041
-2210
-2453
-1676
-139
1635
3057
3676
3349
2278
924
-176
-624
-310
541
1462
1923
1548
265
-1649
-3668
-5196
-5787
-5308
-3981
-2301
-845
-63
-112
-808
-1710
-2296
-2179
-1260
221
1777
2853
3037
2228
674
-1107
-2515
-3087
-2656
-1412
178
1557
2285
2204
1494
595
26
181
1159
2722
4368
5521
5740
4889
3187
1137
-661
-1730
-1876
-1255
-301
453
585
-48
-1259
-2593
-3514
-3610
-2763
-1202
569
1958
2491
1993
647
-1077
-2600
-3445
-3414
-2651
-1575
-711
-477
-1015
-2132
-3365
-4159
-4082
-2991
-1098
1098
2991
4082
4159
3365
2132
1015
477
711
1575
2651
3414
3445
2600
1077
-647
-1993
-2491
-1958
-569
1202
2763
3610
3514
2593
1259
48
-585
-453
301
1255
1876
1730
661
-1137
-3187
-4889
-5740
-5521
-4368
-2722
-1159
-181
-26
-595
-1494
-2204
-2285
-1557
-178
1412
2656
3087
2515
1107
-674
-2228
-3037
-2853
-1777
-221
1260
2179
2296
1710
808
112
63
845
2301
3981
5308
5787
5196
3668
1649
-265
-1548
-1923
-1462
-541
310
624
176
-924
-2278
-3349
-3676
-3057
-1635
139
1676
2453
2210
1041
-642
-2268
-3314
-3502
-2891
-1844
-880
-463
-813
-1820
-3076
-4029
-4197
-3353
-1622
554
2577
3902
4233
3625
2451
1255
541
582
1319
2391
3279
3520
2889
1499
-229
-1722
-2462
-2184
-974
756
2424
3484
3626
2882
1602
311
-497
-555
74
1027
1779
1853
1011
-641
-2684
-4527
-5625
-5675
-4724
-3148
-1511
-352
12
-403
-1267
-2072
-2339
-1812
-563
1025
2406
3071
2749
1516
-226
-1892
-2924
-2992
-2111
-625
927
2020
2342
1905
1035
239
0
574
1894
3571
5040
5765
5443
4118
2168
171
-1307
-1917
-1639
-786
132
613
360
-605
-1944
-3136
-3681
-3298
-2045
-305
1346
2350
2368
1402
-203
-1898
-3128
-3538
-3103
-2119
-1085
-498
-654
-1525
-2769
-3849
-4247
-3658
-2118
0
