649
1252
1768
2162
2410
2498
2426
2209
1870
1443
968
486
39
-337
-615
-776
-814
-734
-555
-303
-11
280
537
723
812
783
632
363
-5
-448
-929
-1406
-1839
-2186
-2414
-2498
-2423
-2188
-1805
-1297
-699
-52
598
1207
1731
2136
2396
2496
2438
2231
1901
1480
1007
524
72
-310
-597
-767
-815
-745
-573
-325
-35
258
519
712
809
790
649
389
26
-411
-890
-1369
-1807
-2162
-2401
-2497
-2435
-2212
-1841
-1342
-750
-105
547
1160
1693
2109
2381
2494
2448
2253
1932
1516
1046
562
106
-283
-578
-758
-816
-754
-590
-347
-59
235
500
700
805
796
665
414
59
-374
-851
-1332
-1774
-2138
-2387
-2495
-2446
-2236
-1875
-1386
-800
-157
495
1114
1654
2080
2364
2491
2457
2274
1961
1552
1084
600
141
-255
-558
-748
-816
-763
-606
-368
-83
212
481
687
800
801
680
438
90
-337
-812
-1294
-1741
-2112
-2372
-2492
-2455
-2259
-1909
-1429
-849
-210
443
1066
1615
2051
2347
2487
2466
2293
1990
1588
1123
639
176
-226
-538
-738
-815
-772
-622
-390
-107
189
461
673
795
806
694
462
122
-300
-773
-1256
-1708
-2086
-2356
-2488
-2464
-2280
-1943
-1472
-899
-262
392
1019
1575
2021
2329
2482
2473
2312
2019
1623
1162
677
211
-197
-517
-726
-813
-779
-637
-411
-131
165
441
659
789
809
708
484
152
-264
-734
-1218
-1674
-2060
-2339
-2483
-2472
-2301
-1975
-1514
-947
-315
339
971
1534
1990
2310
2475
2480
2331
2047
1657
1200
716
247
-167
-495
-714
-811
-786
-652
-431
-154
142
421
645
783
812
720
507
182
-228
-696
-1180
-1639
-2032
-2321
-2477
-2479
-2320
-2006
-1555
-996
-367
287
922
1492
1958
2290
2468
2485
2348
2074
1692
1238
755
283
-136
-473
-701
-808
-793
-667
-452
-178
118
400
629
775
814
732
528
212
-193
-657
-1141
-1604
-2004
-2303
-2470
-2485
-2339
-2037
-1596
-1044
-419
235
873
1450
1925
2269
2460
2490
2364
2100
1725
1276
794
319
-105
-449
-687
-804
-798
-680
-471
-201
94
379
614
767
815
743
549
241
-158
-618
-1103
-1569
-1975
-2283
-2462
-2489
-2356
-2067
-1636
-1091
-471
182
823
1407
1892
2247
2450
2493
2380
2126
1759
1314
832
356
-74
-425
-672
-799
-803
-694
-491
-224
71
357
598
759
816
754
569
269
-123
-580
-1064
-1533
-1946
-2263
-2453
-2493
-2373
-2095
-1675
-1138
-522
130
774
1363
1857
2224
2440
2496
2394
2151
1791
1352
871
393
-42
-401
-657
-793
-807
-706
-510
-247
47
335
581
749
816
763
588
297
-88
-542
-1025
-1497
-1916
-2242
-2443
-2496
-2389
-2123
-1713
-1185
-573
77
723
1319
1822
2200
2428
2497
2408
2175
1824
1389
910
430
-9
-376
-640
-787
-810
-718
-529
-270
23
313
564
739
814
772
606
324
-55
-504
-986
-1461
-1885
-2220
-2432
-2497
-2403
-2150
-1751
-1231
-625
25
673
1274
1786
2175
2416
2498
2421
2198
1855
1426
949
468
23
-350
-623
-780
-813
-729
-547
-292
0
291
546
729
813
780
624
351
-21
-466
-947
-1424
-1854
-2197
-2420
-2498
-2417
-2176
-1788
-1276
-675
-27
622
1229
1749
2149
2402
2497
2432
2221
1887
1463
988
506
56
-323
-605
-772
-815
-740
-564
-315
-24
269
528
717
810
787
641
377
11
-429
-909
-1387
-1822
-2174
-2407
-2497
-2429
-2201
-1824
-1321
-726
-80
571
1183
1711
2122
2388
2495
2443
2243
1917
1499
1027
544
90
-296
-587
-763
-816
-750
-582
-337
-48
246
509
705
807
793
657
402
43
-391
-870
-1350
-1790
-2149
-2394
-2496
-2440
-2225
-1859
-1365
-776
-132
520
1136
1673
2094
2372
2493
2453
2264
1947
1535
1066
582
124
-268
-568
-753
-816
-759
-598
-358
-72
223
490
693
803
799
673
427
75
-354
-831
-1312
-1757
-2124
-2379
-2493
-2451
-2248
-1893
-1409
-826
-185
468
1089
1634
2065
2356
2489
2462
2284
1977
1571
1105
620
159
-240
-548
-743
-815
-768
-615
-380
-96
200
470
680
798
804
687
450
107
-318
-792
-1274
-1724
-2099
-2363
-2490
-2460
-2270
-1927
-1452
-875
-237
416
1042
1594
2035
2338
2484
2470
2303
2005
1606
1143
659
194
-211
-527
-732
-814
-776
-630
-401
-119
177
451
666
792
808
701
474
138
-281
-753
-1236
-1690
-2072
-2347
-2485
-2468
-2291
-1960
-1494
-924
-290
364
994
1553
2005
2319
2479
2477
2322
2033
1641
1182
697
230
-181
-506
-720
-812
-783
-645
-422
-143
153
430
652
786
811
714
496
168
-245
-714
-1198
-1656
-2045
-2330
-2480
-2476
-2311
-1992
-1536
-973
-342
312
945
1512
1973
2300
2472
2483
2340
2061
1675
1220
736
266
-151
-483
-707
-809
-790
-660
-442
-166
129
410
637
779
813
727
518
198
-210
-675
-1160
-1621
-2017
-2312
-2473
-2482
-2330
-2022
-1576
-1021
-394
260
896
1470
1941
2279
2464
2488
2356
2088
1709
1258
775
302
-120
-460
-693
-806
-796
-674
-462
-190
106
389
621
771
815
738
539
227
-174
-637
-1121
-1586
-1989
-2292
-2466
-2487
-2348
-2053
-1617
-1069
-446
207
847
1427
1908
2257
2455
2492
2372
2114
1743
1296
814
339
-89
-437
-679
-801
-801
-687
-482
-213
82
367
605
763
816
749
559
256
-139
-598
-1083
-1550
-1960
-2273
-2457
-2491
-2365
-2082
-1656
-1116
-498
155
797
1384
1874
2235
2445
2495
2387
2139
1776
1334
853
376
-57
-413
-664
-796
-805
-700
-501
-236
58
346
589
754
816
759
579
284
-105
-560
-1044
-1514
-1930
-2252
-2448
-2494
-2381
-2110
-1695
-1163
-549
102
747
1340
1839
2211
2434
2497
2402
2163
1808
1371
892
413
-25
-388
-648
-790
-809
-712
-520
-259
34
324
572
744
815
768
598
312
-71
-522
-1005
-1478
-1900
-2230
-2437
-2496
-2396
-2137
-1733
-1209
-600
50
697
1295
1803
2187
2422
2498
2415
2187
1840
1408
931
450
7
-362
-631
-783
-812
-724
-538
-282
10
302
554
734
814
776
616
338
-37
-484
-966
-1442
-1869
-2208
-2426
-2498
-2410
-2164
-1770
-1255
-651
-2
646
1250
1767
2161
2409
2497
2427
2210
1872
1445
970
488
40
-336
-614
-775
-814
-735
-556
-304
-13
279
536
723
811
784
633
365
-4
-447
-927
-1405
-1837
-2185
-2413
-2498
-2423
-2189
-1807
-1300
-702
-55
595
1204
1729
2135
2395
2496
2438
2232
1903
1482
1009
526
74
-309
-596
-767
-815
-745
-573
-326
-37
257
518
711
808
790
650
390
28
-409
-888
-1368
-1805
-2161
-2400
-2497
-2435
-2214
-1842
-1344
-752
-107
544
1158
1691
2107
2380
2494
2449
2254
1933
1518
1047
564
108
-281
-577
-758
-816
-755
-590
-348
-60
234
499
699
805
796
665
415
60
-372
-849
-1330
-1773
-2136
-2386
-2495
-2446
-2237
-1877
-1388
-802
-160
493
1111
1652
2079
2364
2491
2458
2275
1963
1554
1086
602
143
-253
-557
-748
-816
-764
-607
-370
-84
211
480
686
800
802
680
439
92
-335
-810
-1292
-1740
-2111
-2371
-2491
-2456
-2260
-1911
-1431
-852
-212
441
1064
1613
2050
2347
2487
2466
2294
1992
1589
1125
640
178
-225
-537
-737
-815
-772
-623
-391
-108
188
460
673
795
806
695
463
123
-299
-771
-1254
-1706
-2085
-2355
-2487
-2465
-2281
-1944
-1474
-901
-265
389
1016
1573
2020
2328
2481
2474
2313
2020
1624
1163
679
213
-195
-516
-725
-813
-780
-638
-412
-132
164
440
659
789
809
708
485
154
-262
-732
-1216
-1672
-2058
-2338
-2482
-2472
-2302
-1976
-1516
-950
-317
337
968
1532
1989
2309
2475
2480
2331
2048
1659
1202
718
249
-165
-494
-713
-811
-787
-653
-432
-155
141
420
644
782
812
721
508
184
-227
-694
-1178
-1638
-2031
-2320
-2476
-2479
-2321
-2008
-1557
-998
-369
285
920
1490
1957
2289
2468
2486
2349
2075
1693
1240
757
285
-135
-471
-700
-807
-793
-667
-453
-179
117
399
629
775
814
733
529
213
-191
-655
-1140
-1603
-2003
-2302
-2469
-2485
-2340
-2038
-1598
-1046
-421
232
871
1448
1924
2268
2459
2490
2365
2101
1727
1278
795
321
-104
-448
-686
-803
-798
-681
-472
-202
93
378
613
767
815
744
550
242
-156
-617
-1101
-1567
-1974
-2282
-2461
-2489
-2357
-2068
-1637
-1094
-473
180
821
1405
1890
2246
2450
2493
2380
2127
1760
1316
834
358
-72
-424
-671
-798
-803
-694
-492
-225
70
356
597
758
816
754
570
271
-121
-578
-1062
-1532
-1944
-2262
-2452
-2493
-2374
-2097
-1677
-1140
-525
127
771
1361
1856
2223
2439
2496
2395
2152
1793
1353
873
395
-40
-400
-656
-793
-807
-707
-511
-248
46
334
580
749
816
764
589
299
-87
-540
-1023
-1495
-1914
-2241
-2442
-2496
-2389
-2124
-1715
-1187
-576
75
721
1317
1820
2199
2428
2497
2409
2176
1825
1391
912
432
-8
-374
-639
-786
-810
-719
-529
-271
22
312
563
739
814
772
607
326
-53
-502
-985
-1459
-1884
-2219
-2431
-2497
-2404
-2151
-1753
-1233
-627
22
670
1272
1784
2173
2415
2498
2421
2199
1857
1428
951
470
24
-348
-622
-779
-813
-730
-548
-293
-1
290
545
728
813
780
625
352
-20
-464
-946
-1422
-1852
-2196
-2419
-2498
-2417
-2177
-1789
-1278
-678
-30
620
1226
1747
2147
2402
2497
2433
2222
1888
1464
990
508
58
-322
-605
-771
-815
-740
-565
-316
-25
268
527
717
810
787
642
378
12
-427
-907
-1385
-1821
-2173
-2407
-2497
-2430
-2202
-1825
-1323
-728
-82
569
1180
1710
2120
2387
2495
2444
2244
1919
1501
1029
546
92
-295
-586
-762
-816
-750
-582
-338
-49
245
508
705
807
794
658
403
45
-390
-868
-1348
-1788
-2148
-2393
-2496
-2441
-2226
-1861
-1367
-778
-135
517
1134
1671
2093
2371
2493
2454
2265
1949
1537
1068
584
126
-267
-567
-753
-816
-760
-599
-359
-73
222
489
692
802
799
673
428
77
-353
-829
-1310
-1755
-2123
-2378
-2493
-2451
-2249
-1895
-1411
-828
-187
466
1087
1632
2064
2355
2489
2462
2285
1978
1572
1106
622
161
-238
-547
-742
-815
-768
-615
-381
-97
199
470
679
798
804
688
452
108
-316
-790
-1273
-1722
-2098
-2363
-2489
-2461
-2271
-1929
-1454
-878
-240
414
1039
1592
2034
2337
2484
2470
2304
2007
1608
1145
661
196
-209
-526
-731
-814
-776
-631
-402
-120
175
450
665
792
808
702
475
139
-280
-751
-1235
-1688
-2071
-2346
-2485
-2469
-2292
-1961
-1496
-927
-292
362
991
1551
2003
2318
2478
2477
2323
2035
1642
1184
699
232
-180
-504
-719
-812
-783
-646
-423
-144
152
429
651
786
811
715
497
170
-244
-712
-1196
-1654
-2044
-2329
-2479
-2476
-2312
-1993
-1538
-975
-344
310
943
1510
1972
2299
2471
2483
2341
2062
1677
1222
738
268
-149
-482
-706
-809
-790
-661
-443
-168
128
409
636
779
813
727
519
199
-208
-674
-1158
-1619
-2016
-2311
-2473
-2482
-2331
-2024
-1578
-1023
-396
257
894
1468
1940
2278
2463
2488
2357
2089
1711
1260
777
304
-119
-459
-693
-805
-796
-675
-463
-191
105
388
621
771
815
739
540
229
-173
-635
-1119
-1584
-1988
-2292
-2465
-2487
-2349
-2054
-1619
-1071
-448
205
845
1425
1906
2256
2455
2492
2373
2115
1744
1298
816
340
-87
-436
-678
-801
-801
-688
-483
-214
81
366
605
763
816
749
560
257
-138
-597
-1081
-1549
-1958
-2272
-2457
-2491
-2366
-2083
-1658
-1118
-500
152
795
1382
1872
2234
2445
2495
2388
2140
1777
1335
855
377
-56
-411
-663
-796
-805
-701
-502
-237
57
345
588
754
816
759
580
285
-103
-558
-1042
-1513
-1929
-2251
-2447
-2495
-2382
-2111
-1697
-1165
-551
100
745
1338
1837
2210
2433
2497
2402
2165
1810
1373
894
414
-23
-386
-647
-790
-809
-713
-521
-260
33
323
571
744
815
768
599
313
-69
-520
-1003
-1476
-1898
-2229
-2437
-2497
-2397
-2139
-1735
-1211
-603
47
695
1293
1801
2186
2421
2498
2415
2188
1842
1410
933
452
9
-361
-631
-783
-812
-724
-539
-283
9
301
553
733
814
777
617
340
-35
-482
-964
-1440
-1867
-2207
-2425
-2498
-2411
-2165
-1772
-1257
-654
-5
644
1248
1765
2160
2408
2497
2427
2211
1873
1447
972
490
42
-335
-613
-775
-814
-735
-557
-305
-14
278
535
722
811
784
634
366
-2
-445
-925
-1403
-1836
-2184
-2413
-2498
-2424
-2190
-1808
-1302
-704
-57
593
1202
1728
2133
2394
2496
2439
2234
1904
1483
1010
527
76
-308
-595
-767
-815
-746
-574
-327
-38
256
517
711
808
791
650
391
29
-407
-886
-1366
-1804
-2160
-2400
-2496
-2436
-2215
-1844
-1346
-755
-110
542
1156
1689
2106
2379
2494
2449
2255
1934
1520
1049
566
110
-280
-576
-757
-816
-755
-591
-349
-62
233
498
698
804
797
666
416
62
-370
-847
-1328
-1771
-2135
-2385
-2494
-2447
-2238
-1879
-1390
-804
-162
490
1109
1651
2078
2363
2491
2458
2276
1964
1555
1088
604
144
-252
-556
-747
-816
-764
-608
-371
-85
210
479
685
800
802
681
440
93
-333
-808
-1291
-1738
-2110
-2370
-2491
-2456
-2261
-1913
-1433
-854
-215
438
1062
1611
2048
2346
2486
2467
2295
1993
1591
1127
642
179
-223
-536
-737
-815
-773
-624
-392
-109
187
459
672
795
806
695
464
125
-297
-769
-1253
-1704
-2084
-2354
-2487
-2465
-2282
-1946
-1476
-903
-267
387
1014
1571
2018
2327
2481
2474
2314
2021
1626
1165
681
215
-194
-515
-725
-813
-780
-639
-413
-133
163
439
658
789
810
709
487
155
-261
-731
-1215
-1670
-2057
-2337
-2482
-2473
-2303
-1978
-1518
-952
-320
334
966
1530
1987
2308
2475
2480
2332
2049
1661
1204
720
250
-164
-493
-712
-810
-787
-654
-433
-156
140
419
643
782
812
721
509
185
-225
-692
-1176
-1636
-2029
-2319
-2476
-2479
-2322
-2009
-1559
-1000
-372
282
917
1488
1955
2288
2467
2486
2349
2076
1695
1242
758
287
-133
-470
-699
-807
-793
-668
-453
-180
116
398
628
775
814
733
530
215
-189
-653
-1138
-1601
-2001
-2301
-2469
-2485
-2341
-2040
-1600
-1048
-424
230
868
1446
1922
2267
2459
2490
2366
2102
1729
1280
797
323
-102
-447
-685
-803
-799
-682
-473
-203
92
377
612
767
815
744
551
244
-154
-615
-1099
-1566
-1972
-2281
-2461
-2490
-2358
-2069
-1639
-1096
-475
177
819
1402
1889
2245
2449
2494
2381
2128
1762
1318
836
360
-71
-423
-671
-798
-803
-695
-493
-226
68
355
596
758
816
755
571
272
-120
-576
-1060
-1530
-1943
-2261
-2452
-2493
-2375
-2098
-1678
-1143
-527
125
769
1359
1854
2221
2439
2496
2396
2153
1794
1355
875
397
-39
-398
-655
-793
-807
-707
-512
-249
45
333
579
749
815
764
590
300
-85
-538
-1022
-1494
-1913
-2240
-2442
-2496
-2390
-2126
-1717
-1189
-578
72
719
1314
1819
2197
2427
2497
2409
2177
1827
1392
914
434
-6
-373
-639
-786
-810
-719
-530
-272
21
311
562
738
814
773
608
327
-51
-500
-983
-1457
-1882
-2218
-2431
-2497
-2404
-2152
-1754
-1235
-629
20
668
1270
1782
2172
2415
2498
2422
2200
1858
1429
953
472
26
-347
-622
-779
-813
-730
-548
-294
-2
289
544
728
812
781
626
353
-18
-463
-944
-1421
-1851
-2195
-2419
-2498
-2418
-2178
-1791
-1280
-680
-32
617
1224
1745
2146
2401
2497
2433
2223
1890
1466
992
509
59
-321
-604
-771
-815
-741
-566
-317
-26
267
526
716
810
788
643
379
14
-425
-905
-1384
-1819
-2171
-2406
-2497
-2430
-2203
-1827
-1325
-731
-85
566
1178
1708
2119
2386
2495
2444
2245
1920
1502
1031
547
93
-293
-585
-762
-816
-751
-583
-339
-50
244
507
704
806
794
659
404
46
-388
-866
-1346
-1787
-2147
-2392
-2496
-2441
-2227
-1862
-1369
-781
-137
515
1132
1669
2091
2371
2492
2454
2266
1950
1538
1070
586
128
-265
-566
-752
-816
-760
-600
-360
-74
221
488
692
802
799
674
429
78
-351
-827
-1309
-1754
-2122
-2378
-2493
-2452
-2250
-1897
-1413
-830
-190
463
1085
1630
2062
2354
2489
2463
2286
1979
1574
1108
624
163
-237
-546
-742
-815
-769
-616
-382
-98
198
469
678
797
804
689
453
110
-314
-788
-1271
-1721
-2096
-2362
-2489
-2461
-2272
-1930
-1456
-880
-242
411
1037
1590
2033
2336
2484
2471
2305
2008
1609
1147
662
198
-208
-525
-731
-814
-777
-632
-403
-122
174
449
665
792
808
702
476
141
-278
-749
-1233
-1687
-2070
-2345
-2485
-2469
-2293
-1963
-1498
-929
-295
359
989
1549
2002
2318
2478
2478
2324
2036
1644
1185
701
233
-178
-503
-718
-812
-784
-647
-424
-145
151
428
650
785
811
716
498
171
-242
-710
-1194
-1652
-2043
-2328
-2479
-2476
-2313
-1995
-1539
-977
-347
307
940
1508
1970
2298
2471
2483
2341
2063
1679
1224
740
269
-148
-481
-706
-809
-790
-661
-444
-169
127
408
635
778
813
728
520
201
-206
-672
-1156
-1618
-2015
-2310
-2472
-2483
-2332
-2025
-1580
-1026
-399
255
892
1466
1938
2277
2463
2488
2358
2090
1712
1262
779
306
-117
-458
-692
-805
-796
-675
-464
-192
104
387
620
771
815
739
541
230
-171
-633
-1118
-1582
-1986
-2291
-2465
-2488
-2350
-2055
-1621
-1073
-451
202
842
1423
1905
2255
2454
2492
2374
2116
1746
1300
818
342
-86
-435
-678
-801
-801
-689
-484
-215
80
365
604
762
816
750
561
259
-136
-595
-1079
-1547
-1957
-2271
-2456
-2492
-2367
-2084
-1660
-1120
-502
150
793
1380
1871
2233
2444
2495
2389
2141
1779
1337
857
379
-54
-410
-662
-795
-805
-701
-503
-238
56
344
587
753
816
760
581
287
-102
-556
-1040
-1511
-1927
-2250
-2447
-2495
-2383
-2113
-1699
-1167
-554
97
743
1336
1836
2209
2433
2497
2403
2166
1811
1375
896
416
-22
-385
-647
-789
-809
-713
-521
-261
32
322
570
743
815
769
599
314
-67
-518
-1001
-1475
-1897
-2228
-2436
-2497
-2398
-2140
-1737
-1213
-605
45
692
1291
1800
2184
2421
2498
2416
2189
1843
1412
934
454
10
-360
-630
-782
-812
-725
-540
-284
8
300
553
733
813
777
617
341
-34
-481
-962
-1438
-1866
-2206
-2425
-2498
-2412
-2166
-1774
-1259
-656
-7
641
1246
1763
2159
2408
2497
2428
2212
1875
1449
973
491
43
-333
-612
-775
-814
-736
-558
-306
-15
277
535
722
811
784
635
367
-1
-443
-923
-1401
-1834
-2183
-2412
-2498
-2424
-2191
-1810
-1304
-707
-60
591
1200
1726
2132
2394
2496
2439
2235
1906
1485
1012
529
77
-306
-594
-766
-815
-746
-575
-328
-39
255
516
710
808
791
651
392
31
-406
-884
-1364
-1802
-2159
-2399
-2496
-2436
-2216
-1846
-1348
-757
-112
539
1154
1688
2105
2378
2494
2449
2256
1936
1521
1051
567
111
-279
-575
-757
-816
-756
-592
-350
-63
232
497
698
804
797
667
417
63
-369
-845
-1327
-1770
-2134
-2385
-2494
-2447
-2239
-1880
-1392
-807
-165
488
1107
1649
2076
2362
2491
2459
2276
1965
1557
1090
606
146
-251
-555
-747
-816
-765
-608
-372
-87
209
478
685
800
802
682
441
95
-332
-806
-1289
-1736
-2109
-2369
-2491
-2457
-2262
-1914
-1435
-856
-217
436
1060
1609
2047
2345
2486
2467
2296
1994
1593
1129
644
181
-222
-535
-736
-815
-773
-624
-393
-110
185
458
671
794
806
696
465
126
-295
-768
-1251
-1703
-2082
-2353
-2487
-2465
-2283
-1947
-1478
-906
-270
384
1012
1569
2017
2327
2481
2474
2315
2023
1628
1167
683
216
-192
-514
-724
-813
-780
-640
-414
-134
162
438
657
788
810
709
488
157
-259
-729
-1213
-1669
-2056
-2336
-2482
-2473
-2304
-1979
-1520
-954
-322
332
964
1528
1986
2307
2474
2481
2333
2050
1662
1205
721
252
-162
-492
-712
-810
-787
-654
-434
-158
138
418
642
782
812
722
510
187
-223
-690
-1174
-1634
-2028
-2319
-2476
-2480
-2323
-2011
-1561
-1003
-374
280
915
1486
1954
2287
2467
2486
2350
2077
1696
1244
760
288
-132
-469
-699
-807
-793
-669
-454
-181
115
397
627
774
814
734
531
216
-188
-651
-1136
-1599
-2000
-2300
-2469
-2485
-2341
-2041
-1601
-1051
-426
227
866
1443
1921
2266
2458
2490
2366
2104
1730
1282
799
325
-101
-446
-685
-803
-799
-682
-474
-204
91
376
611
766
816
745
552
245
-153
-613
-1097
-1564
-1971
-2280
-2460
-2490
-2359
-2071
-1641
-1098
-478
175
816
1400
1887
2244
2449
2494
2382
2129
1763
1319
838
361
-69
-422
-670
-798
-803
-695
-494
-227
67
354
595
757
816
755
571
273
-118
-575
-1059
-1528
-1942
-2260
-2451
-2493
-2375
-2099
-1680
-1145
-529
122
766
1357
1852
2220
2438
2496
2396
2154
1796
1357
877
399
-37
-397
-654
-792
-807
-708
-513
-250
43
332
578
748
815
765
591
301
-84
-537
-1020
-1492
-1911
-2239
-2441
-2496
-2391
-2127
-1719
-1191
-581
70
716
1312
1817
2196
2427
2497
2410
2178
1828
1394
916
436
-5
-372
-638
-786
-811
-720
-531
-273
19
310
561
738
814
773
609
328
-50
-499
-981
-1456
-1881
-2217
-2430
-2497
-2405
-2154
-1756
-1237
-632
17
666
1267
1781
2171
2414
2498
2422
2202
1860
1431
955
473
27
-346
-621
-778
-813
-731
-549
-295
-3
288
543
727
812
781
627
355
-16
-461
-942
-1419
-1849
-2194
-2418
-2498
-2418
-2180
-1793
-1282
-683
-35
615
1222
1744
2145
2400
2497
2434
2224
1891
1468
994
511
61
-319
-603
-770
-815
-741
-567
-318
-27
265
525
716
810
788
643
380
16
-423
-903
-1382
-1818
-2170
-2405
-2497
-2431
-2204
-1829
-1327
-733
-87
564
1176
1706
2118
2386
2495
2445
2246
1921
1504
1033
549
95
-292
-584
-761
-816
-751
-584
-340
-51
243
506
704
806
794
660
406
48
-386
-864
-1344
-1785
-2146
-2392
-2495
-2442
-2228
-1864
-1371
-783
-140
512
1129
1667
2090
2370
2492
2454
2267
1951
1540
1071
587
129
-264
-565
-752
-816
-760
-601
-361
-75
220
487
691
802
800
675
430
80
-349
-825
-1307
-1752
-2121
-2377
-2493
-2452
-2251
-1898
-1415
-833
-192
461
1082
1628
2061
2353
2488
2463
2287
1981
1576
1110
626
164
-236
-545
-741
-815
-769
-617
-383
-99
196
468
678
797
804
689
454
111
-313
-786
-1269
-1719
-2095
-2361
-2489
-2461
-2273
-1932
-1458
-882
-245
409
1035
1588
2031
2335
2484
2471
2306
2009
1611
1149
664
199
-206
-524
-730
-814
-777
-632
-404
-123
173
448
664
791
808
703
477
142
-276
-747
-1231
-1685
-2069
-2345
-2484
-2470
-2294
-1964
-1500
-931
-297
357
987
1547
2000
2317
2478
2478
2325
2037
1646
1187
703
235
-177
-502
-718
-812
-784
-647
-424
-146
150
427
650
785
811
716
499
172
-240
-708
-1193
-1651
-2041
-2327
-2479
-2477
-2314
-1996
-1541
-980
-349
305
938
1506
1969
2297
2471
2484
2342
2065
1680
1225
742
271
-147
-480
-705
-809
-791
-662
-445
-170
126
407
635
778
814
728
521
202
-205
-670
-1154
-1616
-2013
-2309
-2472
-2483
-2333
-2027
-1582
-1028
-401
252
889
1464
1936
2276
2463
2488
2359
2091
1714
1264
781
307
-116
-457
-691
-805
-796
-676
-465
-193
102
386
619
770
815
740
542
231
-169
-631
-1116
-1581
-1985
-2290
-2464
-2488
-2351
-2057
-1622
-1076
-453
200
840
1421
1903
2254
2454
2492
2375
2117
1748
1301
819
344
-84
-433
-677
-800
-801
-689
-484
-216
79
364
603
762
816
750
562
260
-134
-593
-1077
-1545
-1956
-2270
-2456
-2492
-2368
-2086
-1662
-1123
-505
147
790
1378
1869
2232
2444
2495
2389
2142
1781
1339
858
381
-53
-409
-662
-795
-806
-702
-504
-239
55
343
586
753
816
760
582
288
-100
-555
-1038
-1509
-1926
-2249
-2446
-2495
-2383
-2114
-1700
-1169
-556
95
740
1334
1834
2208
2432
2497
2403
2167
1813
1376
897
418
-20
-384
-646
-789
-809
-714
-522
-262
31
321
569
743
815
769
600
315
-66
-517
-999
-1473
-1895
-2227
-2436
-2497
-2398
-2141
-1738
-1215
-608
42
690
1289
1798
2183
2420
2498
2416
2191
1845
1414
936
455
12
-358
-629
-782
-812
-726
-541
-285
7
299
552
732
813
777
618
342
-32
-479
-960
-1436
-1864
-2205
-2424
-2498
-2412
-2167
-1775
-1261
-658
-10
639
1244
1761
2157
2407
2497
2429
2213
1876
1450
975
493
45
-332
-612
-774
-814
-736
-559
-307
-16
276
534
721
811
785
635
368
0
-441
-922
-1399
-1833
-2182
-2412
-2497
-2425
-2193
-1812
-1306
-709
-62
588
1198
1724
2131
2393
2496
2440
2236
1907
1487
1014
531
79
-305
-593
-766
-815
-747
-576
-329
-40
254
515
710
808
791
652
394
33
-404
-883
-1362
-1801
-2158
-2398
-2496
-2437
-2217
-1847
-1350
-759
-115
537
1152
1686
2103
2378
2494
2450
2257
1937
1523
1053
569
113
-277
-574
-756
-816
-756
-593
-351
-64
231
496
697
804
797
668
418
65
-367
-844
-1325
-1768
-2133
-2384
-2494
-2447
-2240
-1882
-1394
-809
-167
485
1105
1647
2075
2361
2490
2459
2277
1967
1559
1092
608
148
-249
-554
-746
-816
-765
-609
-373
-88
208
477
684
800
802
683
443
96
-330
-805
-1287
-1735
-2107
-2369
-2491
-2457
-2263
-1916
-1437
-859
-220
434
1057
1607
2045
2344
2486
2467
2297
1996
1594
1130
646
183
-220
-534
-735
-815
-773
-625
-394
-111
184
457
671
794
806
697
466
128
-293
-766
-1249
-1701
-2081
-2353
-2487
-2466
-2284
-1949
-1480
-908
-272
382
1010
1567
2015
2326
2481
2475
2316
2024
1629
1169
685
218
-191
-513
-724
-813
-781
-640
-415
-135
161
437
656
788
810
710
489
158
-257
-727
-1211
-1667
-2054
-2336
-2482
-2473
-2305
-1981
-1522
-957
-325
330
961
1526
1984
2306
2474
2481
2334
2052
1664
1207
723
254
-161
-491
-711
-810
-788
-655
-435
-159
137
417
642
781
813
723
511
188
-221
-688
-1173
-1633
-2027
-2318
-2475
-2480
-2324
-2012
-1563
-1005
-377
277
913
1484
1952
2286
2467
2486
2351
2079
1698
1245
762
290
-130
-468
-698
-807
-794
-669
-455
-182
114
396
627
774
814
734
532
218
-186
-650
-1134
-1598
-1999
-2299
-2468
-2486
-2342
-2043
-1603
-1053
-429
225
863
1441
1919
2265
2458
2491
2367
2105
1732
1283
801
326
-99
-445
-684
-803
-799
-683
-475
-205
90
375
611
766
816
745
553
246
-151
-611
-1095
-1562
-1970
-2279
-2460
-2490
-2360
-2072
-1643
-1100
-480
172
814
1398
1885
2242
2448
2494
2383
2130
1765
1321
840
363
-68
-421
-669
-798
-804
-696
-495
-228
66
353
594
757
816
756
572
275
-116
-573
-1057
-1526
-1940
-2259
-2451
-2493
-2376
-2101
-1682
-1147
-532
120
764
1355
1851
2219
2438
2496
2397
2155
1798
1359
879
400
-36
-396
-653
-792
-808
-708
-513
-251
42
331
578
748
815
765
591
302
-82
-535
-1018
-1490
-1910
-2238
-2441
-2496
-2391
-2128
-1720
-1194
-583
67
714
1310
1815
2195
2426
2497
2410
2179
1830
1396
918
438
-3
-371
-637
-785
-811
-720
-532
-274
18
309
560
737
814
774
610
329
-48
-497
-979
-1454
-1879
-2216
-2430
-2497
-2406
-2155
-1758
-1239
-634
15
663
1265
1779
2170
2413
2498
2423
2203
1861
1433
957
475
29
-345
-620
-778
-813
-731
-550
-297
-5
287
542
727
812
781
627
356
-15
-459
-940
-1417
-1848
-2193
-2418
-2498
-2419
-2181
-1795
-1285
-685
-37
612
1220
1742
2144
2400
2497
2435
2225
1892
1470
996
513
63
-318
-602
-770
-815
-742
-568
-319
-29
264
524
715
809
788
644
382
17
-422
-901
-1380
-1816
-2169
-2405
-2497
-2431
-2205
-1830
-1329
-735
-90
561
1174
1704
2117
2385
2495
2445
2247
1923
1506
1035
551
97
-291
-583
-761
-816
-752
-585
-341
-52
242
505
703
806
795
660
407
49
-384
-862
-1343
-1784
-2145
-2391
-2495
-2443
-2229
-1866
-1373
-785
-142
510
1127
1666
2089
2369
2492
2455
2268
1953
1542
1073
589
131
-263
-564
-751
-816
-761
-601
-362
-76
219
486
690
802
800
676
431
81
-347
-823
-1305
-1751
-2120
-2376
-2493
-2453
-2252
-1900
-1417
-835
-195
458
1080
1626
2060
2352
2488
2464
2288
1982
1577
1112
628
166
-234
-544
-741
-815
-769
-618
-384
-100
195
467
677
797
805
690
455
113
-311
-784
-1267
-1717
-2094
-2360
-2489
-2462
-2274
-1933
-1460
-885
-247
406
1032
1586
2030
2335
2483
2471
2307
2011
1613
1151
666
201
-205
-523
-729
-814
-777
-633
-405
-124
172
447
663
791
808
704
478
144
-274
-745
-1229
-1683
-2067
-2344
-2484
-2470
-2295
-1966
-1502
-934
-300
354
984
1545
1999
2316
2477
2478
2325
2039
1647
1189
705
237
-175
-501
-717
-812
-784
-648
-425
-147
149
426
649
785
811
717
500
174
-238
-707
-1191
-1649
-2040
-2326
-2478
-2477
-2315
-1997
-1543
-982
-352
302
936
1504
1967
2296
2470
2484
2343
2066
1682
1227
744
273
-145
-479
-704
-809
-791
-663
-446
-171
125
406
634
778
814
729
522
204
-203
-668
-1152
-1614
-2012
-2308
-2472
-2483
-2334
-2028
-1584
-1030
-404
250
887
1462
1935
2275
2462
2489
2360
2093
1716
1265
782
309
-114
-456
-691
-805
-797
-677
-466
-194
101
385
618
770
815
740
543
233
-168
-629
-1114
-1579
-1983
-2289
-2464
-2488
-2352
-2058
-1624
-1078
-456
197
838
1419
1901
2253
2453
2492
2375
2118
1749
1303
821
346
-83
-432
-676
-800
-802
-690
-485
-217
77
363
602
761
816
751
563
261
-133
-591
-1075
-1544
-1954
-2269
-2455
-2492
-2368
-2087
-1664
-1125
-507
145
788
1376
1867
2230
2443
2495
2390
2144
1782
1341
860
383
-51
-408
-661
-795
-806
-703
-505
-240
54
342
586
752
816
761
582
289
-98
-553
-1036
-1508
-1924
-2248
-2446
-2495
-2384
-2115
-1702
-1172
-559
92
738
1331
1832
2207
2432
2497
2404
2168
1815
1378
899
420
-19
-383
-645
-789
-809
-715
-523
-263
30
320
569
742
815
770
601
317
-64
-515
-998
-1471
-1894
-2226
-2435
-2497
-2399
-2142
-1740
-1218
-610
40
687
1287
1796
2182
2420
2498
2417
2192
1846
1415
938
457
13
-357
-628
-782
-812
-726
-542
-286
6
298
551
732
813
778
619
343
-31
-477
-959
-1435
-1863
-2204
-2424
-2498
-2413
-2169
-1777
-1263
-661
-12
637
1242
1760
2156
2406
2497
2429
2215
1878
1452
977
495
47
-331
-611
-774
-814
-737
-559
-308
-17
275
533
721
811
785
636
369
1
-439
-920
-1398
-1831
-2180
-2411
-2497
-2426
-2194
-1814
-1308
-711
-65
586
1196
1722
2130
2392
2496
2440
2237
1908
1489
1016
533
80
-304
-592
-765
-815
-747
-577
-330
-41
252
514
709
808
792
653
395
34
-402
-881
-1360
-1799
-2156
-2398
-2496
-2437
-2218
-1849
-1352
-762
-117
534
1149
1684
2102
2377
2494
2450
2258
1939
1525
1055
571
115
-276
-573
-756
-816
-757
-594
-352
-65
230
495
697
804
797
668
420
66
-365
-842
-1323
-1766
-2132
-2383
-2494
-2448
-2241
-1884
-1396
-812
-170
483
1103
1645
2073
2360
2490
2460
2278
1968
1561
1094
609
149
-248
-553
-746
-816
-765
-610
-374
-89
206
476
684
799
802
683
444
98
-328
-803
-1285
-1733
-2106
-2368
-2491
-2458
-2264
-1917
-1439
-861
-222
431
1055
1605
2044
2343
2486
2468
2298
1997
1596
1132
648
184
-219
-533
-735
-815
-774
-626
-395
-113
183
456
670
794
807
697
467
129
-292
-764
-1247
-1700
-2080
-2352
-2487
-2466
-2285
-1950
-1482
-910
-275
379
1007
1565
2014
2325
2480
2475
2317
2025
1631
1171
686
220
-190
-512
-723
-813
-781
-641
-416
-136
160
436
656
788
810
711
490
160
-256
-725
-1209
-1665
-2053
-2335
-2481
-2474
-2305
-1983
-1524
-959
-327
327
959
1524
1983
2305
2474
2481
2335
2053
1665
1209
725
256
-160
-490
-711
-810
-788
-656
-436
-160
136
416
641
781
813
723
512
190
-220
-686
-1171
-1631
-2025
-2317
-2475
-2480
-2325
-2014
-1565
-1007
-379
275
910
1482
1950
2285
2466
2487
2352
2080
1700
1247
764
292
-129
-467
-697
-807
-794
-670
-456
-183
113
395
626
774
815
735
533
219
-184
-648
-1132
-1596
-1997
-2298
-2468
-2486
-2343
-2044
-1605
-1055
-431
222
861
1439
1917
2264
2458
2491
2368
2106
1733
1285
803
328
-98
-444
-683
-802
-799
-684
-476
-206
89
374
610
765
816
746
553
248
-149
-609
-1094
-1561
-1968
-2278
-2460
-2490
-2360
-2073
-1645
-1103
-483
170
812
1396
1884
2241
2448
2494
2383
2132
1766
1323
842
365
-66
-420
-668
-797
-804
-697
-495
-230
65
352
594
757
816
756
573
276
-115
-571
-1055
-1525
-1939
-2258
-2450
-2494
-2377
-2102
-1684
-1149
-534
117
762
1352
1849
2218
2437
2496
2398
2156
1799
1360
881
402
-34
-395
-653
-792
-808
-709
-514
-252
41
330
577
747
815
765
592
304
-80
-533
-1016
-1489
-1908
-2237
-2440
-2496
-2392
-2130
-1722
-1196
-586
65
711
1308
1814
2194
2426
2497
2411
2180
1831
1398
920
439
-1
-369
-636
-785
-811
-721
-533
-275
17
308
559
737
814
774
611
331
-47
-495
-977
-1452
-1878
-2215
-2429
-2497
-2406
-2156
-1760
-1242
-637
12
661
1263
1777
2169
2413
2498
2424
2204
1863
1435
959
477
31
-343
-619
-778
-813
-732
-551
-298
-6
286
542
726
812
782
628
357
-13
-457
-938
-1415
-1846
-2192
-2417
-2498
-2420
-2182
-1796
-1287
-687
-40
610
1218
1740
2142
2399
2497
2435
2226
1894
1471
998
515
64
-317
-601
-770
-815
-742
-569
-320
-30
263
523
715
809
789
645
383
19
-420
-899
-1378
-1815
-2168
-2404
-2497
-2432
-2207
-1832
-1331
-738
-92
559
1172
1702
2115
2384
2495
2446
2248
1924
1508
1036
553
98
-289
-582
-761
-816
-752
-586
-342
-54
240
505
703
806
795
661
408
51
-383
-860
-1341
-1782
-2144
-2390
-2495
-2443
-2230
-1867
-1376
-788
-145
507
1125
1664
2087
2368
2492
2455
2269
1954
1544
1075
591
133
-261
-563
-751
-816
-761
-602
-363
-77
217
485
690
802
800
676
432
83
-346
-821
-1303
-1749
-2118
-2375
-2492
-2453
-2253
-1901
-1419
-838
-197
456
1078
1624
2058
2352
2488
2464
2289
1983
1579
1114
629
168
-233
-543
-740
-815
-770
-618
-385
-101
194
466
677
797
805
691
456
114
-309
-782
-1265
-1716
-2093
-2360
-2489
-2462
-2275
-1935
-1462
-887
-250
404
1030
1584
2028
2334
2483
2472
2308
2012
1614
1152
668
203
-204
-522
-729
-814
-778
-634
-406
-125
171
446
663
791
809
704
479
145
-273
-744
-1227
-1682
-2066
-2343
-2484
-2470
-2296
-1967
-1504
-936
-302
352
982
1543
1997
2315
2477
2478
2326
2040
1649
1191
707
238
-174
-500
-717
-811
-785
-649
-426
-149
147
425
648
784
812
717
501
175
-237
-705
-1189
-1647
-2039
-2325
-2478
-2477
-2316
-1999
-1545
-984
-354
300
934
1502
1966
2295
2470
2484
2344
2067
1683
1229
745
274
-144
-478
-704
-808
-791
-663
-447
-172
124
405
633
777
814
729
523
205
-201
-666
-1151
-1613
-2011
-2307
-2471
-2483
-2335
-2030
-1586
-1032
-406
247
885
1460
1933
2274
2462
2489
2360
2094
1717
1267
784
311
-113
-455
-690
-805
-797
-677
-467
-195
100
384
618
769
815
741
544
234
-166
-628
-1112
-1577
-1982
-2288
-2464
-2488
-2352
-2060
-1626
-1080
-458
195
835
1417
1900
2252
2453
2493
2376
2120
1751
1305
823
347
-81
-431
-676
-800
-802
-690
-486
-219
76
362
601
761
816
751
564
263
-131
-589
-1073
-1542
-1953
-2268
-2455
-2492
-2369
-2089
-1666
-1127
-510
142
785
1373
1866
2229
2443
2495
2391
2145
1784
1343
862
384
-49
-407
-660
-795
-806
-703
-505
-242
52
341
585
752
816
761
583
291
-97
-551
-1035
-1506
-1923
-2247
-2445
-2495
-2385
-2117
-1704
-1174
-561
90
735
1329
1830
2205
2431
2497
2405
2169
1816
1380
901
422
-17
-382
-644
-788
-809
-715
-524
-264
29
319
568
742
815
770
602
318
-63
-513
-996
-1470
-1892
-2225
-2435
-2497
-2400
-2144
-1742
-1220
-612
37
685
1285
1795
2181
2419
2498
2418
2193
1848
1417
940
459
15
-356
-627
-781
-812
-727
-542
-287
5
297
550
731
813
778
620
345
-29
-475
-957
-1433
-1861
-2203
-2423
-2498
-2413
-2170
-1779
-1265
-663
-15
634
1239
1758
2155
2406
2497
2430
2216
1879
1454
979
497
48
-329
-610
-774
-814
-737
-560
-309
-18
274
532
720
811
785
637
371
3
-438
-918
-1396
-1830
-2179
-2410
-2497
-2426
-2195
-1815
-1310
-714
-67
583
1194
1720
2128
2391
2496
2441
2238
1910
1490
1018
535
82
-302
-591
-765
-815
-748
-578
-331
-42
251
513
708
808
792
653
396
36
-400
-879
-1359
-1798
-2155
-2397
-2496
-2438
-2219
-1851
-1355
-764
-120
532
1147
1682
2101
2376
2493
2451
2259
1940
1526
1057
573
116
-275
-572
-756
-816
-757
-594
-353
-66
228
495
696
804
798
669
421
68
-363
-840
-1321
-1765
-2130
-2383
-2494
-2448
-2242
-1885
-1398
-814
-172
480
1100
1643
2072
2360
2490
2460
2279
1970
1562
1095
611
151
-246
-553
-745
-816
-766
-611
-375
-90
205
475
683
799
803
684
445
99
-326
-801
-1283
-1732
-2105
-2367
-2491
-2458
-2265
-1919
-1441
-863
-225
429
1053
1603
2043
2342
2486
2468
2299
1999
1598
1134
650
186
-218
-532
-734
-814
-774
-627
-396
-114
182
455
669
794
807
698
468
130
-290
-762
-1245
-1698
-2079
-2351
-2486
-2467
-2286
-1952
-1484
-913
-277
377
1005
1563
2012
2324
2480
2475
2318
2027
1633
1173
688
221
-188
-511
-723
-813
-781
-642
-417
-137
159
435
655
788
810
711
491
161
-254
-723
-1207
-1664
-2052
-2334
-2481
-2474
-2306
-1984
-1526
-961
-330
325
957
1522
1981
2305
2473
2482
2336
2054
1667
1211
727
257
-158
-489
-710
-810
-788
-656
-437
-161
135
415
640
781
813
724
513
191
-218
-685
-1169
-1629
-2024
-2316
-2475
-2481
-2326
-2015
-1567
-1010
-382
272
908
1480
1949
2284
2466
2487
2353
2081
1701
1249
766
293
-128
-466
-697
-806
-794
-671
-457
-184
111
394
625
773
815
735
534
220
-183
-646
-1130
-1594
-1996
-2297
-2467
-2486
-2344
-2045
-1607
-1057
-434
220
859
1437
1916
2263
2457
2491
2369
2107
1735
1287
805
330
-96
-443
-683
-802
-800
-684
-477
-208
88
373
609
765
816
746
554
249
-148
-608
-1092
-1559
-1967
-2277
-2459
-2490
-2361
-2075
-1647
-1105
-485
167
809
1394
1882
2240
2447
2494
2384
2133
1768
1325
844
367
-65
-418
-668
-797
-804
-697
-496
-231
64
351
593
756
816
756
574
277
-113
-569
-1053
-1523
-1937
-2257
-2450
-2494
-2378
-2103
-1686
-1152
-537
115
759
1350
1847
2217
2437
2496
2398
2158
1801
1362
883
404
-33
-394
-652
-791
-808
-710
-515
-254
40
329
576
747
815
766
593
305
-79
-531
-1014
-1487
-1907
-2236
-2440
-2496
-2393
-2131
-1724
-1198
-588
62
709
1306
1812
2193
2425
2497
2412
2182
1833
1399
922
441
0
-368
-635
-785
-811
-721
-534
-276
16
307
559
736
814
774
612
332
-45
-493
-975
-1450
-1876
-2213
-2429
-2497
-2407
-2157
-1761
-1244
-639
10
658
1261
1775
2167
2412
2498
2424
2205
1864
1436
960
479
32
-342
-618
-777
-813
-732
-552
-299
-7
285
541
726
812
782
629
358
-12
-455
-936
-1414
-1845
-2191
-2416
-2498
-2420
-2183
-1798
-1289
-690
-42
608
1215
1738
2141
2398
2497
2436
2227
1895
1473
999
517
66
-315
-600
-769
-815
-743
-569
-321
-31
262
522
714
809
789
646
384
20
-418
-897
-1376
-1813
-2167
-2403
-2497
-2432
-2208
-1834
-1334
-740
-95
556
1169
1700
2114
2383
2495
2446
2249
1926
1509
1038
555
100
-288
-582
-760
-816
-753
-586
-343
-55
239
504
702
806
795
662
409
53
-381
-858
-1339
-1781
-2142
-2389
-2495
-2444
-2232
-1869
-1378
-790
-147
505
1123
1662
2086
2368
2492
2456
2270
1956
1545
1077
593
134
-260
-562
-750
-816
-762
-603
-364
-79
216
484
689
801
800
677
433
84
-344
-819
-1301
-1748
-2117
-2375
-2492
-2454
-2254
-1903
-1421
-840
-200
453
1076
1622
2057
2351
2488
2464
2290
1985
1581
1116
631
169
-231
-542
-740
-815
-770
-619
-386
-102
193
465
676
796
805
691
457
116
-307
-781
-1264
-1714
-2091
-2359
-2488
-2463
-2276
-1936
-1464
-889
-252
401
1028
1582
2027
2333
2483
2472
2309
2013
1616
1154
670
205
-202
-521
-728
-814
-778
-635
-407
-126
170
445
662
791
809
705
480
147
-271
-742
-1225
-1680
-2065
-2342
-2484
-2471
-2297
-1969
-1506
-938
-305
349
980
1541
1996
2314
2477
2479
2327
2041
1651
1193
708
240
-172
-499
-716
-811
-785
-650
-427
-150
146
424
647
784
812
718
502
177
-235
-703
-1187
-1646
-2037
-2325
-2478
-2478
-2317
-2000
-1547
-987
-357
297
931
1500
1964
2294
2470
2484
2345
2069
1685
1231
747
276
-142
-477
-703
-808
-791
-664
-448
-173
123
404
632
777
814
730
524
206
-199
-664
-1149
-1611
-2009
-2306
-2471
-2484
-2335
-2031
-1588
-1035
-409
245
882
1458
1932
2273
2461
2489
2361
2095
1719
1269
786
313
-111
-454
-689
-804
-797
-678
-468
-196
99
383
617
769
815
741
545
236
-164
-626
-1110
-1576
-1981
-2287
-2463
-2488
-2353
-2061
-1628
-1082
-461
192
833
1415
1898
2251
2452
2493
2377
2121
1752
1307
825
349
-80
-430
-675
-800
-802
-691
-487
-220
75
361
601
760
816
752
565
264
-129
-587
-1071
-1540
-1951
-2267
-2454
-2492
-2370
-2090
-1667
-1129
-512
140
783
1371
1864
2228
2442
2495
2392
2146
1785
1344
864
386
-48
-406
-660
-794
-806
-704
-506
-243
51
340
584
751
816
761
584
292
-95
-549
-1033
-1504
-1921
-2246
-2445
-2495
-2386
-2118
-1706
-1176
-564
87
733
1327
1829
2204
2431
2497
2405
2170
1818
1382
903
423
-16
-380
-643
-788
-810
-716
-525
-265
27
318
567
741
815
770
603
319
-61
-511
-994
-1468
-1891
-2224
-2434
-2497
-2400
-2145
-1744
-1222
-615
35
683
1282
1793
2180
2418
2498
2418
2194
1849
1419
942
461
16
-355
-627
-781
-812
-727
-543
-288
3
295
549
731
813
778
621
346
-27
-473
-955
-1431
-1860
-2202
-2422
-2498
-2414
-2171
-1781
-1267
-666
-17
632
1237
1756
2154
2405
2497
2430
2217
1881
1456
981
499
50
-328
-609
-773
-814
-738
-561
-310
-19
273
531
720
811
786
638
372
5
-436
-916
-1394
-1828
-2178
-2410
-2497
-2427
-2196
-1817
-1312
-716
-70
581
1191
1719
2127
2391
2496
2441
2239
1911
1492
1020
537
84
-301
-591
-765
-815
-748
-578
-332
-43
250
513
708
807
792
654
397
37
-399
-877
-1357
-1796
-2154
-2396
-2496
-2438
-2220
-1852
-1357
-766
-122
529
1145
1680
2099
2375
2493
2451
2260
1942
1528
1059
575
118
-273
-571
-755
-816
-757
-595
-354
-67
227
494
695
803
798
670
422
69
-361
-838
-1319
-1763
-2129
-2382
-2494
-2449
-2244
-1887
-1400
-816
-175
478
1098
1641
2071
2359
2490
2460
2280
1971
1564
1097
613
153
-245
-552
-745
-816
-766
-611
-376
-91
204
474
682
799
803
685
446
101
-325
-799
-1282
-1730
-2104
-2366
-2490
-2458
-2266
-1921
-1443
-866
-227
426
1051
1601
2041
2341
2485
2469
2300
2000
1599
1136
651
188
-216
-531
-734
-814
-774
-627
-397
-115
181
454
669
793
807
699
469
132
-288
-760
-1244
-1696
-2077
-2350
-2486
-2467
-2287
-1954
-1486
-915
-280
374
1003
1561
2011
2323
2480
2476
2319
2028
1634
1174
690
223
-187
-510
-722
-812
-782
-642
-418
-138
158
434
654
787
810
712
492
162
-252
-721
-1205
-1662
-2050
-2333
-2481
-2474
-2307
-1986
-1528
-964
-332
322
954
1520
1979
2304
2473
2482
2336
2056
1669
1213
729
259
-157
-488
-709
-810
-788
-657
-438
-162
134
414
640
780
813
724
514
192
-216
-683
-1167
-1628
-2023
-2315
-2474
-2481
-2327
-2017
-1569
-1012
-384
270
906
1478
1947
2283
2465
2487
2353
2082
1703
1251
768
295
-126
-465
-696
-806
-794
-671
-458
-185
110
393
624
773
815
736
535
222
-181
-644
-1129
-1593
-1994
-2296
-2467
-2486
-2345
-2047
-1609
-1060
-436
217
856
1435
1914
2262
2457
2491
2369
2109
1736
1289
806
332
-95
-441
-682
-802
-800
-685
-478
-209
87
372
608
765
816
747
555
251
-146
-606
-1090
-1557
-1965
-2276
-2459
-2491
-2362
-2076
-1649
-1107
-488
165
807
1392
1880
2239
2447
2494
2385
2134
1770
1327
845
369
-63
-417
-667
-797
-804
-698
-497
-232
63
350
592
756
816
757
575
279
-111
-567
-1051
-1521
-1936
-2256
-2449
-2494
-2378
-2105
-1688
-1154
-539
112
757
1348
1846
2216
2436
2496
2399
2159
1802
1364
884
406
-31
-392
-651
-791
-808
-710
-516
-255
39
328
575
746
815
766
594
306
-77
-529
-1012
-1485
-1906
-2235
-2439
-2496
-2394
-2132
-1726
-1200
-591
60
707
1304
1810
2191
2424
2498
2412
2183
1834
1401
923
443
1
-367
-635
-784
-811
-722
-535
-277
15
306
558
736
814
775
612
333
-43
-491
-973
-1449
-1875
-2212
-2428
-2497
-2408
-2159
-1763
-1246
-641
7
656
1259
1774
2166
2412
2498
2425
2206
1866
1438
962
481
34
-341
-617
-777
-813
-733
-553
-300
-8
284
540
725
812
782
630
360
-10
-454
-934
-1412
-1843
-2189
-2416
-2498
-2421
-2184
-1800
-1291
-692
-45
605
1213
1737
2140
2398
2497
2436
2228
1897
1475
1001
518
67
-314
-599
-769
-815
-743
-570
-322
-32
261
521
713
809
789
647
385
22
-416
-896
-1375
-1811
-2166
-2403
-2497
-2433
-2209
-1836
-1336
-743
-97
554
1167
1699
2113
2383
2495
2447
2250
1927
1511
1040
556
102
-287
-581
-760
-816
-753
-587
-344
-56
238
503
701
805
795
662
410
54
-379
-857
-1337
-1779
-2141
-2389
-2495
-2444
-2233
-1871
-1380
-793
-150
502
1120
1660
2084
2367
2492
2456
2271
1957
1547
1079
595
136
-259
-561
-750
-816
-762
-604
-365
-80
215
484
689
801
801
678
435
86
-342
-818
-1300
-1746
-2116
-2374
-2492
-2454
-2255
-1905
-1423
-842
-202
451
1073
1621
2055
2350
2488
2465
2291
1986
1582
1118
633
171
-230
-541
-739
-815
-771
-620
-387
-104
192
464
675
796
805
692
458
117
-306
-779
-1262
-1712
-2090
-2358
-2488
-2463
-2277
-1938
-1466
-892
-255
399
1026
1580
2025
2332
2483
2472
2310
2015
1618
1156
672
206
-201
-520
-728
-813
-778
-635
-408
-127
169
444
661
790
809
706
481
148
-269
-740
-1224
-1679
-2063
-2341
-2483
-2471
-2298
-1970
-1508
-940
-307
347
977
1539
1995
2313
2476
2479
2328
2043
1652
1194
710
242
-171
-498
-716
-811
-785
-650
-428
-151
145
424
647
784
812
718
503
178
-233
-701
-1185
-1644
-2036
-2324
-2478
-2478
-2318
-2002
-1549
-989
-359
295
929
1498
1963
2293
2469
2485
2345
2070
1687
1233
749
278
-141
-476
-702
-808
-792
-665
-449
-174
122
403
632
777
814
731
525
208
-198
-662
-1147
-1609
-2008
-2305
-2471
-2484
-2336
-2033
-1590
-1037
-411
242
880
1456
1930
2272
2461
2489
2362
2096
1721
1271
788
314
-110
-453
-689
-804
-797
-678
-469
-198
98
382
616
769
815
742
546
237
-163
-624
-1108
-1574
-1979
-2286
-2463
-2489
-2354
-2062
-1630
-1085
-463
190
830
1413
1897
2250
2452
2493
2378
2122
1754
1309
827
351
-78
-429
-674
-799
-802
-692
-488
-221
74
360
600
760
816
752
566
265
-128
-586
-1070
-1538
-1950
-2266
-2454
-2492
-2371
-2091
-1669
-1132
-515
137
781
1369
1862
2227
2441
2496
2392
2147
1787
1346
866
388
-46
-404
-659
-794
-806
-704
-507
-244
50
339
583
751
816
762
585
293
-93
-547
-1031
-1502
-1920
-2245
-2444
-2495
-2386
-2119
-1708
-1178
-566
85
731
1325
1827
2203
2430
2497
2406
2171
1819
1384
905
425
-14
-379
-643
-788
-810
-716
-526
-267
26
317
566
741
815
771
604
321
-59
-509
-992
-1466
-1890
-2223
-2433
-2497
-2401
-2146
-1745
-1224
-617
32
680
1280
1791
2178
2418
2498
2419
2195
1851
1421
944
463
18
-353
-626
-781
-812
-728
-544
-289
2
294
548
730
813
779
622
347
-26
-472
-953
-1429
-1858
-2200
-2422
-2498
-2415
-2172
-1782
-1270
-668
-20
629
1235
1754
2152
2404
2497
2431
2218
1882
1457
983
500
51
-327
-608
-773
-814
-738
-562
-311
-21
272
530
719
810
786
639
373
6
-434
-914
-1392
-1827
-2177
-2409
-2497
-2427
-2197
-1819
-1314
-719
-72
578
1189
1717
2126
2390
2496
2442
2240
1913
1494
1022
538
85
-300
-590
-764
-815
-749
-579
-333
-45
249
512
707
807
793
655
398
39
-397
-875
-1355
-1794
-2153
-2396
-2496
-2439
-2221
-1854
-1359
-769
-125
527
1143
1678
2098
2375
2493
2452
2261
1943
1530
1060
576
120
-272
-571
-755
-816
-758
-596
-355
-68
226
493
695
803
798
671
423
71
-360
-836
-1318
-1762
-2128
-2381
-2494
-2449
-2245
-1889
-1402
-819
-177
475
1096
1639
2069
2358
2490
2461
2281
1972
1566
1099
615
154
-244
-551
-744
-815
-767
-612
-377
-92
203
473
682
799
803
685
447
102
-323
-797
-1280
-1729
-2102
-2366
-2490
-2459
-2267
-1922
-1446
-868
-230
424
1048
1600
2040
2341
2485
2469
2301
2001
1601
1138
653
189
-215
-530
-733
-814
-775
-628
-398
-116
180
453
668
793
807
699
470
133
-287
-758
-1242
-1695
-2076
-2349
-2486
-2467
-2288
-1955
-1488
-917
-282
372
1000
1559
2009
2322
2479
2476
2319
2029
1636
1176
692
225
-185
-509
-721
-812
-782
-643
-419
-140
156
433
654
787
810
712
493
164
-250
-720
-1204
-1661
-2049
-2332
-2480
-2475
-2308
-1987
-1530
-966
-334
320
952
1518
1978
2303
2473
2482
2337
2057
1670
1215
731
261
-155
-487
-709
-810
-789
-658
-439
-163
133
413
639
780
813
725
515
194
-215
-681
-1165
-1626
-2021
-2314
-2474
-2481
-2327
-2018
-1571
-1014
-387
267
903
1476
1946
2282
2465
2487
2354
2084
1704
1253
769
297
-125
-464
-695
-806
-795
-672
-459
-187
109
392
624
773
815
737
536
223
-179
-642
-1127
-1591
-1993
-2295
-2467
-2486
-2346
-2048
-1611
-1062
-438
215
854
1433
1913
2261
2456
2491
2370
2110
1738
1291
808
333
-93
-440
-681
-802
-800
-685
-479
-210
85
371
608
764
816
747
556
252
-144
-604
-1088
-1555
-1964
-2276
-2458
-2491
-2363
-2078
-1651
-1109
-490
162
804
1390
1879
2238
2447
2494
2385
2135
1771
1328
847
370
-62
-416
-666
-797
-804
-698
-498
-233
62
349
591
755
816
757
576
280
-110
-566
-1049
-1520
-1934
-2255
-2449
-2494
-2379
-2106
-1689
-1156
-542
110
755
1346
1844
2215
2436
2496
2400
2160
1804
1366
886
407
-29
-391
-650
-791
-808
-711
-517
-256
38
327
574
746
815
767
595
308
-76
-527
-1010
-1483
-1904
-2234
-2439
-2496
-2394
-2133
-1728
-1202
-593
57
704
1302
1808
2190
2424
2498
2413
2184
1836
1403
925
445
2
-366
-634
-784
-811
-722
-535
-278
14
305
557
735
814
775
613
335
-42
-490
-972
-1447
-1873
-2211
-2427
-2497
-2408
-2160
-1765
-1248
-644
5
654
1257
1772
2165
2411
2498
2425
2207
1867
1440
964
482
35
-340
-617
-777
-814
-733
-553
-301
-9
283
539
724
812
783
631
361
-9
-452
-933
-1410
-1842
-2188
-2415
-2498
-2421
-2186
-1801
-1293
-695
-47
603
1211
1735
2139
2397
2497
2437
2229
1898
1476
1003
520
69
-313
-599
-768
-815
-744
-571
-323
-33
260
521
713
809
790
647
386
23
-414
-894
-1373
-1810
-2165
-2402
-2497
-2433
-2210
-1837
-1338
-745
-100
551
1165
1697
2111
2382
2495
2447
2251
1929
1513
1042
558
103
-285
-580
-759
-816
-754
-588
-345
-57
237
502
701
805
796
663
411
56
-377
-855
-1335
-1777
-2140
-2388
-2495
-2445
-2234
-1872
-1382
-795
-152
500
1118
1658
2083
2366
2491
2457
2272
1958
1549
1081
597
138
-257
-560
-749
-816
-763
-605
-366
-81
214
483
688
801
801
678
436
87
-340
-816
-1298
-1744
-2115
-2373
-2492
-2455
-2256
-1906
-1425
-845
-205
448
1071
1619
2054
2349
2487
2465
2292
1988
1584
1119
635
173
-229
-540
-739
-815
-771
-621
-388
-105
191
463
675
796
805
693
459
119
-304
-777
-1260
-1711
-2089
-2357
-2488
-2463
-2278
-1940
-1468
-894
-257
396
1023
1578
2024
2331
2482
2473
2311
2016
1619
1158
674
208
-199
-519
-727
-813
-779
-636
-409
-128
168
443
661
790
809
706
482
149
-268
-738
-1222
-1677
-2062
-2341
-2483
-2471
-2299
-1972
-1510
-943
-310
344
975
1538
1993
2312
2476
2479
2329
2044
1654
1196
712
244
-170
-497
-715
-811
-786
-651
-429
-152
144
423
646
783
812
719
504
180
-232
-699
-1184
-1642
-2035
-2323
-2477
-2478
-2318
-2003
-1551
-991
-362
292
927
1496
1961
2292
2469
2485
2346
2071
1688
1235
751
280
-139
-475
-702
-808
-792
-665
-450
-175
120
402
631
776
814
731
526
209
-196
-661
-1145
-1608
-2007
-2304
-2470
-2484
-2337
-2034
-1592
-1039
-414
240
878
1454
1929
2271
2461
2489
2363
2098
1722
1273
790
316
-108
-452
-688
-804
-798
-679
-470
-199
97
381
615
768
815
742
547
238
-161
-622
-1106
-1572
-1978
-2285
-2462
-2489
-2355
-2064
-1632
-1087
-466
187
828
1411
1895
2249
2451
2493
2378
2123
1755
1310
829
353
-77
-428
-673
-799
-802
-692
-489
-222
73
359
599
760
816
753
567
267
-126
-584
-1068
-1537
-1949
-2265
-2454
-2493
-2371
-2093
-1671
-1134
-517
135
778
1367
1861
2226
2441
2496
2393
2148
1788
1348
868
390
-45
-403
-658
-794
-807
-705
-508
-245
49
338
582
750
816
762
586
295
-92
-546
-1029
-1501
-1919
-2244
-2444
-2495
-2387
-2120
-1710
-1180
-569
82
728
1323
1825
2202
2430
2497
2407
2173
1821
1385
907
427
-12
-378
-642
-787
-810
-717
-527
-268
25
316
565
740
815
771
605
322
-58
-508
-990
-1464
-1888
-2222
-2433
-2497
-2402
-2147
-1747
-1226
-620
30
678
1278
1789
2177
2417
2498
2419
2196
1852
1422
946
464
20
-352
-625
-780
-813
-728
-545
-290
1
293
548
730
813
779
622
348
-24
-470
-951
-1428
-1857
-2199
-2421
-2498
-2415
-2173
-1784
-1272
-670
-22
627
1233
1753
2151
2404
2497
2431
2219
1884
1459
985
502
53
-326
-607
-772
-814
-739
-563
-312
-22
271
529
719
810
786
639
374
8
-432
-912
-1391
-1825
-2176
-2409
-2497
-2428
-2199
-1820
-1317
-721
-75
576
1187
1715
2124
2389
2496
2442
2241
1914
1495
1023
540
87
-299
-589
-764
-816
-749
-580
-334
-46
248
511
707
807
793
656
400
40
-395
-873
-1353
-1793
-2152
-2395
-2496
-2439
-2223
-1856
-1361
-771
-127
525
1140
1677
2097
2374
2493
2452
2262
1944
1532
1062
578
121
-271
-570
-754
-816
-758
-597
-356
-70
225
492
694
803
798
671
424
72
-358
-834
-1316
-1760
-2127
-2380
-2493
-2450
-2246
-1890
-1405
-821
-180
473
1094
1637
2068
2357
2489
2461
2282
1974
1567
1101
617
156
-242
-550
-744
-815
-767
-613
-378
-93
202
472
681
798
803
686
448
104
-321
-795
-1278
-1727
-2101
-2365
-2490
-2459
-2268
-1924
-1448
-871
-232
421
1046
1598
2038
2340
2485
2469
2302
2003
1603
1140
655
191
-213
-529
-733
-814
-775
-629
-399
-117
179
453
667
793
807
700
471
135
-285
-757
-1240
-1693
-2075
-2349
-2486
-2468
-2289
-1957
-1490
-920
-285
369
998
1557
2008
2321
2479
2476
2320
2031
1638
1178
694
227
-184
-508
-721
-812
-782
-644
-420
-141
155
432
653
787
811
713
494
165
-249
-718
-1202
-1659
-2048
-2331
-2480
-2475
-2309
-1989
-1532
-968
-337
317
950
1516
1976
2302
2472
2482
2338
2058
1672
1216
732
262
-154
-485
-708
-809
-789
-659
-440
-164
132
412
638
780
813
725
516
195
-213
-679
-1163
-1624
-2020
-2313
-2474
-2481
-2328
-2020
-1573
-1016
-389
265
901
1474
1944
2281
2465
2487
2355
2085
1706
1254
771
299
-123
-463
-695
-806
-795
-673
-460
-188
108
391
623
772
815
737
537
225
-178
-640
-1125
-1589
-1992
-2294
-2466
-2487
-2347
-2050
-1613
-1064
-441
212
852
1431
1911
2260
2456
2491
2371
2111
1740
1292
810
335
-92
-439
-680
-802
-800
-686
-480
-211
84
370
607
764
816
748
557
253
-143
-602
-1086
-1554
-1963
-2275
-2458
-2491
-2364
-2079
-1652
-1111
-493
160
802
1388
1877
2237
2446
2495
2386
2136
1773
1330
849
372
-60
-415
-665
-796
-805
-699
-499
-234
60
348
590
755
816
758
577
281
-108
-564
-1047
-1518
-1933
-2254
-2449
-2494
-2380
-2107
-1691
-1158
-544
107
752
1344
1842
2214
2435
2497
2400
2161
1805
1368
888
409
-28
-390
-650
-790
-808
-711
-518
-257
37
326
573
745
815
767
596
309
-74
-526
-1009
-1482
-1903
-2232
-2438
-2496
-2395
-2135
-1729
-1204
-595
55
702
1300
1807
2189
2423
2498
2413
2185
1837
1405
927
447
4
-365
-633
-784
-811
-723
-536
-279
13
304
556
735
814
775
614
336
-40
-488
-970
-1445
-1872
-2210
-2427
-2497
-2409
-2161
-1767
-1250
-646
2
651
1255
1770
2164
2410
2498
2426
2208
1869
1442
966
484
37
-338
-616
-776
-814
-734
-554
-302
-10
282
538
724
812
783
631
362
-7
-450
-931
-1408
-1840
-2187
-2415
-2498
-2422
-2187
-1803
-1295
-697
-50
600
1209
1733
2137
2396
2496
2437
2230
1900
1478
1005
522
71
-312
-598
-768
-815
-744
-572
-324
-34
259
520
712
809
790
648
388
25
-413
-892
-1371
-1808
-2163
-2402
-2497
-2434
-2211
-1839
-1340
-747
-102
549
1163
1695
2110
2381
2494
2448
2252
1930
1514
1044
560
105
-284
-579
-759
-816
-754
-589
-346
-58
236
501
700
805
796
664
413
57
-376
-853
-1334
-1776
-2139
-2387
-2495
-2445
-2235
-1874
-1384
-797
-155
498
1116
1656
2082
2365
2491
2457
2273
1960
1550
1083
598
139
-256
-559
-749
-816
-763
-605
-367
-82
213
482
687
801
801
679
437
89
-339
-814
-1296
-1743
-2114
-2372
-2492
-2455
-2257
-1908
-1427
-847
-207
446
1069
1617
2053
2348
2487
2466
2292
1989
1586
1121
637
174
-227
-539
-738
-815
-771
-621
-389
-106
190
462
674
796
806
693
460
120
-302
-775
-1258
-1709
-2088
-2356
-2488
-2464
-2279
-1941
-1470
-896
-260
394
1021
1576
2022
2330
2482
2473
2312
2017
1621
1160
675
210
-198
-518
-727
-813
-779
-637
-410
-129
166
442
660
790
809
707
483
151
-266
-736
-1220
-1675
-2061
-2340
-2483
-2472
-2300
-1973
-1512
-945
-312
342
973
1536
1992
2311
2476
2480
2330
2045
1656
1198
714
245
-168
-496
-714
-811
-786
-652
-430
-153
143
422
645
783
812
720
506
181
-230
-697
-1182
-1641
-2033
-2322
-2477
-2479
-2319
-2005
-1553
-994
-364
290
924
1494
1960
2291
2468
2485
2347
2072
1690
1236
753
281
-138
-474
-701
-808
-792
-666
-451
-177
119
401
630
776
814
732
527
211
-194
-659
-1143
-1606
-2005
-2303
-2470
-2484
-2338
-2035
-1594
-1042
-416
237
875
1452
1927
2270
2460
2490
2363
2099
1724
1274
792
318
-107
-450
-687
-804
-798
-680
-470
-200
96
380
615
768
815
743
548
240
-159
-620
-1105
-1571
-1977
-2284
-2462
-2489
-2356
-2065
-1634
-1089
-468
185
826
1409
1893
2248
2451
2493
2379
2124
1757
1312
831
354
-75
-427
-673
-799
-803
-693
-490
-223
72
358
598
759
816
753
568
268
-124
-582
-1066
-1535
-1947
-2264
-2453
-2493
-2372
-2094
-1673
-1136
-520
132
776
1365
1859
2225
2440
2496
2394
2149
1790
1350
870
391
-43
-402
-657
-793
-807
-705
-509
-246
48
337
582
750
816
763
587
296
-90
-544
-1027
-1499
-1917
-2243
-2443
-2495
-2388
-2122
-1711
-1183
-571
80
726
1321
1824
2201
2429
2497
2407
2174
1822
1387
909
429
-11
-377
-641
-787
-810
-717
-528
-269
24
315
564
740
815
772
605
323
-56
-506
-988
-1463
-1887
-2221
-2432
-2497
-2402
-2149
-1749
-1229
-622
27
675
1276
1788
2176
2417
2498
2420
2197
1854
1424
947
466
21
-351
-624
-780
-813
-729
-546
-291
0
292
547
729
813
780
623
350
-23
-468
-949
-1426
-1855
-2198
-2421
-2498
-2416
-2175
-1786
-1274
-673
-25
625
1231
1751
2150
2403
2497
2432
2220
1885
1461
986
504
55
-324
-606
-772
-814
-739
-564
-313
-23
270
529
718
810
787
640
376
9
-430
-910
-1389
-1824
-2175
-2408
-2497
-2428
-2200
-1822
-1319
-723
-77
573
1185
1713
2123
2389
2496
2443
2242
1916
1497
1025
542
88
-297
-588
-763
-816
-749
-581
-335
-47
247
510
706
807
793
657
401
42
-393
-871
-1352
-1791
-2151
-2394
-2496
-2440
-2224
-1857
-1363
-774
-130
522
1138
1675
2095
2373
2493
2453
2263
1946
1533
1064
580
123
-269
-569
-754
-816
-759
-598
-357
-71
224
491
694
803
799
672
425
74
-356
-832
-1314
-1759
-2126
-2380
-2493
-2450
-2247
-1892
-1407
-823
-182
471
1091
1636
2067
2356
2489
2462
2283
1975
1569
1103
618
158
-241
-549
-743
-815
-767
-614
-379
-94
201
471
680
798
804
687
449
105
-319
-794
-1276
-1725
-2100
-2364
-2490
-2460
-2269
-1925
-1450
-873
-235
419
1044
1596
2037
2339
2485
2470
2303
2004
1604
1141
657
193
-212
-528
-732
-814
-775
-629
-400
-118
178
452
667
793
808
701
473
136
-283
-755
-1238
-1692
-2074
-2348
-2485
-2468
-2290
-1958
-1492
-922
-287
367
996
1555
2006
2320
2479
2477
2321
2032
1639
1180
696
228
-182
-507
-720
-812
-783
-645
-421
-142
154
431
652
786
811
714
495
167
-247
-716
-1200
-1657
-2047
-2331
-2480
-2475
-2310
-1990
-1534
-971
-339
315
947
1514
1975
2301
2472
2483
2339
2060
1674
1218
734
264
-152
-484
-708
-809
-789
-659
-441
-165
131
411
637
779
813
726
517
197
-211
-677
-1162
-1623
-2019
-2312
-2473
-2482
-2329
-2021
-1575
-1019
-392
262
899
1472
1943
2280
2464
2488
2356
2086
1708
1256
773
300
-122
-462
-694
-806
-795
-673
-461
-189
107
390
622
772
815
738
538
226
-176
-639
-1123
-1588
-1990
-2293
-2466
-2487
-2347
-2051
-1615
-1066
-443
210
849
1429
1909
2259
2455
2492
2372
2112
1741
1294
812
337
-90
-438
-680
-801
-800
-687
-481
-212
83
368
606
763
816
748
558
255
-141
-600
-1084
-1552
-1961
-2274
-2457
-2491
-2364
-2080
-1654
-1114
-495
157
800
1386
1875
2236
2446
2495
2387
2138
1774
1332
851
374
-59
-414
-665
-796
-805
-700
-500
-235
59
347
590
754
816
758
578
283
-106
-562
-1046
-1516
-1932
-2253
-2448
-2494
-2381
-2109
-1693
-1160
-547
105
750
1342
1841
2212
2435
2497
2401
2162
1807
1369
890
411
-26
-389
-649
-790
-809
-712
-519
-258
35
325
573
745
815
767
597
310
-72
-524
-1007
-1480
-1901
-2231
-2438
-2496
-2396
-2136
-1731
-1207
-598
52
699
1297
1805
2188
2423
2498
2414
2186
1839
1406
929
448
5
-363
-632
-783
-812
-723
-537
-280
11
303
555
734
814
776
615
337
-39
-486
-968
-1443
-1870
-2209
-2426
-2498
-2410
-2162
-1768
-1252
-649
0
