72
132
168
174
154
112
62
14
65516
65500
65505
65524
11
31
36
22
65525
65477
65426
65384
65362
65367
65401
65460
65532
68
129
166
175
156
115
65
16
65517
65501
65504
65522
10
30
36
23
65527
65480
65429
65386
65363
65366
65399
65456
65528
65
126
165
175
157
118
68
19
65519
65501
65503
65521
8
29
36
24
65529
65483
65432
65388
65363
65365
65396
65452
65524
61
123
163
175
159
121
71
21
65521
65501
65503
65520
7
28
36
25
65532
65486
65435
65390
65364
65364
65394
65448
65519
57
120
162
175
161
123
73
24
65522
65502
65502
65518
6
27
36
27
65534
65489
65437
65392
65365
65363
65391
65445
65515
52
117
160
176
162
126
76
26
65524
65503
65502
65517
4
26
36
28
0
65492
65440
65395
65366
65363
65389
65441
65511
48
114
159
175
164
128
79
29
65526
65503
65501
65516
3
25
36
29
1
65494
65443
65397
65367
65362
65387
65438
65507
44
111
157
175
165
131
82
32
65528
65504
65501
65515
1
24
36
30
3
65497
65446
65399
65368
65362
65384
65434
65503
40
107
155
175
166
133
85
34
65530
65505
65500
65514
0
23
36
31
5
65500
65449
65401
65369
65361
65382
65431
65498
36
104
153
175
167
136
88
37
65532
65506
65500
65512
0
22
36
32
7
65503
65452
65404
65370
65361
65380
65427
65494
32
100
151
174
169
138
91
40
65534
65507
65500
65511
65534
21
35
32
9
65505
65455
65406
65372
65361
65379
65424
65490
28
97
148
174
170
140
94
43
0
65508
65500
65510
65533
20
35
33
11
65508
65458
65409
65373
65361
65377
65421
65486
23
93
146
173
171
142
97
46
1
65509
65500
65509
65531
18
34
34
13
65511
65461
65411
65374
65360
65375
65418
65482
19
90
144
172
172
145
100
48
3
65510
65500
65508
65530
17
34
34
14
65513
65464
65414
65376
65361
65373
65415
65478
15
86
141
171
172
147
102
51
5
65511
65500
65507
65528
16
33
35
16
65516
65467
65417
65378
65361
65372
65412
65474
11
82
139
170
173
149
105
54
8
65512
65500
65507
65527
15
33
35
18
65518
65470
65419
65379
65361
65370
65409
65470
6
79
136
169
174
151
108
57
10
65514
65500
65506
65526
13
32
36
19
65521
65473
65422
65381
65361
65369
65406
65466
2
75
134
168
174
153
111
60
12
65515
65500
65505
65524
12
31
36
21
65523
65475
65425
65383
65362
65368
65403
65462
65535
71
131
167
175
154
114
63
15
65516
65500
65504
65523
11
30
36
22
65526
65478
65427
65385
65362
65367
65400
65458
65531
67
128
166
175
156
116
66
17
65518
65501
65504
65522
9
30
36
23
65528
65481
65430
65387
65363
65366
65398
65454
65526
63
125
164
175
158
119
69
20
65520
65501
65503
65520
8
29
36
25
65530
65484
65433
65389
65364
65365
65395
65451
65522
59
122
163
175
160
122
72
22
65521
65502
65502
65519
6
28
36
26
65533
65487
65436
65391
65364
65364
65393
65447
65518
55
119
161
176
161
124
75
25
65523
65502
65502
65518
5
27
36
27
65535
65490
65439
65393
65365
65363
65390
65443
65513
51
116
160
175
163
127
78
27
65525
65503
65501
65517
4
26
36
28
0
65493
65442
65395
65366
65362
65388
65440
65509
47
113
158
175
164
129
81
30
65526
65504
65501
65515
2
25
36
29
2
65495
65444
65398
65367
65362
65386
65436
65505
43
109
156
175
165
132
83
33
65528
65504
65501
65514
1
24
36
30
4
65498
65447
65400
65368
65361
65384
65433
65501
38
106
154
175
167
134
86
36
65530
65505
65500
65513
0
23
36
31
6
65501
65450
65402
65369
65361
65382
65429
65497
34
103
152
174
168
136
89
38
65532
65506
65500
65512
65535
22
35
32
8
65504
65453
65405
65371
65361
65380
65426
65493
30
99
150
174
169
139
92
41
65534
65507
65500
65511
65534
20
35
33
10
65506
65456
65407
65372
65361
65378
65423
65488
26
96
148
173
170
141
95
44
0
65508
65500
65510
65532
19
35
33
12
65509
65459
65410
65374
65360
65376
65420
65484
22
92
145
173
171
143
98
47
2
65509
65500
65509
65531
18
34
34
13
65512
65462
65412
65375
65360
65374
65416
65480
17
88
143
172
172
145
101
50
4
65510
65500
65508
65529
17
34
34
15
65514
65465
65415
65377
65361
65373
65413
65476
13
85
140
171
173
147
104
52
6
65511
65500
65507
65528
15
33
35
17
65517
65468
65418
65378
65361
65371
65410
65472
9
81
138
170
173
150
106
55
8
65513
65500
65506
65527
14
32
35
18
65519
65471
65420
65380
65361
65370
65408
65468
5
77
135
169
174
151
109
58
11
65514
65500
65505
65525
13
32
36
20
65522
65474
65423
65382
65361
65369
65405
65464
0
73
132
168
174
153
112
61
13
65516
65500
65505
65524
11
31
36
21
65524
65477
65426
65384
65362
65367
65402
65461
65533
69
130
167
175
155
115
64
16
65517
65501
65504
65522
10
30
36
23
65527
65480
65428
65386
65362
65366
65399
65457
65529
65
127
165
175
157
117
67
18
65519
65501
65503
65521
9
29
36
24
65529
65482
65431
65388
65363
65365
65397
65453
65525
61
124
164
175
159
120
70
21
65520
65501
65503
65520
7
28
36
25
65531
65485
65434
65390
65364
65364
65394
65449
65520
57
121
162
175
160
123
73
23
65522
65502
65502
65519
6
27
36
26
65533
65488
65437
65392
65365
65364
65392
65446
65516
53
118
161
176
162
125
76
26
65524
65502
65502
65517
4
26
36
28
0
65491
65440
65394
65366
65363
65389
65442
65512
49
114
159
175
163
128
79
29
65525
65503
65501
65516
3
25
36
29
1
65494
65443
65396
65367
65362
65387
65438
65508
45
111
157
175
165
130
82
31
65527
65504
65501
65515
2
24
36
30
3
65497
65446
65399
65368
65362
65385
65435
65503
41
108
155
175
166
133
85
34
65529
65505
65500
65514
0
23
36
31
5
65499
65448
65401
65369
65361
65383
65431
65499
37
105
153
175
167
135
88
37
65531
65505
65500
65513
0
22
36
31
7
65502
65451
65403
65370
65361
65381
65428
65495
33
101
151
174
168
137
90
39
65533
65506
65500
65512
65534
21
35
32
9
65505
65454
65406
65371
65361
65379
65425
65491
28
98
149
174
169
140
93
42
65535
65507
65500
65511
65533
20
35
33
11
65507
65457
65408
65373
65361
65377
65422
65487
24
94
147
173
170
142
96
45
0
65508
65500
65510
65532
19
34
34
12
65510
65460
65411
65374
65360
65375
65418
65483
20
90
144
172
171
144
99
48
3
65510
65500
65509
65530
17
34
34
14
65513
65463
65413
65376
65361
65374
65415
65479
16
87
142
172
172
146
102
51
5
65511
65500
65508
65529
16
33
35
16
65515
65466
65416
65377
65361
65372
65412
65475
11
83
139
171
173
148
105
54
7
65512
65500
65507
65527
15
33
35
17
65518
65469
65419
65379
65361
65371
65409
65471
7
79
137
170
174
150
108
56
9
65513
65500
65506
65526
14
32
35
19
65520
65472
65421
65381
65361
65369
65406
65467
3
75
134
169
174
152
110
59
12
65515
65500
65505
65525
12
31
36
20
65523
65475
65424
65383
65362
65368
65404
65463
0
72
131
167
175
154
113
62
14
65516
65500
65504
65523
11
31
36
22
65525
65478
65427
65385
65362
65367
65401
65459
65531
68
128
166
175
156
116
65
17
65518
65501
65504
65522
9
30
36
23
65528
65481
65430
65386
65363
65366
65398
65455
65527
64
126
165
175
158
118
68
19
65519
65501
65503
65521
8
29
36
25
65530
65484
65432
65389
65363
65365
65396
65451
65523
60
123
163
175
159
121
71
22
65521
65502
65502
65519
7
28
36
26
65532
65486
65435
65391
65364
65364
65393
65448
65519
56
120
162
176
161
124
74
24
65523
65502
65502
65518
5
27
36
27
65534
65489
65438
65393
65365
65363
65391
65444
65514
52
116
160
176
162
126
77
27
65524
65503
65501
65517
4
26
36
28
0
65492
65441
65395
65366
65363
65388
65440
65510
48
113
158
175
164
129
80
30
65526
65503
65501
65516
2
25
36
29
2
65495
65444
65397
65367
65362
65386
65437
65506
43
110
156
175
165
131
83
32
65528
65504
65501
65514
1
24
36
30
4
65498
65447
65400
65368
65362
65384
65433
65502
39
107
154
175
167
134
86
35
65530
65505
65500
65513
0
23
36
31
6
65500
65450
65402
65369
65361
65382
65430
65498
35
103
152
175
168
136
89
38
65532
65506
65500
65512
65535
22
35
32
8
65503
65453
65404
65371
65361
65380
65427
65493
31
100
150
174
169
138
92
41
65534
65507
65500
65511
65534
21
35
32
10
65506
65455
65407
65372
65361
65378
65423
65489
27
96
148
174
170
141
94
43
0
65508
65500
65510
65532
19
35
33
11
65509
65458
65409
65373
65361
65376
65420
65485
23
93
146
173
171
143
97
46
1
65509
65500
65509
65531
18
34
34
13
65511
65461
65412
65375
65360
65375
65417
65481
18
89
143
172
172
145
100
49
3
65510
65500
65508
65530
17
34
34
15
65514
65464
65414
65376
65361
65373
65414
65477
14
85
141
171
172
147
103
52
6
65511
65500
65507
65528
16
33
35
16
65516
65467
65417
65378
65361
65372
65411
65473
10
82
138
170
173
149
106
55
8
65513
65500
65506
65527
14
32
35
18
65519
65470
65420
65380
65361
65370
65408
65469
5
78
136
169
174
151
109
58
10
65514
65500
65506
65525
13
32
36
20
65521
65473
65422
65382
65361
65369
65405
65465
1
74
133
168
174
153
111
61
13
65515
65500
65505
65524
12
31
36
21
65524
65476
65425
65383
65362
65368
65402
65461
65534
70
130
167
175
155
114
63
15
65517
65500
65504
65523
10
30
36
22
65526
65479
65428
65385
65362
65367
65400
65457
65530
66
127
166
175
157
117
66
18
65518
65501
65503
65521
9
29
36
24
65528
65482
65431
65387
65363
65366
65397
65454
65525
62
124
164
175
158
119
69
20
65520
65501
65503
65520
8
29
36
25
65531
65485
65434
65389
65364
65365
65395
65450
65521
58
121
163
175
160
122
72
23
65522
65502
65502
65519
6
28
36
26
65533
65488
65436
65391
65364
65364
65392
65446
65517
54
118
161
176
162
125
75
25
65523
65502
65502
65518
5
27
36
27
65535
65490
65439
65394
65365
65363
65390
65443
65513
50
115
159
175
163
127
78
28
65525
65503
65501
65516
3
26
36
28
0
65493
65442
65396
65366
65362
65388
65439
65508
46
112
157
175
164
130
81
31
65527
65504
65501
65515
2
25
36
29
2
65496
65445
65398
65367
65362
65385
65436
65504
42
109
156
175
166
132
84
33
65529
65504
65500
65514
0
24
36
30
4
65499
65448
65400
65369
65361
65383
65432
65500
38
105
154
175
167
135
87
36
65531
65505
65500
65513
0
22
36
31
6
65502
65451
65403
65370
65361
65381
65429
65496
33
102
152
174
168
137
90
39
65533
65506
65500
65512
65535
21
35
32
8
65504
65454
65405
65371
65361
65379
65425
65492
29
98
149
174
169
139
93
42
65535
65507
65500
65511
65533
20
35
33
10
65507
65457
65408
65372
65361
65377
65422
65488
25
95
147
173
170
141
96
44
0
65508
65500
65510
65532
19
34
33
12
65510
65460
65410
65374
65360
65376
65419
65484
21
91
145
173
171
144
99
47
2
65509
65500
65509
65530
18
34
34
14
65512
65463
65413
65375
65361
65374
65416
65479
17
88
142
172
172
146
101
50
4
65511
65500
65508
65529
16
33
35
15
65515
65465
65415
65377
65361
65373
65413
65475
12
84
140
171
173
148
104
53
7
65512
65500
65507
65528
15
33
35
17
65517
65468
65418
65379
65361
65371
65410
65471
8
80
137
170
173
150
107
56
9
65513
65500
65506
65526
14
32
35
19
65520
65471
65421
65380
65361
65370
65407
65468
4
76
135
169
174
152
110
59
11
65514
65500
65505
65525
12
31
36
20
65522
65474
65424
65382
65362
65368
65404
65464
0
72
132
168
174
154
112
62
14
65516
65500
65505
65524
11
31
36
22
65525
65477
65426
65384
65362
65367
65401
65460
65532
68
129
166
175
156
115
65
16
65517
65501
65504
65522
10
30
36
23
65527
65480
65429
65386
65363
65366
65399
65456
65528
65
126
165
175
157
118
68
19
65519
65501
65503
65521
8
29
36
24
65529
65483
65432
65388
65363
65365
65396
65452
65524
61
123
163
175
159
121
71
21
65521
65501
65503
65520
7
28
36
25
65532
65486
65435
65390
65364
65364
65394
65448
65519
57
120
162
175
161
123
73
24
65522
65502
65502
65518
6
27
36
27
65534
65489
65437
65392
65365
65363
65391
65445
65515
52
117
160
176
162
126
76
26
65524
65503
65502
65517
4
26
36
28
0
65492
65440
65395
65366
65363
65389
65441
65511
48
114
159
175
164
128
79
29
65526
65503
65501
65516
3
25
36
29
1
65494
65443
65397
65367
65362
65387
65438
65507
44
111
157
175
165
131
82
32
65528
65504
65501
65515
1
24
36
30
3
65497
65446
65399
65368
65362
65384
65434
65503
40
107
155
175
166
133
85
34
65530
65505
65500
65514
0
23
36
31
5
65500
65449
65401
65369
65361
65382
65431
65498
36
104
153
175
167
136
88
37
65532
65506
65500
65512
0
22
36
32
7
65503
65452
65404
65370
65361
65380
65427
65494
32
100
151
174
169
138
91
40
65534
65507
65500
65511
65534
21
35
32
9
65505
65455
65406
65372
65361
65379
65424
65490
28
97
148
174
170
140
94
43
0
65508
65500
65510
65533
20
35
33
11
65508
65458
65409
65373
65361
65377
65421
65486
23
93
146
173
171
142
97
46
1
65509
65500
65509
65531
18
34
34
13
65511
65461
65411
65374
65360
65375
65418
65482
19
90
144
172
172
145
100
48
3
65510
65500
65508
65530
17
34
34
14
65513
65464
65414
65376
65361
65373
65415
65478
15
86
141
171
172
147
102
51
5
65511
65500
65507
65528
16
33
35
16
65516
65467
65417
65378
65361
65372
65412
65474
11
82
139
170
173
149
105
54
8
65512
65500
65507
65527
15
33
35
18
65518
65470
65419
65379
65361
65370
65409
65470
6
79
136
169
174
151
108
57
10
65514
65500
65506
65526
13
32
36
19
65521
65473
65422
65381
65361
65369
65406
65466
2
75
134
168
174
153
111
60
12
65515
65500
65505
65524
12
31
36
21
65523
65475
65425
65383
65362
65368
65403
65462
65535
71
131
167
175
154
114
63
15
65516
65500
65504
65523
11
30
36
22
65526
65478
65427
65385
65362
65367
65400
65458
65531
67
128
166
175
156
116
66
17
65518
65501
65504
65522
9
30
36
23
65528
65481
65430
65387
65363
65366
65398
65454
65526
63
125
164
175
158
119
69
20
65520
65501
65503
65520
8
29
36
25
65530
65484
65433
65389
65364
65365
65395
65451
65522
59
122
163
175
160
122
72
22
65521
65502
65502
65519
6
28
36
26
65533
65487
65436
65391
65364
65364
65393
65447
65518
55
119
161
176
161
124
75
25
65523
65502
65502
65518
5
27
36
27
65535
65490
65439
65393
65365
65363
65390
65443
65513
51
116
160
175
163
127
78
27
65525
65503
65501
65517
4
26
36
28
0
65493
65442
65395
65366
65362
65388
65440
65509
47
113
158
175
164
129
81
30
65526
65504
65501
65515
2
25
36
29
2
65495
65444
65398
65367
65362
65386
65436
65505
43
109
156
175
165
132
83
33
65528
65504
65501
65514
1
24
36
30
4
65498
65447
65400
65368
65361
65384
65433
65501
38
106
154
175
167
134
86
36
65530
65505
65500
65513
0
23
36
31
6
65501
65450
65402
65369
65361
65382
65429
65497
34
103
152
174
168
136
89
38
65532
65506
65500
65512
65535
22
35
32
8
65504
65453
65405
65371
65361
65380
65426
65493
30
99
150
174
169
139
92
41
65534
65507
65500
65511
65534
20
35
33
10
65506
65456
65407
65372
65361
65378
65423
65488
26
96
148
173
170
141
95
44
0
65508
65500
65510
65532
19
35
33
12
65509
65459
65410
65374
65360
65376
65420
65484
22
92
145
173
171
143
98
47
2
65509
65500
65509
65531
18
34
34
13
65512
65462
65412
65375
65360
65374
65416
65480
17
88
143
172
172
145
101
50
4
65510
65500
65508
65529
17
34
34
15
65514
65465
65415
65377
65361
65373
65413
65476
13
85
140
171
173
147
104
52
6
65511
65500
65507
65528
15
33
35
17
65517
65468
65418
65378
65361
65371
65410
65472
9
81
138
170
173
150
106
55
8
65513
65500
65506
65527
14
32
35
18
65519
65471
65420
65380
65361
65370
65408
65468
5
77
135
169
174
151
109
58
11
65514
65500
65505
65525
13
32
36
20
65522
65474
65423
65382
65361
65369
65405
65464
0
73
132
168
174
153
112
61
13
65516
65500
65505
65524
11
31
36
21
65524
65477
65426
65384
65362
65367
65402
65461
65533
69
130
167
175
155
115
64
16
65517
65501
65504
65522
10
30
36
23
65527
65480
65428
65386
65362
65366
65399
65457
65529
65
127
165
175
157
117
67
18
65519
65501
65503
65521
9
29
36
24
65529
65482
65431
65388
65363
65365
65397
65453
65525
61
124
164
175
159
120
70
21
65520
65501
65503
65520
7
28
36
25
65531
65485
65434
65390
65364
65364
65394
65449
65520
57
121
162
175
160
123
73
23
65522
65502
65502
65519
6
27
36
26
65533
65488
65437
65392
65365
65364
65392
65446
65516
53
118
161
176
162
125
76
26
65524
65502
65502
65517
4
26
36
28
0
65491
65440
65394
65366
65363
65389
65442
65512
49
114
159
175
163
128
79
29
65525
65503
65501
65516
3
25
36
29
1
65494
65443
65396
65367
65362
65387
65438
65508
45
111
157
175
165
130
82
31
65527
65504
65501
65515
2
24
36
30
3
65497
65446
65399
65368
65362
65385
65435
65503
41
108
155
175
166
133
85
34
65529
65505
65500
65514
0
23
36
31
5
65499
65448
65401
65369
65361
65383
65431
65499
37
105
153
175
167
135
88
37
65531
65505
65500
65513
0
22
36
31
7
65502
65451
65403
65370
65361
65381
65428
65495
33
101
151
174
168
137
90
39
65533
65506
65500
65512
65534
21
35
32
9
65505
65454
65406
65371
65361
65379
65425
65491
28
98
149
174
169
140
93
42
65535
65507
65500
65511
65533
20
35
33
11
65507
65457
65408
65373
65361
65377
65422
65487
24
94
147
173
170
142
96
45
0
65508
65500
65510
65532
19
34
34
12
65510
65460
65411
65374
65360
65375
65418
65483
20
90
144
172
171
144
99
48
3
65510
65500
65509
65530
17
34
34
14
65513
65463
65413
65376
65361
65374
65415
65479
16
87
142
172
172
146
102
51
5
65511
65500
65508
65529
16
33
35
16
65515
65466
65416
65377
65361
65372
65412
65475
11
83
139
171
173
148
105
54
7
65512
65500
65507
65527
15
33
35
17
65518
65469
65419
65379
65361
65371
65409
65471
7
79
137
170
174
150
108
56
9
65513
65500
65506
65526
14
32
35
19
65520
65472
65421
65381
65361
65369
65406
65467
3
75
134
169
174
152
110
59
12
65515
65500
65505
65525
12
31
36
20
65523
65475
65424
65383
65362
65368
65404
65463
0
72
131
167
175
154
113
62
14
65516
65500
65504
65523
11
31
36
22
65525
65478
65427
65385
65362
65367
65401
65459
65531
68
128
166
175
156
116
65
17
65518
65501
65504
65522
9
30
36
23
65528
65481
65430
65386
65363
65366
65398
65455
65527
64
126
165
175
158
118
68
19
65519
65501
65503
65521
8
29
36
25
65530
65484
65432
65389
65363
65365
65396
65451
65523
60
123
163
175
159
121
71
22
65521
65502
65502
65519
7
28
36
26
65532
65486
65435
65391
65364
65364
65393
65448
65519
56
120
162
176
161
124
74
24
65523
65502
65502
65518
5
27
36
27
65534
65489
65438
65393
65365
65363
65391
65444
65514
52
116
160
176
162
126
77
27
65524
65503
65501
65517
4
26
36
28
0
65492
65441
65395
65366
65363
65388
65440
65510
48
113
158
175
164
129
80
30
65526
65503
65501
65516
2
25
36
29
2
65495
65444
65397
65367
65362
65386
65437
65506
43
110
156
175
165
131
83
32
65528
65504
65501
65514
1
24
36
30
4
65498
65447
65400
65368
65362
65384
65433
65502
39
107
154
175
167
134
86
35
65530
65505
65500
65513
0
23
36
31
6
65500
65450
65402
65369
65361
65382
65430
65498
35
103
152
175
168
136
89
38
65532
65506
65500
65512
65535
22
35
32
8
65503
65453
65404
65371
65361
65380
65427
65493
31
100
150
174
169
138
92
41
65534
65507
65500
65511
65534
21
35
32
10
65506
65455
65407
65372
65361
65378
65423
65489
27
96
148
174
170
141
94
43
0
65508
65500
65510
65532
19
35
33
11
65509
65458
65409
65373
65361
65376
65420
65485
23
93
146
173
171
143
97
46
1
65509
65500
65509
65531
18
34
34
13
65511
65461
65412
65375
65360
65375
65417
65481
18
89
143
172
172
145
100
49
3
65510
65500
65508
65530
17
34
34
15
65514
65464
65414
65376
65361
65373
65414
65477
14
85
141
171
172
147
103
52
6
65511
65500
65507
65528
16
33
35
16
65516
65467
65417
65378
65361
65372
65411
65473
10
82
138
170
173
149
106
55
8
65513
65500
65506
65527
14
32
35
18
65519
65470
65420
65380
65361
65370
65408
65469
5
78
136
169
174
151
109
58
10
65514
65500
65506
65525
13
32
36
20
65521
65473
65422
65382
65361
65369
65405
65465
1
74
133
168
174
153
111
61
13
65515
65500
65505
65524
12
31
36
21
65524
65476
65425
65383
65362
65368
65402
65461
65534
70
130
167
175
155
114
63
15
65517
65500
65504
65523
10
30
36
22
65526
65479
65428
65385
65362
65367
65400
65457
65530
66
127
166
175
157
117
66
18
65518
65501
65503
65521
9
29
36
24
65528
65482
65431
65387
65363
65366
65397
65454
65525
62
124
164
175
158
119
69
20
65520
65501
65503
65520
8
29
36
25
65531
65485
65434
65389
65364
65365
65395
65450
65521
58
121
163
175
160
122
72
23
65522
65502
65502
65519
6
28
36
26
65533
65488
65436
65391
65364
65364
65392
65446
65517
54
118
161
176
162
125
75
25
65523
65502
65502
65518
5
27
36
27
65535
65490
65439
65394
65365
65363
65390
65443
65513
50
115
159
175
163
127
78
28
65525
65503
65501
65516
3
26
36
28
0
65493
65442
65396
65366
65362
65388
65439
65508
46
112
157
175
164
130
81
31
65527
65504
65501
65515
2
25
36
29
2
65496
65445
65398
65367
65362
65385
65436
65504
42
109
156
175
166
132
84
33
65529
65504
65500
65514
0
24
36
30
4
65499
65448
65400
65369
65361
65383
65432
65500
38
105
154
175
167
135
87
36
65531
65505
65500
65513
0
22
36
31
6
65502
65451
65403
65370
65361
65381
65429
65496
33
102
152
174
168
137
90
39
65533
65506
65500
65512
65535
21
35
32
8
65504
65454
65405
65371
65361
65379
65425
65492
29
98
149
174
169
139
93
42
65535
65507
65500
65511
65533
20
35
33
10
65507
65457
65408
65372
65361
65377
65422
65488
25
95
147
173
170
141
96
44
0
65508
65500
65510
65532
19
34
33
12
65510
65460
65410
65374
65360
65376
65419
65484
21
91
145
173
171
144
99
47
2
65509
65500
65509
65530
18
34
34
14
65512
65463
65413
65375
65361
65374
65416
65479
17
88
142
172
172
146
101
50
4
65511
65500
65508
65529
16
33
35
15
65515
65465
65415
65377
65361
65373
65413
65475
12
84
140
171
173
148
104
53
7
65512
65500
65507
65528
15
33
35
17
65517
65468
65418
65379
65361
65371
65410
65471
8
80
137
170
173
150
107
56
9
65513
65500
65506
65526
14
32
35
19
65520
65471
65421
65380
65361
65370
65407
65468
4
76
135
169
174
152
110
59
11
65514
65500
65505
65525
12
31
36
20
65522
65474
65424
65382
65362
65368
65404
65464
0
72
132
168
174
154
112
62
14
65516
65500
65505
65524
11
31
36
22
65525
65477
65426
65384
65362
65367
65401
65460
65532
68
129
166
175
156
115
65
16
65517
65501
65504
65522
10
30
36
23
65527
65480
65429
65386
65363
65366
65399
65456
65528
65
126
165
175
157
118
68
19
65519
65501
65503
65521
8
29
36
24
65529
65483
65432
65388
65363
65365
65396
65452
65524
61
123
163
175
159
121
71
21
65521
65501
65503
65520
7
28
36
25
65532
65486
65435
65390
65364
65364
65394
65448
65519
57
120
162
175
161
123
73
24
65522
65502
65502
65518
6
27
36
27
65534
65489
65437
65392
65365
65363
65391
65445
65515
52
117
160
176
162
126
76
26
65524
65503
65502
65517
4
26
36
28
0
65492
65440
65395
65366
65363
65389
65441
65511
48
114
159
175
164
128
79
29
65526
65503
65501
65516
3
25
36
29
1
65494
65443
65397
65367
65362
65387
65438
65507
44
111
157
175
165
131
82
32
65528
65504
65501
65515
1
24
36
30
3
65497
65446
65399
65368
65362
65384
65434
65503
40
107
155
175
166
133
85
34
65530
65505
65500
65514
0
23
36
31
5
65500
65449
65401
65369
65361
65382
65431
65498
36
104
153
175
167
136
88
37
65532
65506
65500
65512
0
22
36
32
7
65503
65452
65404
65370
65361
65380
65427
65494
32
100
151
174
169
138
91
40
65534
65507
65500
65511
65534
21
35
32
9
65505
65455
65406
65372
65361
65379
65424
65490
28
97
148
174
170
140
94
43
0
65508
65500
65510
65533
20
35
33
11
65508
65458
65409
65373
65361
65377
65421
65486
23
93
146
173
171
142
97
46
1
65509
65500
65509
65531
18
34
34
13
65511
65461
65411
65374
65360
65375
65418
65482
19
90
144
172
172
145
100
48
3
65510
65500
65508
65530
17
34
34
14
65513
65464
65414
65376
65361
65373
65415
65478
15
86
141
171
172
147
102
51
5
65511
65500
65507
65528
16
33
35
16
65516
65467
65417
65378
65361
65372
65412
65474
11
82
139
170
173
149
105
54
8
65512
65500
65507
65527
15
33
35
18
65518
65470
65419
65379
65361
65370
65409
65470
6
79
136
169
174
151
108
57
10
65514
65500
65506
65526
13
32
36
19
65521
65473
65422
65381
65361
65369
65406
65466
2
75
134
168
174
153
111
60
12
65515
65500
65505
65524
12
31
36
21
65523
65475
65425
65383
65362
65368
65403
65462
65535
71
131
167
175
154
114
63
15
65516
65500
65504
65523
11
30
36
22
65526
65478
65427
65385
65362
65367
65400
65458
65531
67
128
166
175
156
116
66
17
65518
65501
65504
65522
9
30
36
23
65528
65481
65430
65387
65363
65366
65398
65454
65526
63
125
164
175
158
119
69
20
65520
65501
65503
65520
8
29
36
25
65530
65484
65433
65389
65364
65365
65395
65451
65522
59
122
163
175
160
122
72
22
65521
65502
65502
65519
6
28
36
26
65533
65487
65436
65391
65364
65364
65393
65447
65518
55
119
161
176
161
124
75
25
65523
65502
65502
65518
5
27
36
27
65535
65490
65439
65393
65365
65363
65390
65443
65513
51
116
160
175
163
127
78
27
65525
65503
65501
65517
4
26
36
28
0
65493
65442
65395
65366
65362
65388
65440
65509
47
113
158
175
164
129
81
30
65526
65504
65501
65515
2
25
36
29
2
65495
65444
65398
65367
65362
65386
65436
65505
43
109
156
175
165
132
83
33
65528
65504
65501
65514
1
24
36
30
4
65498
65447
65400
65368
65361
65384
65433
65501
38
106
154
175
167
134
86
36
65530
65505
65500
65513
0
23
36
31
6
65501
65450
65402
65369
65361
65382
65429
65497
34
103
152
174
168
136
89
38
65532
65506
65500
65512
65535
22
35
32
8
65504
65453
65405
65371
65361
65380
65426
65493
30
99
150
174
169
139
92
41
65534
65507
65500
65511
65534
20
35
33
10
65506
65456
65407
65372
65361
65378
65423
65488
26
96
148
173
170
141
95
44
0
65508
65500
65510
65532
19
35
33
12
65509
65459
65410
65374
65360
65376
65420
65484
22
92
145
173
171
143
98
47
2
65509
65500
65509
65531
18
34
34
13
65512
65462
65412
65375
65360
65374
65416
65480
17
88
143
172
172
145
101
50
4
65510
65500
65508
65529
17
34
34
15
65514
65465
65415
65377
65361
65373
65413
65476
13
85
140
171
173
147
104
52
6
65511
65500
65507
65528
15
33
35
17
65517
65468
65418
65378
65361
65371
65410
65472
9
81
138
170
173
150
106
55
8
65513
65500
65506
65527
14
32
35
18
65519
65471
65420
65380
65361
65370
65408
65468
5
77
135
169
174
151
109
58
11
65514
65500
65505
65525
13
32
36
20
65522
65474
65423
65382
65361
65369
65405
65464
0
73
132
168
174
153
112
61
13
65516
65500
65505
65524
11
31
36
21
65524
65477
65426
65384
65362
65367
65402
65461
65533
69
130
167
175
155
115
64
16
65517
65501
65504
65522
10
30
36
23
65527
65480
65428
65386
65362
65366
65399
65457
65529
65
127
165
175
157
117
67
18
65519
65501
65503
65521
9
29
36
24
65529
65482
65431
65388
65363
65365
65397
65453
65525
61
124
164
175
159
120
70
21
65520
65501
65503
65520
7
28
36
25
65531
65485
65434
65390
65364
65364
65394
65449
65520
57
121
162
175
160
123
73
23
65522
65502
65502
65519
6
27
36
26
65533
65488
65437
65392
65365
65364
65392
65446
65516
53
118
161
176
162
125
76
26
65524
65502
65502
65517
4
26
36
28
0
65491
65440
65394
65366
65363
65389
65442
65512
49
114
159
175
163
128
79
29
65525
65503
65501
65516
3
25
36
29
1
65494
65443
65396
65367
65362
65387
65438
65508
45
111
157
175
165
130
82
31
65527
65504
65501
65515
2
24
36
30
3
65497
65446
65399
65368
65362
65385
65435
65503
41
108
155
175
166
133
85
34
65529
65505
65500
65514
0
23
36
31
5
65499
65448
65401
65369
65361
65383
65431
65499
37
105
153
175
167
135
88
37
65531
65505
65500
65513
0
22
36
31
7
65502
65451
65403
65370
65361
65381
65428
65495
33
101
151
174
168
137
90
39
65533
65506
65500
65512
65534
21
35
32
9
65505
65454
65406
65371
65361
65379
65425
65491
28
98
149
174
169
140
93
42
65535
65507
65500
65511
65533
20
35
33
11
65507
65457
65408
65373
65361
65377
65422
65487
24
94
147
173
170
142
96
45
0
65508
65500
65510
65532
19
34
34
12
65510
65460
65411
65374
65360
65375
65418
65483
20
90
144
172
171
144
99
48
3
65510
65500
65509
65530
17
34
34
14
65513
65463
65413
65376
65361
65374
65415
65479
16
87
142
172
172
146
102
51
5
65511
65500
65508
65529
16
33
35
16
65515
65466
65416
65377
65361
65372
65412
65475
11
83
139
171
173
148
105
54
7
65512
65500
65507
65527
15
33
35
17
65518
65469
65419
65379
65361
65371
65409
65471
7
79
137
170
174
150
108
56
9
65513
65500
65506
65526
14
32
35
19
65520
65472
65421
65381
65361
65369
65406
65467
3
75
134
169
174
152
110
59
12
65515
65500
65505
65525
12
31
36
20
65523
65475
65424
65383
65362
65368
65404
65463
0
72
131
167
175
154
113
62
14
65516
65500
65504
65523
11
31
36
22
65525
65478
65427
65385
65362
65367
65401
65459
65531
68
128
166
175
156
116
65
17
65518
65501
65504
65522
9
30
36
23
65528
65481
65430
65386
65363
65366
65398
65455
65527
64
126
165
175
158
118
68
19
65519
65501
65503
65521
8
29
36
25
65530
65484
65432
65389
65363
65365
65396
65451
65523
60
123
163
175
159
121
71
22
65521
65502
65502
65519
7
28
36
26
65532
65486
65435
65391
65364
65364
65393
65448
65519
56
120
162
176
161
124
74
24
65523
65502
65502
65518
5
27
36
27
65534
65489
65438
65393
65365
65363
65391
65444
65514
52
116
160
176
162
126
77
27
65524
65503
65501
65517
4
26
36
28
0
65492
65441
65395
65366
65363
65388
65440
65510
48
113
158
175
164
129
80
30
65526
65503
65501
65516
2
25
36
29
2
65495
65444
65397
65367
65362
65386
65437
65506
43
110
156
175
165
131
83
32
65528
65504
65501
65514
1
24
36
30
4
65498
65447
65400
65368
65362
65384
65433
65502
39
107
154
175
167
134
86
35
65530
65505
65500
65513
0
23
36
31
6
65500
65450
65402
65369
65361
65382
65430
65498
35
103
152
175
168
136
89
38
65532
65506
65500
65512
65535
22
35
32
8
65503
65453
65404
65371
65361
65380
65427
65493
31
100
150
174
169
138
92
41
65534
65507
65500
65511
65534
21
35
32
10
65506
65455
65407
65372
65361
65378
65423
65489
27
96
148
174
170
141
94
43
0
65508
65500
65510
65532
19
35
33
11
65509
65458
65409
65373
65361
65376
65420
65485
23
93
146
173
171
143
97
46
1
65509
65500
65509
65531
18
34
34
13
65511
65461
65412
65375
65360
65375
65417
65481
18
89
143
172
172
145
100
49
3
65510
65500
65508
65530
17
34
34
15
65514
65464
65414
65376
65361
65373
65414
65477
14
85
141
171
172
147
103
52
6
65511
65500
65507
65528
16
33
35
16
65516
65467
65417
65378
65361
65372
65411
65473
10
82
138
170
173
149
106
55
8
65513
65500
65506
65527
14
32
35
18
65519
65470
65420
65380
65361
65370
65408
65469
5
78
136
169
174
151
109
58
10
65514
65500
65506
65525
13
32
36
20
65521
65473
65422
65382
65361
65369
65405
65465
1
74
133
168
174
153
111
61
13
65515
65500
65505
65524
12
31
36
21
65524
65476
65425
65383
65362
65368
65402
65461
65534
70
130
167
175
155
114
63
15
65517
65500
65504
65523
10
30
36
22
65526
65479
65428
65385
65362
65367
65400
65457
65530
66
127
166
175
157
117
66
18
65518
65501
65503
65521
9
29
36
24
65528
65482
65431
65387
65363
65366
65397
65454
65525
62
124
164
175
158
119
69
20
65520
65501
65503
65520
8
29
36
25
65531
65485
65434
65389
65364
65365
65395
65450
65521
58
121
163
175
160
122
72
23
65522
65502
65502
65519
6
28
36
26
65533
65488
65436
65391
65364
65364
65392
65446
65517
54
118
161
176
162
125
75
25
65523
65502
65502
65518
5
27
36
27
65535
65490
65439
65394
65365
65363
65390
65443
65513
50
115
159
175
163
127
78
28
65525
65503
65501
65516
3
26
36
28
0
65493
65442
65396
65366
65362
65388
65439
65508
46
112
157
175
164
130
81
31
65527
65504
65501
65515
2
25
36
29
2
65496
65445
65398
65367
65362
65385
65436
65504
42
109
156
175
166
132
84
33
65529
65504
65500
65514
0
24
36
30
4
65499
65448
65400
65369
65361
65383
65432
65500
38
105
154
175
167
135
87
36
65531
65505
65500
65513
0
22
36
31
6
65502
65451
65403
65370
65361
65381
65429
65496
33
102
152
174
168
137
90
39
65533
65506
65500
65512
65535
21
35
32
8
65504
65454
65405
65371
65361
65379
65425
65492
29
98
149
174
169
139
93
42
65535
65507
65500
65511
65533
20
35
33
10
65507
65457
65408
65372
65361
65377
65422
65488
25
95
147
173
170
141
96
44
0
65508
65500
65510
65532
19
34
33
12
65510
65460
65410
65374
65360
65376
65419
65484
21
91
145
173
171
144
99
47
2
65509
65500
65509
65530
18
34
34
14
65512
65463
65413
65375
65361
65374
65416
65479
17
88
142
172
172
146
101
50
4
65511
65500
65508
65529
16
33
35
15
65515
65465
65415
65377
65361
65373
65413
65475
12
84
140
171
173
148
104
53
7
65512
65500
65507
65528
15
33
35
17
65517
65468
65418
65379
65361
65371
65410
65471
8
80
137
170
173
150
107
56
9
65513
65500
65506
65526
14
32
35
19
65520
65471
65421
65380
65361
65370
65407
65468
4
76
135
169
174
152
110
59
11
65514
65500
65505
65525
12
31
36
20
65522
65474
65424
65382
65362
65368
65404
65464
0
72
132
168
174
154
112
62
14
65516
65500
65505
65524
11
31
36
22
65525
65477
65426
65384
65362
65367
65401
65460
65532
68
129
166
175
156
115
65
16
65517
65501
65504
65522
10
30
36
23
65527
65480
65429
65386
65363
65366
65399
65456
65528
65
126
165
175
157
118
68
19
65519
65501
65503
65521
8
29
36
24
65529
65483
65432
65388
65363
65365
65396
65452
65524
61
123
163
175
159
121
71
21
65521
65501
65503
65520
7
28
36
25
65532
65486
65435
65390
65364
65364
65394
65448
65519
57
120
162
175
161
123
73
24
65522
65502
65502
65518
6
27
36
27
65534
65489
65437
65392
65365
65363
65391
65445
65515
52
117
160
176
162
126
76
26
65524
65503
65502
65517
4
26
36
28
0
65492
65440
65395
65366
65363
65389
65441
65511
48
114
159
175
164
128
79
29
65526
65503
65501
65516
3
25
36
29
1
65494
65443
65397
65367
65362
65387
65438
65507
44
111
157
175
165
131
82
32
65528
65504
65501
65515
1
24
36
30
3
65497
65446
65399
65368
65362
65384
65434
65503
40
107
155
175
166
133
85
34
65530
65505
65500
65514
0
23
36
31
5
65500
65449
65401
65369
65361
65382
65431
65498
36
104
153
175
167
136
88
37
65532
65506
65500
65512
0
22
36
32
7
65503
65452
65404
65370
65361
65380
65427
65494
32
100
151
174
169
138
91
40
65534
65507
65500
65511
65534
21
35
32
9
65505
65455
65406
65372
65361
65379
65424
65490
28
97
148
174
170
140
94
43
0
65508
65500
65510
65533
20
35
33
11
65508
65458
65409
65373
65361
65377
65421
65486
23
93
146
173
171
142
97
46
1
65509
65500
65509
65531
18
34
34
13
65511
65461
65411
65374
65360
65375
65418
65482
19
90
144
172
172
145
100
48
3
65510
65500
65508
65530
17
34
34
14
65513
65464
65414
65376
65361
65373
65415
65478
15
86
141
171
172
147
102
51
5
65511
65500
65507
65528
16
33
35
16
65516
65467
65417
65378
65361
65372
65412
65474
11
82
139
170
173
149
105
54
8
65512
65500
65507
65527
15
33
35
18
65518
65470
65419
65379
65361
65370
65409
65470
6
79
136
169
174
151
108
57
10
65514
65500
65506
65526
13
32
36
19
65521
65473
65422
65381
65361
65369
65406
65466
2
75
134
168
174
153
111
60
12
65515
65500
65505
65524
12
31
36
21
65523
65475
65425
65383
65362
65368
65403
65462
65535
71
131
167
175
154
114
63
15
65516
65500
65504
65523
11
30
36
22
65526
65478
65427
65385
65362
65367
65400
65458
65531
67
128
166
175
156
116
66
17
65518
65501
65504
65522
9
30
36
23
65528
65481
65430
65387
65363
65366
65398
65454
65526
63
125
164
175
158
119
69
20
65520
65501
65503
65520
8
29
36
25
65530
65484
65433
65389
65364
65365
65395
65451
65522
59
122
163
175
160
122
72
22
65521
65502
65502
65519
6
28
36
26
65533
65487
65436
65391
65364
65364
65393
65447
65518
55
119
161
176
161
124
75
25
65523
65502
65502
65518
5
27
36
27
65535
65490
65439
65393
65365
65363
65390
65443
65513
51
116
160
175
163
127
78
27
65525
65503
65501
65517
4
26
36
28
0
65493
65442
65395
65366
65362
65388
65440
65509
47
113
158
175
164
129
81
30
65526
65504
65501
65515
2
25
36
29
2
65495
65444
65398
65367
65362
65386
65436
65505
43
109
156
175
165
132
83
33
65528
65504
65501
65514
1
24
36
30
4
65498
65447
65400
65368
65361
65384
65433
65501
38
106
154
175
167
134
86
36
65530
65505
65500
65513
0
23
36
31
6
65501
65450
65402
65369
65361
65382
65429
65497
34
103
152
174
168
136
89
38
65532
65506
65500
65512
65535
22
35
32
8
65504
65453
65405
65371
65361
65380
65426
65493
30
99
150
174
169
139
92
41
65534
65507
65500
65511
65534
20
35
33
10
65506
65456
65407
65372
65361
65378
65423
65488
26
96
148
173
170
141
95
44
0
65508
65500
65510
65532
19
35
33
12
65509
65459
65410
65374
65360
65376
65420
65484
22
92
145
173
171
143
98
47
2
65509
65500
65509
65531
18
34
34
13
65512
65462
65412
65375
65360
65374
65416
65480
17
88
143
172
172
145
101
50
4
65510
65500
65508
65529
17
34
34
15
65514
65465
65415
65377
65361
65373
65413
65476
13
85
140
171
173
147
104
52
6
65511
65500
65507
65528
15
33
35
17
65517
65468
65418
65378
65361
65371
65410
65472
9
81
138
170
173
150
106
55
8
65513
65500
65506
65527
14
32
35
18
65519
65471
65420
65380
65361
65370
65408
65468
5
77
135
169
174
151
109
58
11
65514
65500
65505
65525
13
32
36
20
65522
65474
65423
65382
65361
65369
65405
65464
0
73
132
168
174
153
112
61
13
65516
65500
65505
65524
11
31
36
21
65524
65477
65426
65384
65362
65367
65402
65461
65533
69
130
167
175
155
115
64
16
65517
65501
65504
65522
10
30
36
23
65527
65480
65428
65386
65362
65366
65399
65457
65529
65
127
165
175
157
117
67
18
65519
65501
65503
65521
9
29
36
24
65529
65482
65431
65388
65363
65365
65397
65453
65525
61
124
164
175
159
120
70
21
65520
65501
65503
65520
7
28
36
25
65531
65485
65434
65390
65364
65364
65394
65449
65520
57
121
162
175
160
123
73
23
65522
65502
65502
65519
6
27
36
26
65533
65488
65437
65392
65365
65364
65392
65446
65516
53
118
161
176
162
125
76
26
65524
65502
65502
65517
4
26
36
28
0
65491
65440
65394
65366
65363
65389
65442
65512
49
114
159
175
163
128
79
29
65525
65503
65501
65516
3
25
36
29
1
65494
65443
65396
65367
65362
65387
65438
65508
45
111
157
175
165
130
82
31
65527
65504
65501
65515
2
24
36
30
3
65497
65446
65399
65368
65362
65385
65435
65503
41
108
155
175
166
133
85
34
65529
65505
65500
65514
0
23
36
31
5
65499
65448
65401
65369
65361
65383
65431
65499
37
105
153
175
167
135
88
37
65531
65505
65500
65513
0
22
36
31
7
65502
65451
65403
65370
65361
65381
65428
65495
33
101
151
174
168
137
90
39
65533
65506
65500
65512
65534
21
35
32
9
65505
65454
65406
65371
65361
65379
65425
65491
28
98
149
174
169
140
93
42
65535
65507
65500
65511
65533
20
35
33
11
65507
65457
65408
65373
65361
65377
65422
65487
24
94
147
173
170
142
96
45
0
65508
65500
65510
65532
19
34
34
12
65510
65460
65411
65374
65360
65375
65418
65483
20
90
144
172
171
144
99
48
3
65510
65500
65509
65530
17
34
34
14
65513
65463
65413
65376
65361
65374
65415
65479
16
87
142
172
172
146
102
51
5
65511
65500
65508
65529
16
33
35
16
65515
65466
65416
65377
65361
65372
65412
65475
11
83
139
171
173
148
105
54
7
65512
65500
65507
65527
15
33
35
17
65518
65469
65419
65379
65361
65371
65409
65471
7
79
137
170
174
150
108
56
9
65513
65500
65506
65526
14
32
35
19
65520
65472
65421
65381
65361
65369
65406
65467
3
75
134
169
174
152
110
59
12
65515
65500
65505
65525
12
31
36
20
65523
65475
65424
65383
65362
65368
65404
65463
0
72
131
167
175
154
113
62
14
65516
65500
65504
65523
11
31
36
22
65525
65478
65427
65385
65362
65367
65401
65459
65531
68
128
166
175
156
116
65
17
65518
65501
65504
65522
9
30
36
23
65528
65481
65430
65386
65363
65366
65398
65455
65527
64
126
165
175
158
118
68
19
65519
65501
65503
65521
8
29
36
25
65530
65484
65432
65389
65363
65365
65396
65451
65523
60
123
163
175
159
121
71
22
65521
65502
65502
65519
7
28
36
26
65532
65486
65435
65391
65364
65364
65393
65448
65519
56
120
162
176
161
124
74
24
65523
65502
65502
65518
5
27
36
27
65534
65489
65438
65393
65365
65363
65391
65444
65514
52
116
160
176
162
126
77
27
65524
65503
65501
65517
4
26
36
28
0
65492
65441
65395
65366
65363
65388
65440
65510
48
113
158
175
164
129
80
30
65526
65503
65501
65516
2
25
36
29
2
65495
65444
65397
65367
65362
65386
65437
65506
43
110
156
175
165
131
83
32
65528
65504
65501
65514
1
24
36
30
4
65498
65447
65400
65368
65362
65384
65433
65502
39
107
154
175
167
134
86
35
65530
65505
65500
65513
0
23
36
31
6
65500
65450
65402
65369
65361
65382
65430
65498
35
103
152
175
168
136
89
38
65532
65506
65500
65512
65535
22
35
32
8
65503
65453
65404
65371
65361
65380
65427
65493
31
100
150
174
169
138
92
41
65534
65507
65500
65511
65534
21
35
32
10
65506
65455
65407
65372
65361
65378
65423
65489
27
96
148
174
170
141
94
43
0
65508
65500
65510
65532
19
35
33
11
65509
65458
65409
65373
65361
65376
65420
65485
23
93
146
173
171
143
97
46
1
65509
65500
65509
65531
18
34
34
13
65511
65461
65412
65375
65360
65375
65417
65481
18
89
143
172
172
145
100
49
3
65510
65500
65508
65530
17
34
34
15
65514
65464
65414
65376
65361
65373
65414
65477
14
85
141
171
172
147
103
52
6
65511
65500
65507
65528
16
33
35
16
65516
65467
65417
65378
65361
65372
65411
65473
10
82
138
170
173
149
106
55
8
65513
65500
65506
65527
14
32
35
18
65519
65470
65420
65380
65361
65370
65408
65469
5
78
136
169
174
151
109
58
10
65514
65500
65506
65525
13
32
36
20
65521
65473
65422
65382
65361
65369
65405
65465
1
74
133
168
174
153
111
61
13
65515
65500
65505
65524
12
31
36
21
65524
65476
65425
65383
65362
65368
65402
65461
65534
70
130
167
175
155
114
63
15
65517
65500
65504
65523
10
30
36
22
65526
65479
65428
65385
65362
65367
65400
65457
65530
66
127
166
175
157
117
66
18
65518
65501
65503
65521
9
29
36
24
65528
65482
65431
65387
65363
65366
65397
65454
65525
62
124
164
175
158
119
69
20
65520
65501
65503
65520
8
29
36
25
65531
65485
65434
65389
65364
65365
65395
65450
65521
58
121
163
175
160
122
72
23
65522
65502
65502
65519
6
28
36
26
65533
65488
65436
65391
65364
65364
65392
65446
65517
54
118
161
176
162
125
75
25
65523
65502
65502
65518
5
27
36
27
65535
65490
65439
65394
65365
65363
65390
65443
65513
50
115
159
175
163
127
78
28
65525
65503
65501
65516
3
26
36
28
0
65493
65442
65396
65366
65362
65388
65439
65508
46
112
157
175
164
130
81
31
65527
65504
65501
65515
2
25
36
29
2
65496
65445
65398
65367
65362
65385
65436
65504
42
109
156
175
166
132
84
33
65529
65504
65500
65514
0
24
36
30
4
65499
65448
65400
65369
65361
65383
65432
65500
38
105
154
175
167
135
87
36
65531
65505
65500
65513
0
22
36
31
6
65502
65451
65403
65370
65361
65381
65429
65496
33
102
152
174
168
137
90
39
65533
65506
65500
65512
65535
21
35
32
8
65504
65454
65405
65371
65361
65379
65425
65492
29
98
149
174
169
139
93
42
65535
65507
65500
65511
65533
20
35
33
10
65507
65457
65408
65372
65361
65377
65422
65488
25
95
147
173
170
141
96
44
0
65508
65500
65510
65532
19
34
33
12
65510
65460
65410
65374
65360
65376
65419
65484
21
91
145
173
171
144
99
47
2
65509
65500
65509
65530
18
34
34
14
65512
65463
65413
65375
65361
65374
65416
65479
17
88
142
172
172
146
101
50
4
65511
65500
65508
65529
16
33
35
15
65515
65465
65415
65377
65361
65373
65413
65475
12
84
140
171
173
148
104
53
7
65512
65500
65507
65528
15
33
35
17
65517
65468
65418
65379
65361
65371
65410
65471
8
80
137
170
173
150
107
56
9
65513
65500
65506
65526
14
32
35
19
65520
65471
65421
65380
65361
65370
65407
65468
4
76
135
169
174
152
110
59
11
65514
65500
65505
65525
12
31
36
20
65522
65474
65424
65382
65362
65368
65404
65464
0
72
132
168
174
154
112
62
14
65516
65500
65505
65524
11
31
36
22
65525
65477
65426
65384
65362
65367
65401
65460
65532
68
129
166
175
156
115
65
16
65517
65501
65504
65522
10
30
36
23
65527
65480
65429
65386
65363
65366
65399
65456
65528
65
126
165
175
157
118
68
19
65519
65501
65503
65521
8
29
36
24
65529
65483
65432
65388
65363
65365
65396
65452
65524
61
123
163
175
159
121
71
21
65521
65501
65503
65520
7
28
36
25
65532
65486
65435
65390
65364
65364
65394
65448
65519
57
120
162
175
161
123
73
24
65522
65502
65502
65518
6
27
36
27
65534
65489
65437
65392
65365
65363
65391
65445
65515
52
117
160
176
162
126
76
26
65524
65503
65502
65517
4
26
36
28
0
65492
65440
65395
65366
65363
65389
65441
65511
48
114
159
175
164
128
79
29
65526
65503
65501
65516
3
25
36
29
1
65494
65443
65397
65367
65362
65387
65438
65507
44
111
157
175
165
131
82
32
65528
65504
65501
65515
1
24
36
30
3
65497
65446
65399
65368
65362
65384
65434
65503
40
107
155
175
166
133
85
34
65530
65505
65500
65514
0
23
36
31
5
65500
65449
65401
65369
65361
65382
65431
65498
36
104
153
175
167
136
88
37
65532
65506
65500
65512
0
22
36
32
7
65503
65452
65404
65370
65361
65380
65427
65494
32
100
151
174
169
138
91
40
65534
65507
65500
65511
65534
21
35
32
9
65505
65455
65406
65372
65361
65379
65424
65490
28
97
148
174
170
140
94
43
0
65508
65500
65510
65533
20
35
33
11
65508
65458
65409
65373
65361
65377
65421
65486
23
93
146
173
171
142
97
46
1
65509
65500
65509
65531
18
34
34
13
65511
65461
65411
65374
65360
65375
65418
65482
19
90
144
172
172
145
100
48
3
65510
65500
65508
65530
17
34
34
14
65513
65464
65414
65376
65361
65373
65415
65478
15
86
141
171
172
147
102
51
5
65511
65500
65507
65528
16
33
35
16
65516
65467
65417
65378
65361
65372
65412
65474
11
82
139
170
173
149
105
54
8
65512
65500
65507
65527
15
33
35
18
65518
65470
65419
65379
65361
65370
65409
65470
6
79
136
169
174
151
108
57
10
65514
65500
65506
65526
13
32
36
19
65521
65473
65422
65381
65361
65369
65406
65466
2
75
134
168
174
153
111
60
12
65515
65500
65505
65524
12
31
36
21
65523
65475
65425
65383
65362
65368
65403
65462
65535
71
131
167
175
154
114
63
15
65516
65500
65504
65523
11
30
36
22
65526
65478
65427
65385
65362
65367
65400
65458
65531
67
128
166
175
156
116
66
17
65518
65501
65504
65522
9
30
36
23
65528
65481
65430
65387
65363
65366
65398
65454
65526
63
125
164
175
158
119
69
20
65520
65501
65503
65520
8
29
36
25
65530
65484
65433
65389
65364
65365
65395
65451
65522
59
122
163
175
160
122
72
22
65521
65502
65502
65519
6
28
36
26
65533
65487
65436
65391
65364
65364
65393
65447
65518
55
119
161
176
161
124
75
25
65523
65502
65502
65518
5
27
36
27
65535
65490
65439
65393
65365
65363
65390
65443
65513
51
116
160
175
163
127
78
27
65525
65503
65501
65517
4
26
36
28
0
65493
65442
65395
65366
65362
65388
65440
65509
47
113
158
175
164
129
81
30
65526
65504
65501
65515
2
25
36
29
2
65495
65444
65398
65367
65362
65386
65436
65505
43
109
156
175
165
132
83
33
65528
65504
65501
65514
1
24
36
30
4
65498
65447
65400
65368
65361
65384
65433
65501
38
106
154
175
167
134
86
36
65530
65505
65500
65513
0
23
36
31
6
65501
65450
65402
65369
65361
65382
65429
65497
34
103
152
174
168
136
89
38
65532
65506
65500
65512
65535
22
35
32
8
65504
65453
65405
65371
65361
65380
65426
65493
30
99
150
174
169
139
92
41
65534
65507
65500
65511
65534
20
35
33
10
65506
65456
65407
65372
65361
65378
65423
65488
26
96
148
173
170
141
95
44
0
65508
65500
65510
65532
19
35
33
12
65509
65459
65410
65374
65360
65376
65420
65484
22
92
145
173
171
143
98
47
2
65509
65500
65509
65531
18
34
34
13
65512
65462
65412
65375
65360
65374
65416
65480
17
88
143
172
172
145
101
50
4
65510
65500
65508
65529
17
34
34
15
65514
65465
65415
65377
65361
65373
65413
65476
13
85
140
171
173
147
104
52
6
65511
65500
65507
65528
15
33
35
17
65517
65468
65418
65378
65361
65371
65410
65472
9
81
138
170
173
150
106
55
8
65513
65500
65506
65527
14
32
35
18
65519
65471
65420
65380
65361
65370
65408
65468
5
77
135
169
174
151
109
58
11
65514
65500
65505
65525
13
32
36
20
65522
65474
65423
65382
65361
65369
65405
65464
0
73
132
168
174
153
112
61
13
65516
65500
65505
65524
11
31
36
21
65524
65477
65426
65384
65362
65367
65402
65461
65533
69
130
167
175
155
115
64
16
65517
65501
65504
65522
10
30
36
23
65527
65480
65428
65386
65362
65366
65399
65457
65529
65
127
165
175
157
117
67
18
65519
65501
65503
65521
9
29
36
24
65529
65482
65431
65388
65363
65365
65397
65453
65525
61
124
164
175
159
120
70
21
65520
65501
65503
65520
7
28
36
25
65531
65485
65434
65390
65364
65364
65394
65449
65520
57
121
162
175
160
123
73
23
65522
65502
65502
65519
6
27
36
26
65533
65488
65437
65392
65365
65364
65392
65446
65516
53
118
161
176
162
125
76
26
65524
65502
65502
65517
4
26
36
28
0
65491
65440
65394
65366
65363
65389
65442
65512
49
114
159
175
163
128
79
29
65525
65503
65501
65516
3
25
36
29
1
65494
65443
65396
65367
65362
65387
65438
65508
45
111
157
175
165
130
82
31
65527
65504
65501
65515
2
24
36
30
3
65497
65446
65399
65368
65362
65385
65435
65503
41
108
155
175
166
133
85
34
65529
65505
65500
65514
0
23
36
31
5
65499
65448
65401
65369
65361
65383
65431
65499
37
105
153
175
167
135
88
37
65531
65505
65500
65513
0
22
36
31
7
65502
65451
65403
65370
65361
65381
65428
65495
33
101
151
174
168
137
90
39
65533
65506
65500
65512
65534
21
35
32
9
65505
65454
65406
65371
65361
65379
65425
65491
28
98
149
174
169
140
93
42
65535
65507
65500
65511
65533
20
35
33
11
65507
65457
65408
65373
65361
65377
65422
65487
24
94
147
173
170
142
96
45
0
65508
65500
65510
65532
19
34
34
12
65510
65460
65411
65374
65360
65375
65418
65483
20
90
144
172
171
144
99
48
3
65510
65500
65509
65530
17
34
34
14
65513
65463
65413
65376
65361
65374
65415
65479
16
87
142
172
172
146
102
51
5
65511
65500
65508
65529
16
33
35
16
65515
65466
65416
65377
65361
65372
65412
65475
11
83
139
171
173
148
105
54
7
65512
65500
65507
65527
15
33
35
17
65518
65469
65419
65379
65361
65371
65409
65471
7
79
137
170
174
150
108
56
9
65513
65500
65506
65526
14
32
35
19
65520
65472
65421
65381
65361
65369
65406
65467
3
75
134
169
174
152
110
59
12
65515
65500
65505
65525
12
31
36
20
65523
65475
65424
65383
65362
65368
65404
65463
0
72
131
167
175
154
113
62
14
65516
65500
65504
65523
11
31
36
22
65525
65478
65427
65385
65362
65367
65401
65459
65531
68
128
166
175
156
116
65
17
65518
65501
65504
65522
9
30
36
23
65528
65481
65430
65386
65363
65366
65398
65455
65527
64
126
165
175
158
118
68
19
65519
65501
65503
65521
8
29
36
25
65530
65484
65432
65389
65363
65365
65396
65451
65523
60
123
163
175
159
121
71
22
65521
65502
65502
65519
7
28
36
26
65532
65486
65435
65391
65364
65364
65393
65448
65519
56
120
162
176
161
124
74
24
65523
65502
65502
65518
5
27
36
27
65534
65489
65438
65393
65365
65363
65391
65444
65514
52
116
160
176
162
126
77
27
65524
65503
65501
65517
4
26
36
28
0
65492
65441
65395
65366
65363
65388
65440
65510
48
113
158
175
164
129
80
30
65526
65503
65501
65516
2
25
36
29
2
65495
65444
65397
65367
65362
65386
65437
65506
43
110
156
175
165
131
83
32
65528
65504
65501
65514
1
24
36
30
4
65498
65447
65400
65368
65362
65384
65433
65502
39
107
154
175
167
134
86
35
65530
65505
65500
65513
0
23
36
31
6
65500
65450
65402
65369
65361
65382
65430
65498
35
103
152
175
168
136
89
38
65532
65506
65500
65512
65535
22
35
32
8
65503
65453
65404
65371
65361
65380
65427
65493
31
100
150
174
169
138
92
41
65534
65507
65500
65511
65534
21
35
32
10
65506
65455
65407
65372
65361
65378
65423
65489
27
96
148
174
170
141
94
43
0
65508
65500
65510
65532
19
35
33
11
65509
65458
65409
65373
65361
65376
65420
65485
23
93
146
173
171
143
97
46
1
65509
65500
65509
65531
18
34
34
13
65511
65461
65412
65375
65360
65375
65417
65481
18
89
143
172
172
145
100
49
3
65510
65500
65508
65530
17
34
34
15
65514
65464
65414
65376
65361
65373
65414
65477
14
85
141
171
172
147
103
52
6
65511
65500
65507
65528
16
33
35
16
65516
65467
65417
65378
65361
65372
65411
65473
10
82
138
170
173
149
106
55
8
65513
65500
65506
65527
14
32
35
18
65519
65470
65420
65380
65361
65370
65408
65469
5
78
136
169
174
151
109
58
10
65514
65500
65506
65525
13
32
36
20
65521
65473
65422
65382
65361
65369
65405
65465
1
74
133
168
174
153
111
61
13
65515
65500
65505
65524
12
31
36
21
65524
65476
65425
65383
65362
65368
65402
65461
65534
70
130
167
175
155
114
63
15
65517
65500
65504
65523
10
30
36
22
65526
65479
65428
65385
65362
65367
65400
65457
65530
66
127
166
175
157
117
66
18
65518
65501
65503
65521
9
29
36
24
65528
65482
65431
65387
65363
65366
65397
65454
65525
62
124
164
175
158
119
69
20
65520
65501
65503
65520
8
29
36
25
65531
65485
65434
65389
65364
65365
65395
65450
65521
58
121
163
175
160
122
72
23
65522
65502
65502
65519
6
28
36
26
65533
65488
65436
65391
65364
65364
65392
65446
65517
54
118
161
176
162
125
75
25
65523
65502
65502
65518
5
27
36
27
65535
65490
65439
65394
65365
65363
65390
65443
65513
50
115
159
175
163
127
78
28
65525
65503
65501
65516
3
26
36
28
0
65493
65442
65396
65366
65362
65388
65439
65508
46
112
157
175
164
130
81
31
65527
65504
65501
65515
2
25
36
29
2
65496
65445
65398
65367
65362
65385
65436
65504
42
109
156
175
166
132
84
33
65529
65504
65500
65514
0
24
36
30
4
65499
65448
65400
65369
65361
65383
65432
65500
38
105
154
175
167
135
87
36
65531
65505
65500
65513
0
22
36
31
6
65502
65451
65403
65370
65361
65381
65429
65496
33
102
152
174
168
137
90
39
65533
65506
65500
65512
65535
21
35
32
8
65504
65454
65405
65371
65361
65379
65425
65492
29
98
149
174
169
139
93
42
65535
65507
65500
65511
65533
20
35
33
10
65507
65457
65408
65372
65361
65377
65422
65488
25
95
147
173
170
141
96
44
0
65508
65500
65510
65532
19
34
33
12
65510
65460
65410
65374
65360
65376
65419
65484
21
91
145
173
171
144
99
47
2
65509
65500
65509
65530
18
34
34
14
65512
65463
65413
65375
65361
65374
65416
65479
17
88
142
172
172
146
101
50
4
65511
65500
65508
65529
16
33
35
15
65515
65465
65415
65377
65361
65373
65413
65475
12
84
140
171
173
148
104
53
7
65512
65500
65507
65528
15
33
35
17
65517
65468
65418
65379
65361
65371
65410
65471
8
80
137
170
173
150
107
56
9
65513
65500
65506
65526
14
32
35
19
65520
65471
65421
65380
65361
65370
65407
65468
4
76
135
169
174
152
110
59
11
65514
65500
65505
65525
12
31
36
20
65522
65474
65424
65382
65362
65368
65404
65464
0
