0.000000
0.000146
0.000289
0.000425
0.000553
0.000668
0.000769
0.000852
0.000917
0.000960
0.000981
0.000979
0.000954
0.000905
0.000835
0.000744
0.000634
0.000509
0.000372
0.000225
0.000074
-0.000080
-0.000230
-0.000374
-0.000508
-0.000628
-0.000733
-0.000819
-0.000885
-0.000930
-0.000952
-0.000953
-0.000931
-0.000889
-0.000827
-0.000746
-0.000649
-0.000538
-0.000414
-0.000280
-0.000139
0.000006
0.000153
0.000298
0.000438
0.000571
0.000692
0.000800
0.000890
0.000959
0.001007
0.001030
0.001028
0.001001
0.000947
0.000870
0.000770
0.000651
0.000517
0.000371
0.000220
0.000066
-0.000083
-0.000223
-0.000350
-0.000460
-0.000549
-0.000616
-0.000659
-0.000678
-0.000674
-0.000650
-0.000607
-0.000550
-0.000482
-0.000408
-0.000331
-0.000255
-0.000185
-0.000122
-0.000070
-0.000028
0.000002
0.000020
0.000028
0.000027
0.000019
0.000006
-0.000010
-0.000026
-0.000042
-0.000055
-0.000064
-0.000069
-0.000069
-0.000066
-0.000059
-0.000049
-0.000039
-0.000027
-0.000017
-0.000008
-0.000002
0.000002
0.000003
0.000001
-0.000004
-0.000010
-0.000017
-0.000024
-0.000030
-0.000036
-0.000040
-0.000041
-0.000041
-0.000038
-0.000034
-0.000028
-0.000022
-0.000016
-0.000010
-0.000005
-0.000002
0.000000
0.000000
-0.000001
-0.000004
-0.000009
-0.000013
-0.000018
-0.000022
-0.000026
-0.000028
-0.000030
-0.000029
-0.000027
-0.000024
-0.000020
-0.000016
-0.000012
-0.000007
-0.000004
-0.000001
-0.000000
-0.000000
-0.000001
-0.000004
-0.000007
-0.000010
-0.000014
-0.000018
-0.000020
-0.000022
-0.000023
-0.000023
-0.000022
-0.000019
-0.000016
-0.000013
-0.000009
-0.000006
-0.000003
-0.000001
-0.000000
-0.000000
-0.000001
-0.000003
-0.000005
-0.000008
-0.000011
-0.000014
-0.000017
-0.000018
-0.000019
-0.000019
-0.000018
-0.000016
-0.000014
-0.000011
-0.000008
-0.000005
-0.000003
-0.000001
0.000000
0.000000
-0.000001
-0.000002
-0.000004
-0.000007
-0.000009
-0.000012
-0.000014
-0.000015
-0.000016
-0.000016
-0.000015
-0.000014
-0.000012
-0.000010
-0.000007
-0.000004
-0.000002
-0.000001
0.000000
0.000000
-0.000000
-0.000001
-0.000003
-0.000005
-0.000008
-0.000010
-0.000012
-0.000013
-0.000014
-0.000014
-0.000014
-0.000012
-0.000011
-0.000009
-0.000006
-0.000004
-0.000002
-0.000001
0.000000
0.000001
0.000000
-0.000001
-0.000002
-0.000004
-0.000006
-0.000008
-0.000010
-0.000012
-0.000012
-0.000013
-0.000012
-0.000011
-0.000010
-0.000008
-0.000006
-0.000004
-0.000002
-0.000000
0.000000
0.000001
0.000001
-0.000000
-0.000002
-0.000003
-0.000005
-0.000007
-0.000009
-0.000010
-0.000011
-0.000011
-0.000011
-0.000010
-0.000009
-0.000007
-0.000005
-0.000004
-0.000002
-0.000000
0.000001
0.000001
0.000001
0.000000
-0.000001
-0.000002
-0.000004
-0.000006
-0.000008
-0.000009
-0.000010
-0.000010
-0.000010
-0.000009
-0.000008
-0.000007
-0.000005
-0.000003
-0.000002
-0.000000
0.000001
0.000001
0.000001
0.000001
-0.000000
-0.000002
-0.000003
-0.000005
-0.000006
-0.000008
-0.000009
-0.000009
-0.000009
-0.000009
-0.000008
-0.000006
-0.000005
-0.000003
-0.000002
-0.000000
0.000001
0.000001
0.000001
0.000001
0.000000
-0.000001
-0.000002
-0.000004
-0.000006
-0.000007
-0.000008
-0.000008
-0.000008
-0.000008
-0.000007
-0.000006
-0.000005
-0.000003
-0.000002
-0.000000
0.000001
0.000002
0.000002
0.000001
0.000001
-0.000000
-0.000002
-0.000003
-0.000005
-0.000006
-0.000007
-0.000008
-0.000008
-0.000008
-0.000007
-0.000006
-0.000004
-0.000003
-0.000001
-0.000000
0.000001
0.000002
0.000002
0.000002
0.000001
0.000000
-0.000001
-0.000002
-0.000004
-0.000005
-0.000006
-0.000007
-0.000007
-0.000007
-0.000006
-0.000005
-0.000004
-0.000003
-0.000001
-0.000000
0.000001
0.000002
0.000002
0.000002
0.000002
0.000001
-0.000000
-0.000002
-0.000003
-0.000004
-0.000005
-0.000006
-0.000007
-0.000007
-0.000006
-0.000005
-0.000004
-0.000003
-0.000001
-0.000000
0.000001
0.000002
0.000002
0.000002
0.000002
0.000001
0.000000
-0.000001
-0.000002
-0.000004
-0.000005
-0.000006
-0.000006
-0.000006
-0.000006
-0.000005
-0.000004
-0.000003
-0.000001
-0.000000
0.000001
0.000002
0.000002
0.000003
0.000002
0.000002
0.000001
-0.000000
-0.000002
-0.000003
-0.000004
-0.000005
-0.000006
-0.000006
-0.000005
-0.000005
-0.000004
-0.000003
-0.000001
-0.000000
0.000001
0.000002
0.000003
0.000003
0.000003
0.000002
0.000001
0.000000
-0.000001
-0.000002
-0.000004
-0.000004
-0.000005
-0.000005
-0.000005
-0.000005
-0.000004
-0.000003
-0.000001
-0.000000
0.000001
0.000002
0.000003
0.000003
0.000003
0.000003
0.000002
0.000001
-0.000001
-0.000002
-0.000003
-0.000004
-0.000005
-0.000005
-0.000005
-0.000004
-0.000004
-0.000003
-0.000001
-0.000000
0.000001
0.000002
0.000003
0.000003
0.000003
0.000003
0.000002
0.000001
0.000000
-0.000001
-0.000002
-0.000003
-0.000004
-0.000005
-0.000005
-0.000004
-0.000003
-0.000002
-0.000001
-0.000000
0.000001
0.000002
0.000003
0.000004
0.000004
0.000003
0.000003
0.000002
0.000001
-0.000001
-0.000002
-0.000003
-0.000004
-0.000004
-0.000004
-0.000004
-0.000003
-0.000002
-0.000001
-0.000000
0.000001
0.000002
0.000003
0.000004
0.000004
0.000004
0.000003
0.000002
0.000001
-0.000000
-0.000001
-0.000002
-0.000003
-0.000004
-0.000004
-0.000004
-0.000003
-0.000002
-0.000001
0.000000
0.000001
0.000002
0.000003
0.000004
0.000004
0.000004
0.000004
0.000003
0.000002
0.000001
-0.000001
-0.000002
-0.000003
-0.000003
-0.000004
-0.000004
-0.000003
-0.000002
-0.000001
0.000000
0.000001
0.000002
0.000003
0.000004
0.000005
0.000005
0.000004
0.000003
0.000002
0.000001
-0.000000
-0.000001
-0.000002
-0.000003
-0.000003
-0.000003
-0.000003
-0.000002
-0.000001
0.000000
0.000001
0.000003
0.000004
0.000004
0.000005
0.000005
0.000005
0.000004
0.000003
0.000002
0.000001
-0.000001
-0.000002
-0.000003
-0.000003
-0.000003
-0.000003
-0.000002
-0.000001
0.000000
0.000001
0.000003
0.000004
0.000005
0.000005
0.000005
0.000005
0.000004
0.000004
0.000002
0.000001
-0.000000
-0.000001
-0.000002
-0.000003
-0.000003
-0.000003
-0.000002
-0.000001
0.000000
0.000001
0.000003
0.000004
0.000005
0.000005
0.000006
0.000006
0.000005
0.000004
0.000003
0.000002
0.000000
-0.000001
-0.000002
-0.000002
-0.000003
-0.000002
-0.000002
-0.000001
0.000000
0.000001
0.000003
0.000004
0.000005
0.000006
0.000006
0.000006
0.000006
0.000005
0.000004
0.000002
0.000001
-0.000000
-0.000001
-0.000002
-0.000002
-0.000002
-0.000002
-0.000001
0.000000
0.000001
0.000003
0.000004
0.000005
0.000006
0.000007
0.000007
0.000006
0.000005
0.000004
0.000003
0.000002
0.000000
-0.000001
-0.000002
-0.000002
-0.000002
-0.000002
-0.000001
0.000000
0.000001
0.000003
0.000004
0.000005
0.000006
0.000007
0.000007
0.000007
0.000006
0.000005
0.000004
0.000002
0.000001
-0.000000
-0.000001
-0.000002
-0.000002
-0.000002
-0.000001
0.000000
0.000001
0.000003
0.000004
0.000006
0.000007
0.000008
0.000008
0.000008
0.000007
0.000006
0.000005
0.000003
0.000002
0.000000
-0.000001
-0.000001
-0.000002
-0.000002
-0.000001
0.000000
0.000002
0.000003
0.000005
0.000006
0.000007
0.000008
0.000008
0.000008
0.000008
0.000007
0.000006
0.000004
0.000002
0.000001
-0.000000
-0.000001
-0.000001
-0.000001
-0.000001
0.000000
0.000002
0.000003
0.000005
0.000006
0.000008
0.000009
0.000009
0.000009
0.000009
0.000008
0.000006
0.000005
0.000003
0.000002
0.000000
-0.000001
-0.000001
-0.000001
-0.000001
0.000000
0.000002
0.000003
0.000005
0.000007
0.000008
0.000009
0.000010
0.000010
0.000010
0.000009
0.000008
0.000006
0.000004
0.000002
0.000001
-0.000000
-0.000001
-0.000001
-0.000001
0.000000
0.000002
0.000004
0.000005
0.000007
0.000009
0.000010
0.000011
0.000011
0.000011
0.000010
0.000009
0.000007
0.000005
0.000003
0.000002
0.000000
-0.000001
-0.000001
-0.000000
0.000000
0.000002
0.000004
0.000006
0.000008
0.000010
0.000011
0.000012
0.000013
0.000012
0.000012
0.000010
0.000008
0.000006
0.000004
0.000002
0.000001
-0.000000
-0.000001
-0.000000
0.000001
0.000002
0.000004
0.000006
0.000009
0.000011
0.000012
0.000014
0.000014
0.000014
0.000013
0.000012
0.000010
0.000008
0.000005
0.000003
0.000001
0.000000
-0.000000
-0.000000
0.000001
0.000002
0.000004
0.000007
0.000010
0.000012
0.000014
0.000015
0.000016
0.000016
0.000015
0.000014
0.000012
0.000009
0.000007
0.000004
0.000002
0.000001
-0.000000
-0.000000
0.000001
0.000003
0.000005
0.000008
0.000011
0.000014
0.000016
0.000018
0.000019
0.000019
0.000018
0.000017
0.000014
0.000011
0.000008
0.000005
0.000003
0.000001
0.000000
0.000000
0.000001
0.000003
0.000006
0.000009
0.000013
0.000016
0.000019
0.000022
0.000023
0.000023
0.000022
0.000020
0.000018
0.000014
0.000010
0.000007
0.000004
0.000001
0.000000
0.000000
0.000001
0.000004
0.000007
0.000012
0.000016
0.000020
0.000024
0.000027
0.000029
0.000030
0.000028
0.000026
0.000022
0.000018
0.000013
0.000009
0.000004
0.000001
-0.000000
-0.000000
0.000002
0.000005
0.000010
0.000016
0.000022
0.000028
0.000034
0.000038
0.000041
0.000041
0.000040
0.000036
0.000030
0.000024
0.000017
0.000010
0.000004
-0.000001
-0.000003
-0.000002
0.000002
0.000008
0.000017
0.000027
0.000039
0.000049
0.000059
0.000066
0.000069
0.000069
0.000064
0.000055
0.000042
0.000026
0.000010
-0.000006
-0.000019
-0.000027
-0.000028
-0.000020
-0.000002
0.000028
0.000070
0.000122
0.000185
0.000255
0.000331
0.000408
0.000482
0.000550
0.000607
0.000650
0.000674
0.000678
0.000659
0.000616
0.000549
0.000460
0.000350
0.000223
0.000083
-0.000066
-0.000220
-0.000371
-0.000517
-0.000651
-0.000770
-0.000870
-0.000947
-0.001001
-0.001028
-0.001030
-0.001007
-0.000959
-0.000890
-0.000800
-0.000692
-0.000571
-0.000438
-0.000298
-0.000153
-0.000006
0.000139
0.000280
0.000414
0.000538
0.000649
0.000746
0.000827
0.000889
0.000931
0.000953
0.000952
0.000930
0.000885
0.000819
0.000733
0.000628
0.000508
0.000374
0.000230
0.000080
-0.000074
-0.000225
-0.000372
-0.000509
-0.000634
-0.000744
-0.000835
-0.000905
-0.000954
-0.000979
-0.000981
-0.000960
-0.000917
-0.000852
-0.000769
-0.000668
-0.000553
-0.000425
-0.000289
-0.000146
