0.000954
0.000943
0.000911
0.000858
0.000785
0.000693
0.000585
0.000462
0.000328
0.000185
0.000036
-0.000115
-0.000264
-0.000408
-0.000543
-0.000666
-0.000773
-0.000862
-0.000930
-0.000975
-0.000997
-0.000995
-0.000968
-0.000919
-0.000847
-0.000756
-0.000648
-0.000526
-0.000392
-0.000251
-0.000106
0.000041
0.000185
0.000324
0.000455
0.000575
0.000682
0.000773
0.000848
0.000904
0.000940
0.000955
0.000948
0.000920
0.000871
0.000800
0.000710
0.000601
0.000475
0.000337
0.000187
0.000032
-0.000127
-0.000284
-0.000434
-0.000573
-0.000698
-0.000804
-0.000887
-0.000946
-0.000978
-0.000983
-0.000962
-0.000915
-0.000846
-0.000757
-0.000653
-0.000538
-0.000417
-0.000296
-0.000178
-0.000068
0.000030
0.000113
0.000179
0.000228
0.000258
0.000272
0.000270
0.000255
0.000229
0.000197
0.000160
0.000122
0.000086
0.000054
0.000027
0.000006
-0.000007
-0.000014
-0.000014
-0.000010
-0.000002
0.000009
0.000020
0.000031
0.000039
0.000045
0.000048
0.000048
0.000044
0.000038
0.000029
0.000020
0.000010
0.000002
-0.000006
-0.000011
-0.000014
-0.000015
-0.000013
-0.000009
-0.000004
0.000002
0.000009
0.000014
0.000019
0.000022
0.000024
0.000023
0.000021
0.000017
0.000012
0.000007
0.000001
-0.000004
-0.000009
-0.000012
-0.000013
-0.000013
-0.000012
-0.000009
-0.000005
-0.000001
0.000004
0.000008
0.000012
0.000014
0.000015
0.000015
0.000013
0.000010
0.000007
0.000003
-0.000002
-0.000006
-0.000009
-0.000011
-0.000012
-0.000012
-0.000011
-0.000009
-0.000006
-0.000002
0.000001
0.000005
0.000007
0.000009
0.000010
0.000010
0.000009
0.000007
0.000004
0.000001
-0.000003
-0.000006
-0.000008
-0.000010
-0.000011
-0.000011
-0.000010
-0.000008
-0.000006
-0.000003
-0.000000
0.000003
0.000005
0.000007
0.000007
0.000007
0.000006
0.000005
0.000002
-0.000000
-0.000003
-0.000006
-0.000008
-0.000010
-0.000011
-0.000011
-0.000010
-0.000008
-0.000006
-0.000004
-0.000001
0.000001
0.000003
0.000005
0.000006
0.000006
0.000005
0.000004
0.000002
-0.000001
-0.000003
-0.000005
-0.000008
-0.000009
-0.000010
-0.000010
-0.000010
-0.000008
-0.000007
-0.000005
-0.000002
-0.000000
0.000002
0.000003
0.000004
0.000004
0.000004
0.000003
0.000001
-0.000001
-0.000003
-0.000005
-0.000007
-0.000009
-0.000010
-0.000010
-0.000009
-0.000008
-0.000007
-0.000005
-0.000003
-0.000001
0.000001
0.000002
0.000003
0.000003
0.000003
0.000002
0.000001
-0.000001
-0.000003
-0.000005
-0.000007
-0.000008
-0.000009
-0.000009
-0.000009
-0.000008
-0.000007
-0.000005
-0.000004
-0.000002
-0.000000
0.000001
0.000002
0.000003
0.000002
0.000002
0.000000
-0.000001
-0.000003
-0.000005
-0.000006
-0.000008
-0.000009
-0.000009
-0.000009
-0.000008
-0.000007
-0.000006
-0.000004
-0.000002
-0.000001
0.000001
0.000002
0.000002
0.000002
0.000001
0.000000
-0.000001
-0.000003
-0.000004
-0.000006
-0.000007
-0.000008
-0.000009
-0.000009
-0.000008
-0.000007
-0.000006
-0.000005
-0.000003
-0.000001
0.000000
0.000001
0.000002
0.000002
0.000001
0.000000
-0.000001
-0.000003
-0.000004
-0.000006
-0.000007
-0.000008
-0.000009
-0.000009
-0.000008
-0.000008
-0.000006
-0.000005
-0.000003
-0.000002
-0.000000
0.000001
0.000001
0.000001
0.000001
0.000000
-0.000001
-0.000002
-0.000004
-0.000005
-0.000007
-0.000008
-0.000008
-0.000009
-0.000008
-0.000008
-0.000007
-0.000005
-0.000004
-0.000002
-0.000001
0.000000
0.000001
0.000001
0.000001
0.000000
-0.000001
-0.000002
-0.000004
-0.000005
-0.000006
-0.000007
-0.000008
-0.000008
-0.000008
-0.000008
-0.000007
-0.000006
-0.000004
-0.000003
-0.000001
-0.000000
0.000000
0.000001
0.000001
0.000000
-0.000001
-0.000002
-0.000003
-0.000005
-0.000006
-0.000007
-0.000008
-0.000008
-0.000008
-0.000008
-0.000007
-0.000006
-0.000004
-0.000003
-0.000002
-0.000001
0.000000
0.000000
0.000000
0.000000
-0.000001
-0.000002
-0.000003
-0.000005
-0.000006
-0.000007
-0.000008
-0.000008
-0.000008
-0.000008
-0.000007
-0.000006
-0.000005
-0.000003
-0.000002
-0.000001
-0.000000
0.000000
0.000000
0.000000
-0.000001
-0.000002
-0.000003
-0.000004
-0.000006
-0.000007
-0.000008
-0.000008
-0.000008
-0.000008
-0.000007
-0.000006
-0.000005
-0.000004
-0.000003
-0.000001
-0.000000
0.000000
0.000000
0.000000
-0.000001
-0.000002
-0.000003
-0.000004
-0.000005
-0.000006
-0.000007
-0.000008
-0.000008
-0.000008
-0.000007
-0.000007
-0.000005
-0.000004
-0.000003
-0.000002
-0.000001
-0.000000
0.000000
0.000000
-0.000001
-0.000001
-0.000002
-0.000004
-0.000005
-0.000006
-0.000007
-0.000008
-0.000008
-0.000008
-0.000008
-0.000007
-0.000006
-0.000004
-0.000003
-0.000002
-0.000001
-0.000000
0.000000
0.000000
-0.000000
-0.000001
-0.000002
-0.000003
-0.000005
-0.000006
-0.000007
-0.000008
-0.000008
-0.000008
-0.000008
-0.000007
-0.000006
-0.000005
-0.000004
-0.000002
-0.000001
-0.000000
-0.000000
0.000000
-0.000000
-0.000001
-0.000002
-0.000003
-0.000004
-0.000006
-0.000007
-0.000007
-0.000008
-0.000008
-0.000008
-0.000007
-0.000006
-0.000005
-0.000004
-0.000003
-0.000002
-0.000001
-0.000000
0.000000
-0.000000
-0.000001
-0.000002
-0.000003
-0.000004
-0.000005
-0.000006
-0.000007
-0.000008
-0.000008
-0.000008
-0.000007
-0.000006
-0.000005
-0.000004
-0.000003
-0.000002
-0.000001
-0.000000
0.000000
-0.000000
-0.000001
-0.000002
-0.000003
-0.000004
-0.000005
-0.000006
-0.000007
-0.000008
-0.000008
-0.000008
-0.000007
-0.000007
-0.000006
-0.000004
-0.000003
-0.000002
-0.000001
-0.000000
0.000000
-0.000000
-0.000000
-0.000001
-0.000002
-0.000004
-0.000005
-0.000006
-0.000007
-0.000008
-0.000008
-0.000008
-0.000008
-0.000007
-0.000006
-0.000005
-0.000003
-0.000002
-0.000001
-0.000000
0.000000
0.000000
-0.000000
-0.000001
-0.000002
-0.000003
-0.000004
-0.000006
-0.000007
-0.000008
-0.000008
-0.000008
-0.000008
-0.000007
-0.000006
-0.000005
-0.000004
-0.000002
-0.000001
-0.000001
0.000000
0.000000
-0.000000
-0.000001
-0.000002
-0.000003
-0.000004
-0.000005
-0.000007
-0.000007
-0.000008
-0.000008
-0.000008
-0.000007
-0.000006
-0.000005
-0.000004
-0.000003
-0.000002
-0.000001
0.000000
0.000000
0.000000
-0.000000
-0.000001
-0.000003
-0.000004
-0.000005
-0.000006
-0.000007
-0.000008
-0.000008
-0.000008
-0.000008
-0.000007
-0.000006
-0.000004
-0.000003
-0.000002
-0.000001
0.000000
0.000000
0.000000
-0.000000
-0.000001
-0.000002
-0.000003
-0.000005
-0.000006
-0.000007
-0.000008
-0.000008
-0.000008
-0.000008
-0.000007
-0.000006
-0.000005
-0.000003
-0.000002
-0.000001
0.000000
0.000000
0.000000
0.000000
-0.000001
-0.000002
-0.000003
-0.000004
-0.000006
-0.000007
-0.000008
-0.000008
-0.000008
-0.000008
-0.000007
-0.000006
-0.000005
-0.000003
-0.000002
-0.000001
0.000000
0.000001
0.000001
0.000000
-0.000000
-0.000001
-0.000003
-0.000004
-0.000006
-0.000007
-0.000008
-0.000008
-0.000008
-0.000008
-0.000007
-0.000006
-0.000005
-0.000004
-0.000002
-0.000001
0.000000
0.000001
0.000001
0.000001
0.000000
-0.000001
-0.000002
-0.000004
-0.000005
-0.000007
-0.000008
-0.000008
-0.000009
-0.000008
-0.000008
-0.000007
-0.000005
-0.000004
-0.000002
-0.000001
0.000000
0.000001
0.000001
0.000001
0.000001
-0.000000
-0.000002
-0.000003
-0.000005
-0.000006
-0.000008
-0.000008
-0.000009
-0.000009
-0.000008
-0.000007
-0.000006
-0.000004
-0.000003
-0.000001
0.000000
0.000001
0.000002
0.000002
0.000001
0.000000
-0.000001
-0.000003
-0.000005
-0.000006
-0.000007
-0.000008
-0.000009
-0.000009
-0.000008
-0.000007
-0.000006
-0.000004
-0.000003
-0.000001
0.000000
0.000001
0.000002
0.000002
0.000002
0.000001
-0.000001
-0.000002
-0.000004
-0.000006
-0.000007
-0.000008
-0.000009
-0.000009
-0.000009
-0.000008
-0.000006
-0.000005
-0.000003
-0.000001
0.000000
0.000002
0.000002
0.000003
0.000002
0.000001
-0.000000
-0.000002
-0.000004
-0.000005
-0.000007
-0.000008
-0.000009
-0.000009
-0.000009
-0.000008
-0.000007
-0.000005
-0.000003
-0.000001
0.000001
0.000002
0.000003
0.000003
0.000003
0.000002
0.000001
-0.000001
-0.000003
-0.000005
-0.000007
-0.000008
-0.000009
-0.000010
-0.000010
-0.000009
-0.000007
-0.000005
-0.000003
-0.000001
0.000001
0.000003
0.000004
0.000004
0.000004
0.000003
0.000002
-0.000000
-0.000002
-0.000005
-0.000007
-0.000008
-0.000010
-0.000010
-0.000010
-0.000009
-0.000008
-0.000005
-0.000003
-0.000001
0.000002
0.000004
0.000005
0.000006
0.000006
0.000005
0.000003
0.000001
-0.000001
-0.000004
-0.000006
-0.000008
-0.000010
-0.000011
-0.000011
-0.000010
-0.000008
-0.000006
-0.000003
-0.000000
0.000002
0.000005
0.000006
0.000007
0.000007
0.000007
0.000005
0.000003
-0.000000
-0.000003
-0.000006
-0.000008
-0.000010
-0.000011
-0.000011
-0.000010
-0.000008
-0.000006
-0.000003
0.000001
0.000004
0.000007
0.000009
0.000010
0.000010
0.000009
0.000007
0.000005
0.000001
-0.000002
-0.000006
-0.000009
-0.000011
-0.000012
-0.000012
-0.000011
-0.000009
-0.000006
-0.000002
0.000003
0.000007
0.000010
0.000013
0.000015
0.000015
0.000014
0.000012
0.000008
0.000004
-0.000001
-0.000005
-0.000009
-0.000012
-0.000013
-0.000013
-0.000012
-0.000009
-0.000004
0.000001
0.000007
0.000012
0.000017
0.000021
0.000023
0.000024
0.000022
0.000019
0.000014
0.000009
0.000002
-0.000004
-0.000009
-0.000013
-0.000015
-0.000014
-0.000011
-0.000006
0.000002
0.000010
0.000020
0.000029
0.000038
0.000044
0.000048
0.000048
0.000045
0.000039
0.000031
0.000020
0.000009
-0.000002
-0.000010
-0.000014
-0.000014
-0.000007
0.000006
0.000027
0.000054
0.000086
0.000122
0.000160
0.000197
0.000229
0.000255
0.000270
0.000272
0.000258
0.000228
0.000179
0.000113
0.000030
-0.000068
-0.000178
-0.000296
-0.000417
-0.000538
-0.000653
-0.000757
-0.000846
-0.000915
-0.000962
-0.000983
-0.000978
-0.000946
-0.000887
-0.000804
-0.000698
-0.000573
-0.000434
-0.000284
-0.000127
0.000032
0.000187
0.000337
0.000475
0.000601
0.000710
0.000800
0.000871
0.000920
0.000948
0.000955
0.000940
0.000904
0.000848
0.000773
0.000682
0.000575
0.000455
0.000324
0.000185
0.000041
-0.000106
-0.000251
-0.000392
-0.000526
-0.000648
-0.000756
-0.000847
-0.000919
-0.000968
-0.000995
-0.000997
-0.000975
-0.000930
-0.000862
-0.000773
-0.000666
-0.000543
-0.000408
-0.000264
-0.000115
0.000036
0.000185
0.000328
0.000462
0.000585
0.000693
0.000785
0.000858
0.000911
0.000943
