-0.200162
-0.196969
-0.187490
-0.172016
-0.151027
-0.125165
-0.095223
-0.062110
-0.026828
0.009559
0.045959
0.081282
0.114466
0.144509
0.170488
0.191589
0.207117
0.216521
0.219400
0.215521
0.204821
0.187417
0.163606
0.133869
0.098861
0.059410
0.016501
-0.028734
-0.075044
-0.121079
-0.165422
-0.206630
-0.243271
-0.273972
-0.297462
-0.312626
-0.318545
-0.314541
-0.300213
-0.275460
-0.240501
-0.195879
-0.142452
-0.081380
-0.014097
0.057721
0.132199
0.207295
0.280852
0.350628
0.414335
0.469670
0.514341
0.546084
0.562676
0.561949
0.541785
0.500119
0.434931
0.344239
0.226082
0.078505
-0.100459
-0.312814
-0.560627
-0.846056
-1.171391
-1.539092
-1.951841
-2.412604
-2.924707
-3.491933
-4.118646
-4.809956
-5.571934
-6.411918
-7.338936
-8.364319
-9.502630
-10.773100
-12.201975
-13.826572
-15.702784
-17.920331
-20.637929
-24.181119
-29.416014
-40.816098
-38.195413
-30.340352
-26.891580
-24.904595
-23.687586
-22.969637
-22.620457
-22.571781
-22.788698
-23.258016
-23.984270
-24.990702
-26.325845
-28.080317
-30.429226
-33.758685
-39.204817
-55.520645
-42.956075
-36.353701
-32.971004
-30.837525
-29.402708
-28.435604
-27.819985
-27.492164
-27.417108
-27.578175
-27.972928
-28.612541
-29.524491
-30.760043
-32.411532
-34.654960
-37.876232
-43.207418
-59.299102
-46.804267
-40.079442
-36.587155
-34.346678
-32.805435
-31.731495
-31.007792
-30.569691
-30.380939
-30.423223
-30.691693
-31.193866
-31.951343
-33.005229
-34.428548
-36.355287
-39.058857
-43.230401
-51.786480
-55.367759
-44.677121
-40.245698
-37.544332
-35.706109
-34.409486
-33.501613
-32.900239
-32.558821
-32.451891
-32.568525
-32.909858
-33.489340
-34.335848
-35.501335
-37.078031
-39.240428
-42.368925
-47.570176
-62.947693
-51.334055
-44.429442
-40.831064
-38.499217
-36.871298
-35.712040
-34.902724
-34.377549
-34.099157
-34.047943
-34.217335
-34.612357
-35.250723
-36.167034
-37.422423
-39.126418
-41.492557
-45.015308
-51.348368
-73.039610
-50.159991
-44.632212
-41.470881
-39.355690
-37.858674
-36.788508
-36.045254
-35.572661
-35.338952
-35.328257
-35.536944
-35.972830
-36.656902
-37.628403
-38.956241
-40.765237
-43.305329
-47.186940
-54.751137
-62.777089
-49.806109
-44.989193
-42.093161
-40.118189
-38.709141
-37.700497
-37.003903
-36.569223
-36.368372
-36.388050
-36.626741
-37.094383
-37.814571
-38.830395
-40.217425
-42.114024
-44.803793
-49.012805
-57.932899
-59.880833
-49.767565
-45.385615
-42.667552
-40.790511
-39.444393
-38.480515
-37.818338
-37.411957
-37.235903
-37.278749
-37.540563
-38.032929
-38.781525
-39.832592
-41.267280
-43.235587
-46.051064
-50.549630
-60.930867
-58.592785
-49.888617
-45.791540
-43.197135
-41.390058
-40.089682
-39.158763
-38.522208
-38.137118
-37.979926
-38.040596
-38.320416
-38.832276
-39.603556
-40.683128
-42.156903
-44.184996
-47.107805
-51.865444
-63.858144
-57.923717
-50.072877
-46.177599
-43.674291
-41.919687
-40.653962
-39.748168
-39.131230
-38.762501
-38.619858
-38.694335
-38.988177
-39.515314
-40.304503
-41.406780
-42.912007
-44.988853
-48.000944
-52.983070
-66.718533
-57.587002
-50.291610
-46.541457
-44.105476
-42.390122
-41.150472
-40.263642
-39.661536
-39.305194
-39.173585
-39.258567
-39.563129
-40.102022
-40.905102
-42.025153
-43.555264
-45.671171
-48.756088
-53.927969
-69.521714
-57.441680
-50.525204
-46.880845
-44.494860
-42.808865
-41.588770
-40.716166
-40.125183
-39.778131
-39.654810
-39.747715
-40.060413
-40.608307
-41.422140
-42.556108
-44.105941
-46.253219
-49.397612
-54.729372
-72.320724
-57.401958
-50.756503
-47.191344
-44.843243
-43.179574
-41.974349
-41.112549
-40.530002
-40.189998
-40.072988
-40.171966
-40.490971
-41.045942
-41.868360
-43.013617
-44.579696
-46.753209
-49.948189
-55.419865
-75.290691
-57.403933
-50.966701
-47.464343
-45.146450
-43.500535
-42.307042
-41.453668
-40.877607
-40.542941
-40.430639
-40.534101
-40.857735
-41.417902
-42.246660
-43.400334
-44.978669
-47.172228
-50.406449
-55.989395
-78.276369
-57.452935
-51.165021
-47.708667
-45.412911
-43.779903
-42.594826
-41.747387
-41.175798
-40.844727
-40.735535
-40.841916
-41.168555
-41.732119
-42.565087
-43.724461
-45.311265
-47.518947
-50.781323
-56.445990
-81.107539
-57.539886
-51.353631
-47.928966
-45.648399
-44.024159
-42.844723
-42.001209
-41.432550
-41.103839
-40.996724
-41.105131
-41.433970
-42.000177
-42.836612
-44.000909
-45.595300
-47.815984
-51.104843
-56.848128
-84.692022
-57.595115
-51.500848
-48.105009
-45.838107
-44.221582
-43.046935
-42.206580
-41.640104
-41.312980
-41.207102
-41.316581
-41.646493
-42.213954
-43.052063
-44.218837
-45.817227
-48.045057
-51.348988
-57.138422
-87.651038
-57.683330
-51.640565
-48.260644
-46.001008
-44.388332
-43.215849
-42.376718
-41.810903
-41.484097
-41.378339
-41.487851
-41.817807
-42.385435
-43.223981
-44.391699
-45.991992
-48.223700
-51.536483
-57.354380
-90.105306
-57.772913
-51.761102
-48.390459
-46.134810
-44.524039
-43.352452
-42.513670
-41.947901
-41.620987
-41.515071
-41.624470
-41.954457
-42.522384
-43.361687
-44.530944
-46.134181
-48.371684
-51.697394
-57.556432
-95.089370
-57.796775
-51.828510
-48.471209
-46.221461
-44.613642
-43.443547
-42.605441
-42.039858
-41.712825
-41.606609
-41.715614
-42.045192
-42.612779
-43.451919
-44.621358
-46.225443
-48.465179
-51.796644
-57.675497
-99.176815
-57.826813
-51.879041
-48.527573
-46.280030
-44.672979
-43.502950
-42.664524
-42.098403
-41.770712
-41.663790
-41.772100
-42.101053
-42.668163
-43.507083
-44.676748
-46.281867
-48.524281
-51.862557
-57.764727
0.000000
-57.812932
-51.888894
-48.544314
-46.299475
-44.693469
-43.523671
-42.685030
-42.118434
-41.790122
-41.682510
-41.790122
-42.118434
-42.685030
-43.523671
-44.693469
-46.299475
-48.544314
-51.888894
-57.812932
0.000000
-57.764727
-51.862557
-48.524281
-46.281867
-44.676748
-43.507083
-42.668163
-42.101053
-41.772100
-41.663790
-41.770712
-42.098403
-42.664524
-43.502950
-44.672979
-46.280030
-48.527573
-51.879041
-57.826813
-99.176815
-57.675497
-51.796644
-48.465179
-46.225443
-44.621358
-43.451919
-42.612779
-42.045192
-41.715614
-41.606609
-41.712825
-42.039858
-42.605441
-43.443547
-44.613642
-46.221461
-48.471209
-51.828510
-57.796775
-95.089370
-57.556432
-51.697394
-48.371684
-46.134181
-44.530944
-43.361687
-42.522384
-41.954457
-41.624470
-41.515071
-41.620987
-41.947901
-42.513670
-43.352452
-44.524039
-46.134810
-48.390459
-51.761102
-57.772913
-90.105306
-57.354380
-51.536483
-48.223700
-45.991992
-44.391699
-43.223981
-42.385435
-41.817807
-41.487851
-41.378339
-41.484097
-41.810903
-42.376718
-43.215849
-44.388332
-46.001008
-48.260644
-51.640565
-57.683330
-87.651038
-57.138422
-51.348988
-48.045057
-45.817227
-44.218837
-43.052063
-42.213954
-41.646493
-41.316581
-41.207102
-41.312980
-41.640104
-42.206580
-43.046935
-44.221582
-45.838107
-48.105009
-51.500848
-57.595115
-84.692022
-56.848128
-51.104843
-47.815984
-45.595300
-44.000909
-42.836612
-42.000177
-41.433970
-41.105131
-40.996724
-41.103839
-41.432550
-42.001209
-42.844723
-44.024159
-45.648399
-47.928966
-51.353631
-57.539886
-81.107539
-56.445990
-50.781323
-47.518947
-45.311265
-43.724461
-42.565087
-41.732119
-41.168555
-40.841916
-40.735535
-40.844727
-41.175798
-41.747387
-42.594826
-43.779903
-45.412911
-47.708667
-51.165021
-57.452935
-78.276369
-55.989395
-50.406449
-47.172228
-44.978669
-43.400334
-42.246660
-41.417902
-40.857735
-40.534101
-40.430639
-40.542941
-40.877607
-41.453668
-42.307042
-43.500535
-45.146450
-47.464343
-50.966701
-57.403933
-75.290691
-55.419865
-49.948189
-46.753209
-44.579696
-43.013617
-41.868360
-41.045942
-40.490971
-40.171966
-40.072988
-40.189998
-40.530002
-41.112549
-41.974349
-43.179574
-44.843243
-47.191344
-50.756503
-57.401958
-72.320724
-54.729372
-49.397612
-46.253219
-44.105941
-42.556108
-41.422140
-40.608307
-40.060413
-39.747715
-39.654810
-39.778131
-40.125183
-40.716166
-41.588770
-42.808865
-44.494860
-46.880845
-50.525204
-57.441680
-69.521714
-53.927969
-48.756088
-45.671171
-43.555264
-42.025153
-40.905102
-40.102022
-39.563129
-39.258567
-39.173585
-39.305194
-39.661536
-40.263642
-41.150472
-42.390122
-44.105476
-46.541457
-50.291610
-57.587002
-66.718533
-52.983070
-48.000944
-44.988853
-42.912007
-41.406780
-40.304503
-39.515314
-38.988177
-38.694335
-38.619858
-38.762501
-39.131230
-39.748168
-40.653962
-41.919687
-43.674291
-46.177599
-50.072877
-57.923717
-63.858144
-51.865444
-47.107805
-44.184996
-42.156903
-40.683128
-39.603556
-38.832276
-38.320416
-38.040596
-37.979926
-38.137118
-38.522208
-39.158763
-40.089682
-41.390058
-43.197135
-45.791540
-49.888617
-58.592785
-60.930867
-50.549630
-46.051064
-43.235587
-41.267280
-39.832592
-38.781525
-38.032929
-37.540563
-37.278749
-37.235903
-37.411957
-37.818338
-38.480515
-39.444393
-40.790511
-42.667552
-45.385615
-49.767565
-59.880833
-57.932899
-49.012805
-44.803793
-42.114024
-40.217425
-38.830395
-37.814571
-37.094383
-36.626741
-36.388050
-36.368372
-36.569223
-37.003903
-37.700497
-38.709141
-40.118189
-42.093161
-44.989193
-49.806109
-62.777089
-54.751137
-47.186940
-43.305329
-40.765237
-38.956241
-37.628403
-36.656902
-35.972830
-35.536944
-35.328257
-35.338952
-35.572661
-36.045254
-36.788508
-37.858674
-39.355690
-41.470881
-44.632212
-50.159991
-73.039610
-51.348368
-45.015308
-41.492557
-39.126418
-37.422423
-36.167034
-35.250723
-34.612357
-34.217335
-34.047943
-34.099157
-34.377549
-34.902724
-35.712040
-36.871298
-38.499217
-40.831064
-44.429442
-51.334055
-62.947693
-47.570176
-42.368925
-39.240428
-37.078031
-35.501335
-34.335848
-33.489340
-32.909858
-32.568525
-32.451891
-32.558821
-32.900239
-33.501613
-34.409486
-35.706109
-37.544332
-40.245698
-44.677121
-55.367759
-51.786480
-43.230401
-39.058857
-36.355287
-34.428548
-33.005229
-31.951343
-31.193866
-30.691693
-30.423223
-30.380939
-30.569691
-31.007792
-31.731495
-32.805435
-34.346678
-36.587155
-40.079442
-46.804267
-59.299102
-43.207418
-37.876232
-34.654960
-32.411532
-30.760043
-29.524491
-28.612541
-27.972928
-27.578175
-27.417108
-27.492164
-27.819985
-28.435604
-29.402708
-30.837525
-32.971004
-36.353701
-42.956075
-55.520645
-39.204817
-33.758685
-30.429226
-28.080317
-26.325845
-24.990702
-23.984270
-23.258016
-22.788698
-22.571781
-22.620457
-22.969637
-23.687586
-24.904595
-26.891580
-30.340352
-38.195413
-40.816098
-29.416014
-24.181119
-20.637929
-17.920331
-15.702784
-13.826572
-12.201975
-10.773100
-9.502630
-8.364319
-7.338936
-6.411918
-5.571934
-4.809956
-4.118646
-3.491933
-2.924707
-2.412604
-1.951841
-1.539092
-1.171391
-0.846056
-0.560627
-0.312814
-0.100459
0.078505
0.226082
0.344239
0.434931
0.500119
0.541785
0.561949
0.562676
0.546084
0.514341
0.469670
0.414335
0.350628
0.280852
0.207295
0.132199
0.057721
-0.014097
-0.081380
-0.142452
-0.195879
-0.240501
-0.275460
-0.300213
-0.314541
-0.318545
-0.312626
-0.297462
-0.273972
-0.243271
-0.206630
-0.165422
-0.121079
-0.075044
-0.028734
0.016501
0.059410
0.098861
0.133869
0.163606
0.187417
0.204821
0.215521
0.219400
0.216521
0.207117
0.191589
0.170488
0.144509
0.114466
0.081282
0.045959
0.009559
-0.026828
-0.062110
-0.095223
-0.125165
-0.151027
-0.172016
-0.187490
-0.196969
