-72
-1834
703
287
788
-469
-623
1511
-291
-334
-477
-10
332
968
-829
1044
-80
-372
277
1372
-436
904
2552
-336
590
2137
441
698
-104
-1362
808
2287
-1846
1178
402
1698
598
29
3971
-781
-1036
-465
-1114
-285
925
-67
-254
-1799
1620
604
-245
-495
-1347
-2501
4233
688
-171
-351
-952
769
2024
373
-50
1852
-403
-260
1625
-1938
-1281
905
291
-1571
198
-11
-225
2103
-91
-684
377
-940
745
276
-2164
844
141
651
-298
783
1987
488
-829
543
-616
-1389
-118
-24
1819
-1589
-831
664
401
578
346
-89
1620
-247
-1120
382
-300
-1147
600
1793
1670
523
-452
-927
-186
676
60
115
642
-222
343
-735
-198
942
-1312
377
-1032
-1420
1226
-557
239
-928
2348
-1080
-1093
-1031
-367
897
-1004
-839
-2497
162
-663
786
365
-107
1229
396
-633
-2223
-278
505
-1010
-899
468
2104
402
-551
-1248
220
-1508
221
-678
333
-219
-133
-222
-275
592
-1676
449
-132
-182
1096
1325
1826
1054
599
-333
-1026
-608
-1026
535
192
1595
730
-1320
-1479
-1272
628
-413
310
-1374
763
-413
-201
-32
1169
908
-907
-1056
215
1078
-311
-127
790
-599
-672
-418
428
-691
15
-51
-226
-543
-661
340
-506
421
50
-815
-2247
-175
-601
1675
1189
-1150
208
673
-406
449
-840
901
-1335
1138
692
573
448
-232
2158
-718
1583
1257
1945
-264
434
-60
2263
-55
1781
777
-618
438
-1642
-297
264
-905
-195
-2503
-1078
-490
-160
1180
-1951
-261
-1831
-289
-1937
-577
-584
664
-98
-1406
-34
-1553
-1316
99
-177
-958
-920
681
-1649
-1133
-122
-1638
420
775
2807
-991
534
661
-1656
1837
2012
2778
-620
-754
384
220
-1159
-1180
360
-428
-348
-405
-790
39
-121
1704
-960
1118
24
-332
-343
444
-648
-761
-1095
1013
1095
-657
-137
-557
-174
-1297
489
-210
-323
-156
-367
747
-823
1927
-1297
686
-478
750
-1297
1453
-1592
-1339
-199
57
-933
1435
494
-83
-1003
-742
-893
658
-966
-1832
390
1724
-140
-135
-309
1926
2285
-771
-97
61
-1634
-1254
-78
-1109
-291
-848
330
-331
1144
146
183
200
723
236
-847
601
322
1548
-949
1047
-878
-1587
-1168
1129
919
284
-715
-1631
-352
-197
-56
-72
330
241
303
-301
-139
475
2607
-2122
-1057
498
-115
1462
1171
381
-1209
-332
-1066
2667
-464
2097
240
280
-663
1312
123
-1783
-169
-973
366
216
-2354
857
501
-343
802
1160
-24
976
-798
-2754
1189
-1201
-1220
-658
-914
-2045
-714
419
-1242
-1060
-647
29
364
-158
-296
445
-692
-1301
698
819
-2043
1677
-501
1980
1304
-263
-134
-690
129
2314
-899
-1216
15
2124
644
-752
411
460
-483
-912
-516
-104
-1165
520
505
15
54
-601
650
-1080
-1973
-1344
878
1428
271
-1115
-308
-571
1131
572
-663
863
-693
-803
734
280
-1574
633
498
-463
182
216
3089
-517
-768
1710
1084
-15
-791
-903
1823
60
707
-153
-1086
1580
602
-904
-950
-1445
592
-690
-676
266
-694
-1789
-631
1166
-1470
428
54
769
150
-518
1442
1985
73
1302
861
-1235
752
-908
-1426
-127
-633
-1444
1095
-2032
-114
-1
3115
-256
1170
1723
-178
292
968
221
-454
-153
-107
885
1815
691
-288
1080
-1044
-551
-784
1737
-1122
239
489
-319
3076
168
-108
-301
-264
-529
626
1458
-1226
-344
-1447
-606
-155
2112
664
-1110
-124
-268
-765
5
-19
-191
1311
-360
-810
416
-452
-3118
1485
1406
-118
16
-1614
-1282
-1257
-151
284
255
-287
1017
-154
132
-358
274
-170
-663
1620
-46
786
-1003
1238
275
-400
-544
-839
1047
-10
-595
-2045
642
657
1324
1146
-1221
-724
-1746
-465
-72
413
477
1968
-1037
1280
320
1248
98
1308
2025
1666
809
1381
2135
1361
573
1735
750
777
-819
879
872
119
1889
1841
-1594
439
486
450
1667
404
-171
1639
-2701
-974
-201
216
1059
89
-539
-926
-758
1070
2113
1420
-1410
-858
-852
-1176
-350
77
-208
270
738
-1276
-1651
815
291
429
886
675
486
-64
361
-175
-813
-165
-693
570
728
503
-223
601
-334
208
1842
783
-1605
-24
3783
-260
80
434
2012
-927
-597
998
-467
115
726
-408
-156
-407
352
381
-20
-933
1849
614
590
-51
767
-610
626
459
-812
1502
318
-393
-103
523
-256
1412
-2433
-105
1291
-234
-27
-541
2237
-1504
1394
-885
-1394
-524
408
-1273
-312
-403
-206
212
1071
1459
945
-1276
381
907
268
-1182
-256
101
633
980
646
680
-1707
-1284
-1210
585
-1151
1224
-443
-865
-1638
521
997
-150
200
1366
-742
206
-606
-658
-406
-56
580
-37
1043
-190
99
-1426
-564
-1320
-228
443
2160
1134
1947
-134
-243
13
-1518
-20
1884
-200
461
697
75
-562
-19
1154
-1051
653
606
-526
-1100
284
40
1185
-980
1487
-59
-336
-491
-131
749
199
265
-322
104
150
-193
-1772
-20
-203
630
-1669
-172
867
2693
-716
3206
2124
-1246
1206
-1797
-694
-592
1482
-126
-1265
934
-2097
-1671
-1420
-972
425
-46
605
-1137
470
1983
-1944
702
-467
-239
-453
168
136
1925
1629
24
294
1473
311
1865
830
-209
292
-914
1522
-1353
674
-257
-466
469
48
1191
-162
553
1657
256
40
-284
830
-238
-1136
1756
-751
2274
-28
-1523
-1010
167
1047
-1662
-799
1960
-995
781
586
437
1023
1068
-1300
241
-1658
-409
506
-1002
384
875
-378
296
-558
-1003
316
1085
924
732
54
2206
622
606
1196
-207
-304
-215
1240
1281
127
342
-2191
16
-808
-538
2027
745
552
-26
-72
-842
-446
349
-313
-2044
-1044
1304
22
-1074
535
544
-210
-456
34
-996
397
779
959
1101
691
348
668
-1351
158
1639
1874
-90
490
2049
1677
-402
321
-185
-17
-752
840
239
-1617
791
960
-346
-469
-488
567
1312
-293
-3109
-321
-2239
-2105
1239
-576
512
-178
347
809
-1211
-333
687
-1105
1054
-37
336
503
-1207
-1596
-785
-571
-309
-1225
-486
-330
315
-1707
19
1322
2121
-825
21
1367
672
43
2371
1514
696
-3346
-127
-1311
979
20
383
150
280
4
1346
1581
540
385
555
919
-284
-201
492
482
431
-121
149
-159
-937
646
22
-443
583
683
1239
-119
-175
-496
-240
801
1206
-303
1128
48
-1482
-696
212
754
904
-1970
-385
-717
-447
349
1009
-5
-525
222
-68
894
-888
-1932
3076
226
-763
610
-307
-675
511
1459
-1027
-599
1668
-1673
-41
-242
-177
1398
1070
1
2002
-220
-1492
-892
-541
22
2016
-804
152
-563
-38
1062
601
-91
-36
656
-181
-1811
345
314
-1017
1347
493
-332
-985
-151
435
478
-518
-234
-1628
531
-468
-243
-910
468
1016
-708
427
-1094
-1153
-1002
306
-1546
438
-931
-1674
-790
-470
1139
-196
1059
-777
1119
1415
-1877
271
550
-416
-532
1438
-877
879
431
541
-475
415
288
-390
-157
27
-10
-1468
-52
-1612
286
1144
206
142
923
-915
1921
-464
-933
492
-351
-2807
2290
-652
-261
887
1167
-723
101
1102
-273
37
588
-115
335
465
-798
196
483
801
-73
255
930
971
-734
1427
393
24
-78
-1664
-1974
-1170
988
-1551
2128
-1315
322
-248
1273
1648
139
83
765
176
-614
59
-317
-779
-87
-1536
47
-205
-265
-619
-1240
75
-836
-573
205
-155
471
-33
-233
-169
796
1476
635
138
595
-258
1299
-913
1415
-546
1144
-1454
-859
-447
-749
293
835
-1455
767
1614
-1202
331
-440
-543
450
-234
13
499
-595
1614
-573
-421
1196
-1994
-463
-398
421
-1598
-425
1119
-1058
-760
-199
-1733
-503
2472
488
137
631
470
-12
-416
-486
933
1922
807
879
-347
-315
-254
-192
300
508
362
-532
754
41
-1996
-605
-781
-1422
-704
-1791
333
27
373
1014
-696
-461
739
-1006
239
-301
334
-33
481
-677
-1115
-298
1125
631
606
679
-930
1804
3121
1709
2568
148
305
311
762
-770
-707
1076
-678
-605
144
-306
-1761
-363
1383
411
-803
-374
-581
-1598
872
1490
-933
-192
-1063
-151
1562
127
-169
472
-1809
1051
-416
-595
983
-539
1007
-1387
441
907
954
-1328
-382
278
-64
804
1705
-498
-120
1665
-770
653
-1946
-1090
41
945
-839
-585
-899
1992
-425
640
-2133
-1172
1574
345
-103
2892
733
946
1173
-868
1304
-470
-45
-162
13
496
1822
366
1547
1400
117
-609
-1397
-241
769
-360
-910
517
-1511
1429
526
-373
-461
1172
-593
112
869
1530
723
-421
-600
399
-1449
1693
-250
224
-314
-664
718
186
-830
1198
3032
316
-1254
1312
-211
1419
-91
-1717
-422
2636
2092
78
487
-1172
-627
1317
-724
163
448
-415
-611
1390
1007
1459
-830
-1319
755
376
1582
-625
317
1146
-1099
-2338
-672
-432
-1174
1492
283
2322
903
664
-214
2059
-1060
636
-216
521
-1456
488
186
-321
1564
1420
-915
1560
1623
171
-514
-825
621
382
2070
-338
-140
603
461
-982
-292
-534
1179
413
-724
826
668
1370
-546
-292
843
-1586
889
1901
18
-146
986
672
2037
968
-1408
-788
-505
1119
-1736
-590
-456
1620
-1185
1060
-160
1603
12
-249
765
-11
1466
1630
-1384
-1288
683
82
245
1369
-283
-314
1009
1499
-474
-83
230
-39
663
1017
-118
1026
-1672
862
-1603
-330
750
-1824
-773
2360
-578
1033
-1248
-879
-891
1213
-1017
359
-75
1257
553
-469
-392
-635
1391
-266
-379
1999
540
1515
-576
130
217
-326
859
669
-1209
1670
592
-303
526
-1810
-880
539
-579
-1977
371
1113
421
-859
-527
67
-1107
-137
-490
943
-923
741
1899
2079
1823
-423
778
782
1678
-1566
151
-1023
-5
692
-255
-164
-997
1258
431
851
-23
208
650
-244
-661
-25
485
141
-427
-2279
557
-1075
1105
1013
681
1619
1648
861
-1088
1438
-92
-16
-281
1988
1178
-655
-113
1296
-464
753
-2142
-484
-1178
-74
68
-1354
-1312
2333
-271
-13
-346
-1360
-661
-215
-2005
-419
-1416
-325
-1646
-1139
-1364
-180
426
761
-1543
479
411
-120
509
-651
-7
340
-264
52
1776
-576
-902
682
1923
-241
-255
358
718
992
-1838
754
252
503
-495
1098
95
-60
93
-235
780
2695
1208
2324
806
354
-2033
851
1301
622
488
-604
177
25
479
604
-1716
298
1980
1255
-297
-900
-390
535
172
140
466
112
-614
-527
192
-925
1019
455
-1223
303
-3317
-423
-62
848
-542
521
-867
192
1288
-1487
-221
-312
2010
1233
839
11
34
375
347
-98
-509
-1418
1049
-774
620
1912
-1272
-108
-1321
-751
2050
-1863
-300
1069
621
514
-74
-134
-493
1932
892
-192
-193
-293
276
-1094
795
296
668
166
-262
-808
-1000
-199
-1018
1674
-52
192
-308
365
1489
-950
-639
705
1941
-219
413
972
1416
104
928
1328
-701
472
407
-170
-262
1430
-285
826
357
-411
-467
-249
949
-1104
-111
561
-998
712
1278
441
-474
-624
885
-306
-1352
-97
889
-633
-299
-189
-1821
2466
882
-407
528
-480
706
360
238
-1747
460
972
476
-556
-166
893
-12
-1182
528
540
2079
-371
323
331
922
310
-1050
1288
263
454
-683
444
-99
169
-605
208
-742
1397
-18
-994
-608
629
-532
-387
-151
969
739
761
1264
-920
-292
-277
1045
-108
-991
-1456
-2053
-342
-60
-2356
-1222
1805
1796
504
380
-1735
706
-2308
-583
-68
43
-28
-827
975
9
480
-690
-701
-2297
450
977
-139
2551
-833
55
-1162
641
-1741
318
1020
344
-290
-620
-1945
18
662
118
-2307
-2489
386
-498
-542
-260
1148
555
282
1293
1418
-1572
192
294
1286
-360
45
1083
1140
-612
-890
-874
-71
-191
252
-1211
1670
577
610
-216
-1199
1277
-523
1928
2068
-478
-525
-261
952
913
1082
287
271
-90
1255
195
-424
-884
40
-38
-1059
-497
58
497
-1302
706
99
-650
-296
869
35
-2186
1112
-572
23
1289
-982
71
-824
827
2717
790
-444
-2436
1383
-540
1573
946
920
-3273
418
-215
-635
-783
-530
1275
398
518
-359
-649
-996
708
-1002
287
-1613
-1542
-268
-74
-27
-203
744
-1160
-1804
-437
-238
-196
-2066
-87
-465
-135
-615
523
-792
-926
251
-475
452
-784
724
1172
-671
-313
-1435
-646
544
2010
-590
2360
4
-752
-777
860
-703
-495
-1023
904
-214
271
1761
-1257
-482
1464
687
-526
26
-1595
74
1362
-2778
-1205
-1454
1063
-29
128
-668
-1627
2989
21
-749
2487
-388
-484
-1178
-805
161
-1032
-2174
-127
752
-317
-8
53
710
-1205
-1404
-767
-42
-60
-1821
1359
-592
1033
912
-1166
951
74
252
1482
-212
-227
-110
-166
733
-1110
427
-282
1003
-646
396
-679
637
-1165
1191
-1277
-892
-1406
246
-985
-1341
335
854
-1605
228
1616
619
-695
-431
593
605
-535
2178
-293
2703
520
1346
1794
1027
-32
522
-378
711
-352
446
146
583
-1312
1908
-1103
1537
563
-332
513
-1421
-1392
2244
-1144
1118
-713
-474
420
-1196
-140
-1604
-1801
-685
79
-1322
-52
-2491
-823
2256
1369
1399
-1803
-228
1970
382
1909
-59
-168
-113
-468
979
1238
692
-38
-787
147
-731
-79
1865
-202
895
56
-15
-102
-167
526
1902
-568
-879
3334
619
-1776
-423
-1210
691
-56
-419
956
1611
-350
-3501
1185
1488
-833
891
679
1060
-208
-615
395
-1615
-1443
702
-1035
-764
-2158
-975
737
2183
-457
976
1034
-230
-1852
721
-308
1037
-475
874
318
-1385
-295
265
240
75
1026
1570
-993
108
-277
323
379
387
-295
-446
1093
-1833
1188
-928
998
-257
1155
720
177
-859
-143
-1468
1716
1171
767
256
777
-59
761
-3
-208
766
-957
-814
1171
-318
332
1206
616
2070
1061
-516
1420
21
-1181
2286
1302
-1585
490
-663
-1058
-1764
986
1229
-1039
299
-295
-1250
2168
844
-1206
1497
-1366
-1013
87
-127
-394
1162
-1025
-895
1985
-1088
1095
-372
-851
1279
-407
-766
-503
221
292
465
154
-1389
-82
606
764
-15
440
-916
84
-434
-143
-1005
-822
-1509
-277
181
-970
-14
-2467
1127
-323
-1959
263
957
790
442
1616
-1508
1380
-194
-399
-353
277
387
-1107
467
1097
-983
159
343
1102
-308
1224
1144
-513
-1006
-1043
-647
704
1303
71
-1050
376
319
520
-131
989
23
2724
-132
382
-849
13
211
-440
1026
905
-1391
1118
532
-495
-710
-723
-19
-938
-787
603
-1144
-222
1556
-989
411
-1239
-1633
-1158
271
-1371
-2120
1370
-36
260
-1152
392
-1141
721
19
-374
-385
-649
688
743
492
242
-67
322
-145
-439
-186
-675
65
51
615
763
-1587
1372
-361
1556
-347
517
455
-608
-406
-1573
-786
39
-211
628
363
38
-326
122
-518
-1399
-1131
1005
-725
859
625
-806
-21
-586
638
967
178
1020
-37
-599
-125
1781
-2
631
-340
693
283
-726
980
-1859
-324
-1631
94
-623
-896
-122
1017
-1274
1098
1949
1443
-187
830
-2045
1386
-418
-354
-2446
-1360
-829
-354
-1290
559
-1107
-224
-763
156
706
986
274
-600
1969
-664
-635
2788
2090
30
-332
1913
224
-162
1286
-1838
-74
-920
841
-490
-1417
-900
1496
-1197
746
54
926
1246
-1162
579
-1227
1661
245
597
627
-106
-1972
-932
811
-21
2139
309
139
-2
-1708
-136
828
2497
-254
921
-1209
1997
344
626
1362
1017
827
846
-307
-392
-805
274
-23
318
142
-910
-568
-1986
-1292
-885
494
719
-841
453
1897
-703
-615
-370
-663
822
272
-946
1701
933
313
-541
-126
-849
-713
-1225
-464
-133
708
-151
105
-552
-1103
661
58
-696
-2300
-1018
-585
-1046
-265
1027
-944
-161
-748
-1904
782
-1275
-325
-879
-875
266
-235
-1014
1421
1119
-1114
127
-226
-1050
-905
62
553
740
913
78
-488
-1447
1267
-36
167
576
-1513
345
989
129
-452
-393
723
19
-649
-514
-1997
50
2272
844
285
-1005
780
1286
-60
1695
-786
-1441
-1449
-176
-694
179
-2537
217
-2626
536
-595
-954
-426
-806
-144
-1845
444
435
621
-981
345
-350
-718
568
809
650
68
589
808
762
135
-1625
-214
-238
-49
2046
-1634
-910
-1556
397
42
-590
-317
1290
350
73
-1350
1394
-597
1606
1092
-795
64
1685
90
-1616
-1050
2289
352
344
1283
414
-1618
2058
-1055
-221
253
421
1554
-2161
-185
621
554
-616
-1201
-1410
1315
-1281
-485
-2001
403
-682
795
418
-939
-55
139
-2053
-821
-906
963
1597
1042
-123
179
-268
105
-1597
-1301
-319
333
-553
-261
769
1196
458
852
-490
1025
82
-75
-313
-514
-335
898
1185
139
1009
838
-1063
317
-5
513
-164
-2660
-623
-1739
-396
-864
603
-205
-78
-1319
1862
-634
-371
651
-847
-1259
-458
-721
492
-616
768
390
-1436
-51
39
-1343
600
-698
-944
-905
232
-1241
-167
394
56
543
-489
317
-564
662
-544
-1239
1125
654
480
-449
45
-864
717
200
-1884
-1517
616
-265
1260
-172
-142
-946
1477
1088
117
1465
911
668
183
-50
-272
448
-1019
-547
1089
612
-293
-87
293
1431
578
-847
-985
-777
-369
-1118
543
834
1020
-899
574
-86
-1159
-986
-528
199
-481
-981
1431
-980
-70
2295
984
-785
640
1026
-214
-165
-590
601
2695
424
330
176
-1156
-844
25
1050
276
451
-588
-451
563
292
-1054
-187
1132
485
-555
-1860
-901
-1252
-486
-581
238
396
178
-97
1328
226
-1035
-1490
-383
-580
249
76
395
-1608
435
220
1819
-69
-262
-967
-910
-1001
-1928
272
-337
88
82
744
-2376
-79
94
-572
-932
-443
139
-1377
-2045
-30
233
1137
-443
-1293
975
1674
242
37
320
1237
733
-851
-270
332
1066
838
463
403
-331
-724
-697
1376
576
1470
748
-1409
-705
-444
373
-159
1024
-470
-264
585
1110
1443
-1686
-2463
-286
843
-834
297
-240
-477
-313
-1110
676
-127
377
869
-312
-843
314
-1438
410
-318
584
1397
-18
706
-1127
-575
-3160
441
-721
-2375
-947
977
-138
739
940
-668
427
690
-1135
-810
3075
219
755
576
-896
773
-1225
1292
195
-2705
-76
327
-1588
-92
613
957
-1226
656
-410
-159
40
-1049
-863
-1917
-646
751
-1082
-59
-673
-505
-848
144
1359
-4
1194
-1164
-307
-828
1074
-1271
-955
-635
-1519
-2251
-301
310
34
1113
339
372
-1257
-1245
-716
776
224
-424
-638
-509
454
1364
743
3368
921
-470
1063
42
-1774
-1139
-1274
-1390
-1801
864
-132
-585
1130
-95
246
-686
659
-461
497
-931
-1331
-1130
315
-130
617
-330
-1076
-457
-3288
-569
1351
-57
-413
457
264
1488
-1753
-28
-2396
1871
-780
88
2473
916
965
-1699
-1254
356
708
-614
-1213
718
279
-933
1079
-1294
-680
-573
2035
1359
-355
-805
1399
960
954
-586
-873
-892
-2105
218
100
261
2662
1150
670
-68
1267
-168
1382
-106
876
-261
756
-626
-839
970
-938
-31
-290
-501
343
-440
-68
372
-2599
376
-937
-1201
78
-1350
528
177
-2
-962
-2021
303
-230
-1311
1383
-1506
862
133
-1017
1180
-1549
-1098
-552
-1096
-400
1432
956
286
1175
229
1776
-783
-941
961
-364
-563
-186
664
-1578
134
-673
814
-561
-1703
-256
693
-2156
-777
-301
992
1505
-845
1209
-664
-624
-588
1403
-261
91
1277
-1515
-173
-722
-514
-1267
1115
-592
379
1613
-1265
-1045
632
497
-975
509
363
1123
-1564
-115
635
-75
869
320
420
-253
-5
1386
-1566
343
354
1193
2
-1091
-341
1346
-1144
-504
-647
421
707
-139
-770
517
-865
1035
2655
1304
-1367
2283
34
435
615
-458
1185
431
416
1250
873
178
821
830
339
-1271
1580
-1161
-986
2112
-1781
-451
-180
991
-582
-234
2658
998
1444
184
-34
890
-719
1743
-1561
362
-1414
-87
-991
744
2793
-669
949
-702
397
52
2101
795
33
456
97
-2061
117
-276
1127
740
-977
230
1363
563
13
67
-1189
289
413
136
-227
318
-771
2471
-1023
721
-1217
-138
-14
-98
772
-882
460
44
-1490
711
406
1693
-628
-1511
-764
-658
89
83
919
757
524
-146
676
1692
-998
167
1947
-631
113
-597
-576
-705
-45
-2066
-17
163
1266
554
-215
-126
460
182
313
51
-459
-763
-668
-1338
2283
530
1110
-720
24
-651
156
1099
-242
-407
1264
-853
73
1583
2
-26
1361
48
2199
-777
-770
-425
-713
-18
818
-1865
342
-1264
9
219
-301
-471
1369
-1468
-625
72
-508
-794
-2965
-917
-241
795
234
-453
-1122
-348
-2868
2125
1223
402
1050
962
-45
555
-229
-1100
-539
-951
-774
950
-513
-1284
-103
968
-187
1093
1711
393
-1425
111
-863
-25
2375
-1242
1879
-1585
-1427
1035
-1759
-337
-447
-276
698
-1180
619
169
-487
-2477
1135
1669
334
-563
1104
-12
-1105
1348
1555
352
396
500
184
485
-2166
-602
1076
-1112
-951
892
-416
-453
-1622
-442
-686
-1422
-1908
-427
-646
-1113
133
1336
-274
1318
296
411
-826
-1785
-1908
1059
-682
294
1779
-760
1490
-389
-783
-195
-673
-962
-582
-60
-1454
937
1336
-725
-1378
-364
-1647
1165
151
1316
872
1183
-2010
389
-1365
-1024
1170
-290
10
1649
830
-2139
-24
-2094
422
-166
-207
-1844
-424
567
247
-1521
-60
-981
-394
-1266
-116
-666
666
1816
78
549
-310
-1805
313
-1067
-403
51
26
1434
1163
1212
633
-1162
2737
197
-830
1492
-1106
280
-1303
157
87
-1814
267
-1158
1387
-45
437
-251
1574
-551
480
-919
1282
-538
-1261
396
71
738
715
654
-466
-655
-1558
-101
-249
-329
15
-1162
-1057
1522
-1146
-470
543
2091
1298
607
249
251
-559
-778
847
-169
768
110
-72
667
30
21
-2187
-1382
-933
1335
-95
1162
-494
-64
-598
-929
58
-2125
2528
-481
659
-583
61
135
-873
-1785
2197
57
-979
177
-992
-305
679
-1294
-533
1301
-237
-2382
-1668
2155
-1665
-175
-1068
845
840
-2124
-1717
-1177
-468
-840
1321
-639
1195
-309
-2256
-791
1500
678
-169
-289
1487
157
-2013
-1177
-1491
53
-565
-1359
-1641
88
-1298
535
549
-18
275
-440
-2298
-737
-1068
290
-418
-356
490
1209
-1448
1976
-1020
-1982
340
1994
-1256
-1177
374
1538
-1018
-524
-353
456
631
1782
622
1443
1271
-1750
-439
1368
-711
-1111
1204
-2409
-205
923
-1129
500
-1379
2048
-1319
254
868
1172
738
176
1566
-769
-391
504
1580
-903
-210
1487
535
-249
230
131
1799
-373
703
-86
272
991
-805
563
-779
2008
1223
712
1400
-548
-1060
-633
-917
2161
136
902
245
853
-1940
62
-839
130
-279
-1196
-758
-855
913
957
1778
1263
-903
-659
1464
959
827
1755
1786
633
483
-396
-58
1145
-456
55
-426
-276
483
-169
-448
646
-152
-259
1831
-1029
1256
1719
-1067
455
777
-1208
-734
-452
-532
836
-255
632
1405
-1735
-1913
92
1070
1308
2574
-1910
1658
427
-1643
-54
171
-928
1286
-176
98
902
961
2257
197
920
21
882
-1158
-330
161
1114
1411
1358
2549
-481
-633
-687
1141
1064
-1300
861
542
-966
-1199
400
-180
748
-576
15
620
131
-455
-732
830
-72
-1798
-661
1456
965
818
-2155
-897
1372
66
125
822
1212
1155
-505
-540
-1888
-865
-2080
812
390
1371
47
65
734
1102
806
212
-1833
2498
908
-2165
930
-1519
1085
788
-50
-479
1131
1141
-215
1718
2171
-612
-332
-1482
285
-459
529
-642
355
-1956
2065
851
740
200
-1672
758
-2053
-933
-883
241
-205
164
461
-445
-2317
-767
459
302
1168
889
151
999
-654
-2002
-1137
-2532
-96
-559
-1650
-77
351
-147
-1516
273
-700
-478
632
756
-896
32
-7
-2552
-13
674
244
1480
-299
-604
595
343
481
-243
170
-141
356
-410
1321
1439
452
-1681
-423
-482
26
757
3367
265
-74
1007
120
196
-1202
486
17
1204
1303
-115
1462
-240
60
1077
-214
-877
692
-579
695
-804
650
-1962
-565
-1112
-567
-552
-641
-971
-795
-936
1989
-833
309
-146
-195
-1157
412
173
-513
-1517
-726
1652
692
995
-2873
154
-760
-2699
-1387
921
2402
531
1196
701
-205
1068
1016
594
145
-1819
581
-1466
-674
298
-1231
-375
-234
-954
526
-52
-2220
-1503
-149
-1206
-602
-1191
-1870
-419
-1010
-1180
489
-1090
460
-222
1238
-193
-1325
-830
-1240
462
-1167
263
-164
-860
-299
1910
80
-11
-1284
1750
-979
-367
1120
206
590
1107
107
-811
1039
1741
70
-176
-425
-841
762
-1140
-895
889
2090
89
-68
39
1024
-797
868
239
445
-388
-257
341
-946
695
30
1530
-1179
1379
1084
-189
-142
585
398
145
-372
206
-42
-442
-213
-2023
428
0
-660
-1627
-911
-858
-1144
1223
-2392
254
-541
-1175
1246
-270
1367
344
322
567
-552
-1073
-277
-367
589
-347
1487
-958
-1689
-302
-803
185
-666
-2
1584
371
-27
-763
-1707
645
971
-2057
863
-241
-389
-293
-27
2076
500
-921
1124
-149
-107
556
332
-819
3695
-2219
1953
388
-740
-654
-9
-281
-1141
-16
-1298
-1123
-354
175
1205
-283
-1059
436
-712
-238
-324
-2439
-1306
-2387
957
-1203
502
1688
301
-1499
-194
115
-1163
-1246
180
-1110
-62
1323
365
129
-1
-1216
-1014
707
355
277
-1357
1897
12
-964
-1609
-831
1317
-51
-893
-407
-727
-147
789
756
162
-497
-1193
271
869
-414
-1578
746
1012
1258
143
644
108
-377
-1036
-835
-1321
698
-105
-1041
-328
452
1025
2066
329
1320
819
561
-752
-871
317
154
-1890
-1250
-874
495
612
1844
-1583
349
1429
388
-2885
-997
-743
-1220
77
853
979
299
682
-800
524
801
703
-897
11
-827
-258
495
-328
388
790
-578
-1064
1100
-395
-1958
1568
-1227
-177
-1052
-1275
1134
-466
42
991
-697
-399
-1611
1036
342
-242
1092
-1544
-992
-845
173
532
1822
889
225
589
2064
-681
-989
304
-1065
-1120
-1873
507
834
-172
-903
-2764
274
-213
67
-2309
884
208
-686
183
1324
676
768
-212
1919
2003
-142
1014
263
1156
-23
463
472
518
391
1554
-1544
1481
1322
1750
1372
-428
-647
-1415
1229
-164
1056
-135
588
990
-107
-176
-487
806
2030
-719
52
-1668
-1398
325
-1245
44
-947
226
-629
-271
154
-919
67
2068
-504
1059
-854
449
-65
814
-195
-2154
-23
1060
615
1323
57
-85
208
-79
-1503
181
-31
554
-176
383
-927
852
401
-1094
1009
-1295
847
475
1033
650
-2270
140
-413
301
416
461
274
1376
590
1638
1438
-1333
-567
1423
388
1122
-151
-337
6
-368
170
289
973
-1929
-72
525
822
-151
928
-936
-452
-784
-1256
339
877
-469
462
-2556
-622
-494
686
-827
-320
-98
-825
-289
538
-193
796
-787
1629
-46
-633
616
207
-1749
479
1418
-138
-867
977
-463
1854
-1178
633
933
-1188
1789
1058
-40
-655
-188
3778
-1871
-963
143
-108
362
617
-1076
-523
1394
-1516
27
845
870
-820
-1040
194
1184
458
-89
-77
2908
200
-101
1036
1038
1324
-469
-1473
295
373
-1233
-86
718
168
301
1208
-432
-873
300
-91
-1395
-16
795
-655
543
-66
65
406
-840
-173
-793
-1026
-37
-1683
286
-639
1647
-142
-1125
-158
1066
443
-681
157
453
-596
-500
354
328
938
-760
-917
483
-532
-296
-1191
-473
765
-267
1039
-2066
-1276
-4310
-31
611
-845
-1291
396
1520
-1535
701
257
-235
671
-657
-995
644
3257
17
533
-2061
-536
-1107
-1038
939
1429
978
-386
-230
-298
-732
-820
-836
1425
1262
-751
326
553
-886
112
460
-371
361
-188
-1205
-150
-2500
362
-1945
1776
-1
629
-897
-2184
718
-160
164
848
-588
2698
-625
2267
9
35
603
201
-1085
36
-1142
-756
-453
1765
-308
-1383
452
328
516
654
-552
933
-1123
-79
295
850
-55
325
-212
-116
1816
-1622
-836
-1422
1519
272
-1659
-1032
-1448
692
834
734
-526
-514
-566
431
688
1786
-52
369
1723
-458
411
1011
346
-1502
1309
1139
858
259
424
65
1229
453
938
73
-182
-222
959
-204
385
-88
1156
-390
1058
-150
-1542
289
-579
1080
796
1773
-2832
-697
450
1240
939
-102
-429
425
-1095
-20
-708
888
18
652
444
1063
-1497
745
-355
550
549
-208
682
-528
-762
-883
-518
629
872
1374
1409
-556
-1468
610
657
-703
-1083
-1015
-773
763
-875
8
832
321
614
-86
-741
-422
-288
23
1157
-826
900
894
-499
2412
-787
-541
-826
-1252
-333
-990
494
-323
2441
243
-1383
578
812
-736
578
-715
-1038
124
-961
-266
-752
-70
64
-1015
1170
-828
820
-1370
1142
2045
173
70
-1260
-959
9
-107
659
-668
1367
94
295
-585
772
-881
-466
-776
1385
-1351
1500
-758
-1724
1241
-1181
506
500
839
760
329
212
-25
805
1852
1531
536
1079
-710
-490
303
-1340
1020
-562
-1320
51
-1793
255
-826
636
-251
7
859
152
328
581
568
-1797
933
1156
-426
-433
625
379
-2130
805
1015
-1496
-2
-1317
750
-1103
1796
-114
465
-1422
-1155
582
342
458
309
-931
-1121
-796
817
-3080
762
33
839
146
-53
333
-546
-995
-1579
287
-873
-1448
-1243
1017
-738
233
441
-676
-1451
247
756
-864
-371
203
-735
800
-662
-249
552
248
1401
1408
-1727
-1078
369
44
-2252
-445
-209
2546
-3
-955
-645
1108
738
2053
-345
-87
1272
-816
1081
825
519
31
1196
1539
1376
-601
142
-517
1800
-608
295
-1099
-839
174
-51
-1365
-345
-780
-1484
864
1005
65
-637
-1019
-1402
190
855
517
-448
-1800
577
71
1310
-1150
-135
2121
-4
1422
403
1599
121
962
-824
2104
-247
1344
-962
1697
1166
-578
-797
965
31
228
720
847
-147
-545
-179
1072
-327
215
-798
1267
-289
254
-122
585
13
-1458
595
-850
1038
-342
-1184
672
-756
-507
-598
-112
-919
-421
-438
-3039
239
1395
-767
1688
1138
-34
-313
947
-681
1461
-371
-276
256
-806
1793
-770
837
683
1698
-588
-490
-897
-1187
940
-241
1337
-943
443
-462
-1294
318
-44
1168
-254
-1239
-2135
180
-1441
1248
-1986
-684
-277
915
2199
-52
-758
999
2495
-796
720
1131
-119
-727
260
-338
-941
-1448
-324
1006
-296
-1299
-168
1068
754
-1011
11
-641
196
489
-230
-876
-1807
-717
991
-81
1997
-1002
-4
248
223
-1150
-999
985
-1110
2417
757
-250
456
125
191
839
-283
837
42
817
774
-1675
639
-9
304
-636
190
401
1124
-2220
237
-917
-370
-1121
-2354
-392
-295
653
-13
-1119
1197
-735
520
-431
-128
678
-205
18
-143
255
-633
124
-758
-965
565
-750
1398
-42
-379
-596
1415
-350
-970
946
-1032
1658
1528
-91
40
1079
-1380
422
1168
1503
1252
-119
-704
-1498
442
-41
17
-223
-992
971
-518
586
-643
-1488
1487
406
662
-105
1892
-528
-540
313
-289
121
1358
773
114
296
310
-140
294
47
-1167
-1060
-1660
941
-343
818
15
-1054
580
436
607
767
-1419
1123
815
-201
1008
-483
-1074
826
-404
229
-626
1394
-512
883
898
-114
-564
-129
152
959
-15
-340
-1382
-959
398
-708
327
-504
1305
1185
829
-1259
-1494
120
-994
352
-338
529
308
845
-826
857
753
1380
1454
247
-604
369
780
1087
-195
-564
318
-247
2153
-202
62
-838
408
-778
-945
1248
-374
2039
100
133
520
-129
-1968
1180
-864
-528
-891
-1590
-1237
-1085
96
704
-91
1423
333
788
-1086
1010
979
-68
-613
-774
578
-1014
-432
-630
59
-267
97
-76
126
2472
-1211
-1822
-224
1754
-149
-1191
981
1386
-769
2108
-2120
306
-1213
1303
83
709
952
163
19
471
-628
219
-109
-1990
-1272
323
-56
1262
197
450
290
-159
769
32
136
2752
414
-181
622
-1688
994
-423
1018
1237
-919
786
-123
1131
-747
-295
-364
-1204
1058
-631
1308
-2302
-494
164
874
-1007
1453
-440
199
2430
1216
-945
1532
890
-971
1839
-637
608
428
-16
-1369
-438
406
427
298
-976
886
269
326
237
-919
489
-960
-1357
611
1539
-11
1604
1648
563
106
861
619
-1135
480
-899
464
-431
103
-423
349
463
378
1640
768
1308
1140
561
-554
694
857
-339
347
-220
301
351
-679
-898
2268
-299
-23
59
773
994
-468
-347
-2631
612
845
-475
662
-891
107
1081
1193
608
-25
-945
1719
405
226
669
374
298
877
831
636
339
199
-2043
1128
-229
161
330
-455
573
-472
-1500
-446
-238
566
1268
-607
-555
-383
425
18
454
1105
207
-1281
-388
244
515
1085
-15
518
-81
1063
-1123
-1268
2531
-1258
428
-1243
1719
130
1328
469
164
-656
1610
-1205
1152
-383
292
-1578
932
-191
-550
-1448
-957
2641
-896
488
2
196
2424
530
-1416
-1710
-16
-1402
403
1480
-473
-1364
-542
-1381
-706
322
-2014
262
561
-658
494
-118
27
779
848
457
1992
-958
1575
-3
-1022
672
-759
519
452
-528
-266
-508
-419
-455
26
37
995
873
442
1023
1130
-1388
-1515
-1038
491
-2664
1318
669
322
915
318
-1794
-970
943
-284
80
-1281
-620
2564
876
-969
340
-1484
-51
-786
-460
-1508
-744
-677
-315
-987
1053
163
-879
-1145
864
-1368
902
503
2352
1173
721
215
-200
-414
-594
1228
-1044
879
-629
-1024
-266
495
-971
-540
660
101
-984
-984
13
-173
243
1951
-3519
262
-892
-64
1863
1215
1998
-946
1337
-24
964
-108
828
290
-640
262
1679
99
1163
339
-2401
887
-504
-677
-1110
-897
-950
1700
1076
-973
692
-556
-558
-614
453
-858
306
540
312
551
-452
517
-132
420
709
1208
-33
644
-105
-1258
-345
130
-147
-1176
-960
-163
2355
1013
1620
60
2116
-1312
-1941
786
-204
-306
-1660
1981
-948
-217
106
-1693
-963
282
-364
358
-440
358
244
-1848
2121
-69
1848
793
1001
1108
-1962
1159
-1092
294
-1303
-576
-993
-1020
-931
1418
-271
-1101
-735
-811
-1055
68
-97
-420
-192
-1376
-425
-804
1154
1124
87
571
-932
322
649
-469
175
-859
-233
714
-978
-2186
-439
-678
196
624
1077
201
72
-2652
-838
614
79
-81
-699
857
382
9
549
1547
34
800
317
627
-1682
1567
971
-911
467
569
-2560
-498
-848
600
-128
1772
-962
1020
-400
-127
2010
2039
1343
-234
131
1996
1620
428
196
1194
628
-30
-1154
-49
657
-728
622
-691
176
1287
13
-345
771
69
-995
-699
-1116
-144
428
71
437
88
49
-632
-800
427
43
663
-104
505
747
927
1012
-178
-1355
249
-405
1349
-309
-65
-1796
356
-645
-602
-672
18
875
1854
1267
-216
718
-819
1812
155
-1534
516
-122
-143
870
734
-2401
-8
3279
1400
1134
743
-857
-714
-187
-438
-80
-192
-223
1004
-747
895
1037
55
1163
626
2319
-745
-1227
1060
505
-701
-186
1494
1210
-1402
-575
-794
954
-598
-303
134
-1232
319
-479
633
174
1322
-335
588
151
446
154
-114
18
-178
-257
348
1971
944
2240
-870
2067
2020
602
737
595
762
1089
339
250
980
-1011
18
597
-1053
191
792
-15
-549
-198
1200
1462
-1231
-14
581
764
27
3305
986
1880
-247
1052
-227
-762
231
-627
864
-1384
-307
330
1844
96
260
197
-169
159
-1837
238
-40
-844
810
-991
738
1571
21
-1208
770
-1155
1453
-1135
-1528
183
52
238
-38
971
205
-670
-71
-1630
-5
-1141
-889
-394
-718
735
3782
-472
741
676
966
-168
227
-370
-1580
-268
-1917
72
-658
650
445
-42
853
404
-1338
69
-2569
60
129
-545
1055
612
44
1046
-554
202
498
1030
-340
-1322
-734
-945
114
-257
-602
-8
117
-525
-135
1194
1164
1520
281
1045
-895
385
1589
-816
-773
5
1023
572
1097
-578
263
2773
-1169
-156
2189
1192
-1391
2143
-1497
-1083
753
798
1304
123
2242
1237
292
-500
-1412
1043
605
-442
60
-451
1165
-1225
-709
-586
1053
482
678
-2771
827
327
-340
637
1012
31
-229
-1113
767
2
-1112
704
1012
-256
836
-2478
940
1818
1377
-399
-2202
-851
21
-287
1193
-2030
-25
-1089
-228
1849
-813
1042
754
571
-585
532
-331
375
912
2217
-1539
411
-835
1176
1014
-439
1675
384
-1098
689
-446
279
204
1949
-1541
714
1326
510
1167
-1518
843
2661
687
-1226
-286
-527
-1667
1245
-1405
-171
-310
-543
-196
2914
337
357
1864
-698
-1243
-1106
-1481
-568
-42
-439
-619
1362
829
-416
1407
170
687
970
-246
-692
-2234
64
-1908
350
856
1171
877
796
459
2424
-1726
-349
1381
1107
-1250
448
266
71
-466
-1497
-484
-368
216
436
-1342
90
-241
-769
5
1211
507
-44
-252
948
1529
416
2186
-746
-1162
-474
718
-1536
735
-1751
-222
43
-165
547
1585
876
-588
12
-941
-237
-2304
1044
-46
715
-313
1260
403
-82
-959
514
-305
-113
-1129
38
599
-684
394
806
1218
-52
-851
-2387
-988
141
-739
90
-256
941
-685
677
-1131
342
-112
-911
-560
-714
-118
1604
-696
526
464
1403
961
-908
692
-377
-3
-56
214
914
277
-106
-1220
-355
627
959
119
-532
1027
340
-55
-358
-1616
-1027
644
-353
-103
475
-532
134
790
-1800
1213
-1219
-171
658
-1060
-24
-375
-129
940
-585
-140
425
112
-571
68
-537
-1119
-803
-45
436
227
-951
-369
-341
723
255
224
-1043
43
1168
-579
216
-1797
-1964
1181
-1264
-763
431
-1594
1893
-747
999
-231
512
277
427
421
859
-276
-95
417
121
-820
1916
-749
-1865
1029
-11
-993
4
1569
1627
-739
-468
-816
-2041
941
-231
-729
-222
554
-1015
1515
1162
-1245
-797
-953
794
603
537
-1230
1889
-728
-1064
364
529
232
-616
0
1670
-479
2273
719
163
-1312
-1021
1735
-824
555
-1166
1406
232
-655
-832
-8
-500
840
1533
7
630
-472
-441
-297
-1183
-934
568
71
-1123
153
-112
2329
383
342
1438
3695
432
1234
-347
930
-271
837
488
-529
-353
1676
-106
1036
1325
156
-2132
86
-1251
-656
1058
780
-33
-815
241
-165
1087
-285
-950
-1977
177
2598
-447
520
4192
-963
537
30
-706
-380
542
-830
-1643
-722
-1386
-607
193
-2840
-200
308
613
-170
-1109
1165
-559
1183
-227
946
-250
355
1108
-195
-816
-481
-549
850
-589
-218
-5
-1693
899
194
158
1165
-105
65
1040
1033
1588
-1150
-289
-1967
-2204
-889
408
223
-332
1767
233
973
-701
-523
-62
-402
-2352
179
1042
1352
1865
-21
-1290
-1250
-2120
246
908
-589
313
-1683
-48
2100
-1170
-101
555
-1470
-1146
526
244
697
579
-666
1512
1912
196
554
-723
-388
-132
-922
631
-618
936
596
177
-361
-1900
785
-942
-228
601
534
-323
-164
2854
1039
-1754
1543
663
-431
583
-909
734
355
-146
-1472
-729
-1860
-249
2546
168
-132
-420
-649
-1483
-986
57
-761
1327
-211
-322
337
682
-1392
1347
-324
490
1054
-223
1998
1210
-739
670
873
1074
-146
-342
681
858
-935
168
878
241
-835
-112
1121
-415
260
-388
-850
-366
-1921
-189
446
1425
-1376
-126
-474
296
-1520
-346
-35
1857
1313
-946
-1415
-624
-859
-2895
2360
520
-685
-678
140
2208
-1416
-1031
-16
-433
305
659
1685
602
795
-703
-457
1053
529
-6
-1379
643
-261
-26
-180
1740
-1226
-426
-700
-511
1186
-1275
-1723
295
-742
528
-369
518
13
1266
-256
-544
-499
-499
455
500
1421
566
-160
-60
-55
336
15
-306
-971
2319
418
-493
1027
-619
-1438
-339
870
632
-2257
74
1134
339
-67
300
568
882
-38
102
650
1000
1732
-1153
-849
-354
573
608
-1044
-472
493
-11
-279
1374
-914
-1135
-1370
588
-501
1191
-48
112
-2024
-3172
338
229
-460
-110
-759
-81
700
-103
1185
-1235
-395
-420
634
447
1150
-871
1433
-37
-641
979
568
156
-2201
-896
527
1130
852
-1041
47
-764
564
-278
1000
231
12
-1766
479
-1231
603
1063
-1116
-317
-824
-2109
-5
857
526
1857
-1125
512
-339
1436
-37
826
281
-213
36
-201
1297
-64
-1040
225
-545
-1529
1275
430
381
-774
799
-465
-885
-957
-1676
595
91
1799
1928
-2432
-349
116
-357
-1170
-371
-1072
1154
2186
-1084
1812
-1728
370
1627
-1176
-1373
210
-290
-369
646
-385
604
-384
-1408
-1035
199
-1064
-17
-790
81
515
930
592
-802
1731
55
-1262
417
-127
-991
334
2492
-212
-266
1412
-707
249
8
-725
-1432
196
340
-563
-455
760
468
418
460
-1009
-675
-2612
-963
602
303
-1195
-704
923
406
361
748
1015
90
793
-1058
716
284
759
607
-815
246
-87
1925
2465
-1849
42
1595
346
118
-478
451
-574
-51
1407
-222
401
-1896
-166
309
892
-388
1554
2459
459
773
3
1786
1957
239
939
-449
711
1959
492
1000
-974
-22
-549
-1402
-322
-303
172
190
155
-313
-1841
-3095
1570
453
-381
611
269
753
-1049
-816
-1046
-253
365
581
-57
-1071
558
-669
738
-889
-197
-631
-294
-21
358
-740
-3384
-166
-1713
-796
-257
368
536
713
-496
-538
722
-787
-722
972
-660
836
234
-665
1455
1301
1606
635
289
-862
-1362
-569
-728
-825
-1033
1060
-64
1070
98
-169
-1217
-1643
1943
891
-586
518
552
168
283
712
466
-893
-1
-1770
-1311
525
255
330
719
-1219
-1372
119
85
-1462
-1011
916
337
-521
360
-1476
783
-152
572
-642
-804
-31
-147
2097
-85
98
-11
1916
-348
-909
-1266
786
134
59
-1565
-1390
1136
-818
-261
416
-509
-2101
-767
91
529
1661
-2627
561
-359
-1144
232
-535
367
-246
19
-181
-1499
226
-892
-116
85
626
-403
2310
-662
-1143
1139
-1715
-448
-304
130
-1241
-1160
-1678
-335
1065
-1499
-1724
-287
-410
611
-937
-2305
329
27
-1151
-1455
1857
-899
266
561
1503
-266
-497
-698
-128
187
-848
-380
654
47
-467
264
899
827
-539
56
1187
1510
995
-441
383
-191
242
569
397
455
98
-332
2256
-919
-689
1218
2506
1865
-524
1590
-2614
561
1010
-160
892
843
-2099
152
-168
689
657
-296
342
152
2
-174
77
-216
361
-2658
-11
-244
318
1278
1653
223
-263
1544
0
4
906
1820
-367
-264
1575
-92
1521
-1345
1217
-1022
238
1004
2154
584
-450
-291
554
-549
-530
16
716
-238
-1497
619
318
-1271
-325
867
-1261
76
-290
512
958
-1080
-466
-1193
421
431
804
-393
-43
-203
761
-13
-1054
-1199
-1383
-28
-398
-752
-1479
1133
305
-2552
753
172
-1293
200
-599
-1277
648
686
-734
690
1306
-1776
407
-197
242
748
782
93
-1669
-687
-415
812
39
-1807
-1852
1321
-963
-788
47
16
719
-709
-358
55
-1533
-943
-2162
-880
-57
-1819
916
1242
-166
-276
-1031
989
-797
-596
1316
1207
-1175
672
479
457
482
-691
-1965
1152
102
-1750
745
1065
634
168
1015
1048
-355
-1648
-684
1057
-68
852
111
337
1170
1526
892
625
470
2778
-429
-127
222
-295
767
-870
-1170
1284
-1979
1383
-104
281
323
2667
-285
1707
-1555
1016
-1357
-1334
-1126
-312
936
636
2240
-424
872
-281
-269
36
-957
1268
-641
665
385
620
-39
-1301
734
-594
-1715
-773
613
-206
-1231
866
-2176
-192
-1943
1656
-752
482
366
-1112
-1317
-1294
-659
1383
-478
-551
-272
-1344
1426
625
181
-2329
-230
2479
635
798
850
-200
599
1196
-1384
734
-665
-984
-287
-307
-1555
1264
-1065
714
453
-896
648
1866
-1793
603
984
1033
208
-1266
2330
-762
-980
-975
-1266
1335
-455
-1185
-93
1021
429
-647
661
22
2439
-377
-1335
-358
1960
543
528
-419
-1837
-1905
242
-1011
-544
-81
-287
-178
-539
-123
-2184
-411
1861
178
1053
1591
1425
186
-224
-1408
-711
1111
-97
683
1366
-2402
952
802
-400
786
-1689
742
-2088
2522
-731
2075
-248
-1636
-1751
-513
399
-18
-1641
955
-669
233
944
833
-1146
749
-1083
-1018
1300
361
-1762
-517
-1052
970
377
-324
641
432
672
975
65
1594
-489
-827
-252
-1164
-759
1320
-1786
-714
930
-71
574
-1000
1220
219
-649
-375
-605
-349
-168
1450
-763
1823
-989
974
493
619
-563
82
547
-1916
2
267
1586
280
-284
773
-1374
-367
596
-769
-141
-408
1068
-193
-558
905
1164
-1489
3
1000
-553
407
1696
-482
677
108
2105
1067
-2503
406
851
-357
1327
-1607
-359
875
-794
2006
571
-633
-467
-1386
695
691
715
713
889
-937
1074
1670
-944
-259
-289
768
-1089
-1130
-447
-1047
678
-1057
-230
132
261
-1943
-496
-2065
-426
-1206
-393
-277
1978
669
-1164
-2020
-1403
-178
1875
337
692
321
-1238
988
32
-1154
1657
191
53
-1550
-354
1073
803
1089
-262
-1096
-1716
697
-218
-259
-479
1491
-462
312
1317
774
228
1263
-648
800
-736
-1554
-789
-1587
512
1490
2191
159
-831
-1690
-2056
-830
947
291
452
-845
-1005
8
1102
-1467
-897
-249
641
316
661
509
-1528
625
1213
229
382
-1062
363
678
1731
450
-1016
90
-1067
-733
1658
789
145
-2245
-1651
-128
-710
-595
1168
-1740
656
89
-2153
135
1111
-256
-620
-378
466
180
-1670
-180
1074
1366
-225
186
-300
-566
220
-755
-486
-990
-1201
-115
309
-1203
-502
806
343
-1766
-1463
518
-956
-302
-123
-608
-530
-1278
736
1454
-815
1070
-637
647
-839
-64
-1409
434
-1242
-642
676
960
688
1176
-186
-10
-497
-164
1243
-295
-808
-362
207
-1276
1095
-1025
2359
-567
1372
777
915
-253
989
-1465
255
-1559
807
939
788
806
49
185
1186
127
-944
2448
540
-325
761
-26
624
-786
110
-524
2253
-545
-793
-702
136
1395
3180
-347
-601
-105
-186
554
-548
71
1352
405
1678
109
1205
208
32
1201
-661
-1548
1893
-216
1519
147
-318
280
-261
244
-261
-1065
-902
330
-673
-1044
128
-85
224
-627
-1004
-759
-1429
487
-16
-341
382
-190
1233
906
-85
-1704
-652
234
2493
177
781
193
664
159
-1123
-305
-899
-554
-2284
174
-568
975
707
751
1079
515
-568
-112
-188
1176
-1440
-785
-1614
660
1184
-451
292
-254
748
-989
-1156
584
552
578
-700
1081
1039
-303
1403
708
12
1296
1716
-1274
126
-503
910
297
-178
-676
-166
-684
-1088
-1241
742
2312
1259
458
-888
-521
-1146
563
-1861
-503
1284
-320
1587
-848
1194
362
-440
-1023
995
687
763
907
-506
491
296
-1451
-223
146
-1087
-945
12
-216
485
45
-2453
-429
-432
-17
-1491
5
-304
1183
1166
1882
-1127
-689
-1331
-560
367
-1301
-332
374
-2040
-2128
287
87
429
-353
1479
919
-443
555
-730
705
-1539
-509
-729
-549
-998
-658
-500
1177
-278
1123
777
535
534
2004
1813
1475
-386
-171
1009
1210
-146
198
192
29
696
233
-327
1691
-230
330
1016
1500
-666
480
643
423
-661
866
2102
-435
-230
466
13
797
-963
76
-923
2819
-705
-923
-369
-1588
1048
-863
-167
-881
-1576
734
1373
1074
732
186
-504
28
-405
-153
202
-165
-142
-1791
-2169
-1744
714
1001
958
-2346
754
1009
886
-1419
-835
1826
-1973
-632
-569
-1407
435
-186
-826
815
-759
1381
359
-520
724
-680
-1009
1688
119
-1773
-535
1141
166
-1689
-267
-1718
-893
-311
-778
555
338
-219
29
440
1724
-1139
244
201
-2077
284
819
-802
619
-668
660
-901
1129
-1040
-472
787
-552
884
151
1401
2819
-721
-600
-869
-254
-976
1377
-1631
76
-1497
489
-325
355
-693
316
1443
1486
591
1474
-175
436
-1195
1846
-23
-735
-605
362
62
-370
-977
710
2013
-726
-2148
-326
-641
-1165
-529
-975
-347
390
-2089
-498
1559
-931
-522
-646
-1291
-1211
483
-653
1992
-1363
935
120
201
-1428
2353
-1573
-449
430
1566
1227
-1180
403
-301
-539
961
-256
1142
1893
794
668
-785
427
-1044
824
-1593
157
-1032
1158
707
-1665
-1107
628
-905
641
748
6
-911
-987
1287
-336
389
325
1024
-1173
-335
-1480
319
576
853
-1285
116
-1054
-636
-859
1819
-511
537
-1267
271
1956
377
774
-398
-1361
1480
-256
-184
438
78
-849
209
-999
243
-1497
641
-2278
491
393
451
713
-29
807
-108
929
-566
2391
-690
321
-1621
26
1937
1036
-600
77
-581
-939
1143
-7
-309
-700
-163
566
-1002
-216
-887
391
-340
-523
821
448
98
130
118
973
423
72
-1280
995
-1762
1251
596
-882
-938
138
212
-1140
625
-244
1308
2095
-343
979
1149
-1171
250
1518
190
1824
143
901
780
1463
-184
-448
-987
-99
-1378
-299
210
-275
-29
587
-1166
-907
-1558
294
218
-1524
982
487
713
28
1467
-1596
-620
-939
-246
-475
-86
-830
888
582
1220
-189
-1498
-1990
-1213
1444
-2513
-379
975
-333
-427
1389
600
899
-1388
6
591
1378
-85
-1168
1212
-2328
1454
295
207
1215
486
-298
352
-363
1070
-506
-1529
-180
273
-274
-47
920
695
673
566
86
1010
-2028
516
1070
1217
-639
591
-918
-393
1810
342
-1883
802
1119
-432
-872
555
1737
1080
89
1199
204
463
-154
648
-177
-304
1678
501
1059
-226
-28
1157
-2584
890
-761
-498
-1402
-938
961
-1498
693
829
-504
167
-246
2263
774
-1011
293
-468
-2082
871
-16
417
172
-315
1082
-242
-565
1322
217
-301
300
1721
261
-240
157
-1146
330
-1516
-1146
-77
207
1036
1623
-1360
124
482
92
2231
-1287
485
-361
-2252
-552
586
696
-1011
54
1555
616
247
667
373
-867
916
-223
325
1056
1467
-966
-1866
-1354
-592
1701
49
-1390
642
-1080
-662
-443
-597
993
-1632
-1895
989
-800
-3233
-962
734
-961
434
-972
-14
-2242
1390
394
-30
-985
17
-3239
645
986
-884
157
-1928
-1378
710
-281
-256
1060
200
574
738
-517
-1073
408
169
-247
-544
-206
151
1291
1031
418
-1520
-205
-1246
624
-1678
-110
350
374
952
-609
623
-822
-448
1393
719
-673
300
-48
-88
-2073
-598
1646
1888
717
1174
-1864
-960
347
-265
376
180
689
1287
-497
519
-602
-1445
-553
1464
-1122
-1241
-1369
770
712
349
1820
-132
-978
667
-543
623
-301
2904
3
746
977
1343
1231
1357
-95
-756
108
-186
-1598
522
-302
-1637
-9
790
-537
1059
814
386
652
1743
-762
734
-941
-1471
-527
228
-128
-658
-1666
495
145
-934
-430
-520
-125
-353
188
-1135
-983
311
-306
-1929
-1073
-1364
-195
28
281
-712
516
-1129
457
-627
-198
219
-1522
118
541
-334
-410
0
-174
-406
-833
617
-1449
716
47
-581
-170
1124
-2375
-943
803
851
-562
1043
-425
-223
754
266
951
-180
-668
-891
-209
-405
1381
-1465
820
630
45
-565
-631
572
590
-160
1315
148
-514
-487
33
-459
-102
1178
-1813
428
255
113
1375
-380
319
94
-2062
761
144
161
-1349
362
1401
-44
-1703
-493
798
-420
419
95
1268
-473
-162
-762
1200
-367
-580
48
1139
708
-929
-682
-2099
-555
132
1137
244
-603
-733
-1403
-641
34
1100
425
1137
20
-192
568
498
-403
-142
1692
73
658
376
1508
-289
811
1221
1448
744
714
416
947
371
-504
1284
718
-590
240
165
2922
259
-380
102
121
440
-416
-134
-136
820
-828
-20
-1083
227
-846
314
126
-420
675
457
-328
-458
1108
-997
-709
-713
-1197
-576
1631
504
367
432
-10
-1257
714
-70
-239
564
-398
-918
-438
536
-1324
632
-232
-94
1660
-424
-1074
301
251
100
835
98
-1830
-1581
-1165
1427
293
458
-3
-20
-952
1075
-1506
875
668
639
-539
-1244
-2244
4
-498
-2354
912
-699
-444
558
1290
1120
1452
9
-707
2563
645
1054
755
-951
202
-1981
-84
-518
121
38
430
1806
195
-1347
-362
318
-1144
464
1296
523
-490
-807
1114
1024
-681
218
140
-2404
-19
-1753
62
-620
262
1186
1410
994
722
1140
135
988
-639
1252
-145
-409
-1487
410
199
-804
-102
1365
1302
-187
-1417
-813
-284
-545
642
-808
20
-630
266
1792
504
485
888
-320
-895
1068
-675
780
-1073
127
1114
452
-918
2790
1708
487
420
50
674
-1051
808
-718
-887
-1622
1936
-827
-401
586
-967
-677
1269
662
739
-822
899
-631
70
670
70
-14
-1074
-10
-2201
366
-994
48
-338
-248
-1002
-574
-487
-412
1164
-1170
-1609
-89
-1148
-31
1042
423
-2089
1818
-1185
1452
316
458
-1067
1290
100
-337
1019
-282
103
584
-1491
-246
-520
-79
-1059
445
-1241
-289
240
81
-348
-226
-827
-1238
-477
846
-858
269
189
1389
-196
-1074
721
16
1583
-245
-1493
37
695
-88
187
-1095
-61
-190
153
-636
652
438
1232
139
-1756
473
-39
-221
-1563
1967
-176
724
55
1006
-66
-108
114
-6
1405
241
-1311
-271
219
385
-1368
-165
-505
-1294
-765
-41
-598
-1633
-2655
1732
380
601
-208
707
-475
515
909
-1020
1968
1016
868
2125
-716
-1417
455
1045
101
-1042
-940
-595
-564
38
-638
2569
-593
-880
652
780
-583
68
966
-1261
30
-812
209
-1853
557
7
-507
951
-2289
-341
152
-991
-1504
132
-1422
-612
-823
323
222
-187
1094
-839
519
1800
-410
-1135
-561
-171
-1466
1615
-1148
-392
516
138
-600
-587
2315
-349
-1309
538
1915
717
-602
1922
632
1519
-571
-1462
702
-264
305
-781
122
-506
-61
143
-1855
190
640
-1021
-539
1336
1244
-529
326
-1859
-1239
-1040
131
-427
-117
1237
-159
2428
1274
225
-569
302
1604
421
720
392
377
503
691
317
1397
-1412
-364
562
-269
1239
-1807
-1495
-985
515
-139
650
-19
-437
27
-638
-507
452
-963
-364
-1453
-1674
1279
-1041
1265
-626
-34
-321
-341
-348
-1916
585
-1315
195
-833
1217
607
479
-1393
186
248
-89
-729
-39
79
-268
1220
317
1370
466
-77
-1267
-1791
-1052
-563
-295
-111
149
-1259
563
777
-2004
-425
1333
522
-344
600
-309
378
2238
-492
-670
3085
-268
753
454
-755
-1150
1083
-574
-1324
-412
-1434
243
-794
923
-1148
1827
1220
-189
-317
-888
-1018
-279
50
-931
76
-163
150
1258
412
911
1968
80
400
-1227
1234
-301
-488
-1316
-1590
589
316
-444
-161
-594
-111
251
1019
471
-2547
1277
-500
-614
-1875
-512
473
-1371
93
-743
256
-1110
-2531
60
-1560
-286
1150
953
-1245
1986
338
975
859
-361
-425
-1184
130
-15
2191
-2277
-1008
799
-362
-868
2108
2142
-761
1769
1262
154
149
1689
552
-379
967
-1367
-153
-2641
-769
-353
-1030
-1262
495
-923
-1378
169
1266
2069
683
126
-833
-596
763
435
-166
-529
-2330
-269
-1462
-49
-810
165
1897
-905
1419
-421
-203
-29
-44
191
469
1243
-1559
-865
922
-162
-1141
161
1135
344
3
430
817
-496
-1658
1663
179
281
1319
-460
-1225
-1005
829
-892
-317
1117
757
-1119
2281
274
-2135
-507
307
160
1986
-45
-521
-1204
-674
1845
-726
296
916
-1232
1243
-1662
-1148
-2448
-1062
1516
841
1108
1209
676
-207
-225
889
213
2047
3785
897
77
-1168
321
952
-1647
115
252
4
-799
-846
1501
-208
-2713
1683
-1098
395
468
-1996
-856
267
1131
204
1384
-1613
803
-1194
774
-1496
-481
-233
-300
583
-1616
1278
1061
920
-692
828
-118
-378
-609
529
-669
-713
711
-492
529
920
603
-1033
-154
-1004
963
-786
988
-1100
1141
583
1057
741
1322
12
828
1045
516
-2069
114
179
1815
-1326
1154
-534
-917
-123
-92
155
-1842
-482
-1494
-276
-465
30
-39
-37
-1162
-251
2003
1111
660
512
-492
-316
-1035
391
453
-1535
598
25
717
-1135
-1383
-181
-1844
-1212
-896
-409
-1119
161
-150
-782
-464
812
1757
1118
2048
1249
1380
1205
-77
-839
126
-9
-1326
1043
-1248
-467
625
1016
-984
73
-41
1002
-734
-166
-744
-288
445
-508
1825
-901
-1147
348
-740
-224
-697
1991
-215
209
748
1622
-490
-621
871
319
-537
1210
-66
-628
-819
-317
-1136
619
904
851
197
115
-189
468
-626
-457
243
-654
-507
-152
263
856
362
-794
-1786
-542
-1702
-2121
1853
1965
1005
-1381
837
-1978
-322
-294
542
-308
-1607
1299
-374
-581
-804
-402
-778
749
625
-444
-1347
-1058
-950
-763
445
1357
1392
-120
2079
-138
568
761
-162
-593
403
-1044
-481
148
-1389
-1292
-319
910
353
-1631
-257
179
471
629
632
-1586
1107
-602
661
882
1254
882
-1651
-130
436
-1357
417
377
-1096
-91
-369
1843
-2457
-1196
423
424
1221
602
774
-719
268
-579
-1042
-527
-839
-563
-1002
296
-920
-838
267
-1607
173
-563
-507
-811
-531
-158
306
588
812
1109
-392
-712
1781
569
-563
-530
-792
-1049
-1774
481
-254
-309
174
38
-1622
-470
-320
112
628
5
-1261
-1255
-142
182
-613
2352
-357
1217
687
-965
-538
-581
827
1465
-1299
-393
-1151
944
-2292
-2463
-839
441
616
-426
-569
-275
-826
-1443
-887
159
441
-1003
-610
497
207
585
-753
293
258
864
-960
-970
-842
23
-1326
236
136
223
-228
158
-614
-259
-286
672
592
-1415
296
542
-544
-75
-1053
-967
585
416
366
630
-1157
-346
-200
1371
-820
401
1222
-1531
-333
1380
1046
-344
-358
420
-698
254
590
-796
1095
255
-218
1740
-1541
1301
381
-824
-13
-209
-2170
-944
-579
132
-12
88
-126
427
101
-146
111
-1612
59
-875
826
-1157
329
-387
1271
1832
-1255
1685
-541
-1359
-1738
475
148
-939
949
-63
-572
-739
-580
-306
2446
-178
-994
-244
-197
472
-8
327
-281
-39
-1127
481
-626
-104
28
-670
-806
1092
-124
-41
-94
779
1188
-1837
-173
-926
1026
-1547
-237
-532
-1196
-1279
-1306
611
-1443
-1314
2981
544
-1410
-846
366
1648
-260
-449
-2014
496
411
279
-718
686
4
-689
-647
-276
-766
-1164
-842
2386
920
823
2424
-1790
-21
-292
-262
-650
-343
1296
-1081
-609
257
-885
731
-170
-743
468
-2300
475
-485
-700
-614
-596
421
-702
-396
278
454
-362
-1356
-643
-416
756
-607
-446
98
620
-202
-77
-1654
1296
-367
-568
1977
308
1156
-101
-1345
1698
-371
-856
649
649
495
-512
-761
139
-166
1559
-255
-173
1485
1552
-572
1084
-397
1397
1842
1717
-37
-443
-906
-310
-1048
244
828
-1898
1225
-642
-1890
107
968
-1398
-1643
-304
355
-2290
-48
543
-853
-1228
-1899
636
-726
-54
-424
300
817
1572
-1276
-833
620
617
-47
750
-244
685
984
1178
-337
-1201
-297
-754
-1123
-30
984
-1195
367
861
-205
-2114
-245
-808
715
-1524
836
59
1538
-778
-1067
-815
-342
578
-1031
-848
-527
818
-532
-1596
-840
495
501
-1985
460
-1854
817
469
-563
875
-336
1099
-1089
-1928
-1142
525
1009
-285
717
1238
710
-324
1277
-452
-535
-480
-1233
69
-1998
762
1360
309
1560
1896
-770
1211
-2145
49
327
-2216
-600
-2586
-1647
1590
331
-435
-531
84
-105
1241
-1505
1387
1164
276
992
-169
-69
160
-2232
1442
-216
-748
-1879
-300
1849
1798
71
-620
561
75
608
-906
-325
-241
-1554
1314
-115
941
1389
1437
-2361
-1052
-337
125
969
957
-906
131
667
729
-1076
1611
-749
-1549
661
-362
87
-1718
239
-438
501
-1456
-1712
-637
149
503
452
885
822
312
2350
-142
-1393
-671
149
-432
-831
-1290
-1090
35
-165
-1288
-870
728
635
374
-779
267
-2222
529
-672
-184
467
1104
-1379
-741
-856
-573
154
-381
-1293
22
-547
82
-1295
2521
206
400
-728
-498
-728
303
67
-2036
-834
601
446
164
-888
200
1049
975
654
-195
-254
582
1407
334
-132
-182
-601
-92
-849
35
1455
1169
810
57
1203
-366
533
-93
-209
-535
544
-273
172
734
213
-1327
-143
-512
777
-943
945
18
469
-152
-70
838
1040
-866
133
-924
1136
-567
-1071
-386
1106
-1288
273
1408
-1924
-389
1318
43
-2280
669
-355
-782
636
-67
2298
614
1252
-486
1762
1445
1566
-431
202
488
809
-1029
457
434
-845
-133
-977
-283
-221
841
779
1770
-1385
-80
-1302
-247
375
2169
1064
1379
682
652
2225
-405
669
265
151
1695
2500
-1890
-1711
-277
-392
-207
-1077
-1092
-630
281
-580
436
-1045
-1654
-620
-79
2062
640
-551
-1189
-505
-123
334
-665
992
-612
80
-164
-40
1116
731
-590
-1515
28
-157
-641
-110
-701
1660
160
-267
-1181
744
-1458
1874
-628
-2247
-2649
554
-1335
1028
1223
214
-752
794
-870
1474
784
1030
-10
-117
999
-505
-548
-785
574
668
458
240
789
942
-982
1981
310
-732
-1334
-387
1332
56
-2071
-1126
447
830
718
-590
-737
-1
1518
1007
-1500
110
1255
495
715
494
740
548
-1438
827
-1381
486
157
386
-1034
-2430
-225
-204
267
-332
994
-970
1512
-1300
44
-379
-241
-32
-35
-498
-30
628
1029
25
200
-51
484
1771
-542
-1674
-456
-19
611
-2830
1815
1507
1898
-235
331
642
-773
-177
-1942
-76
1491
1766
1712
-283
-968
-285
804
917
-323
-1658
2287
92
-406
-755
-602
-2384
996
991
341
-507
364
-641
-54
-2805
-525
-1752
624
827
580
-22
-705
1796
388
-2140
324
859
-984
-531
-442
591
-453
97
-1440
-764
-847
-1194
-1677
535
-333
-307
-314
1125
-675
1890
68
-1511
1391
-201
816
-62
831
-642
940
1663
-452
1355
80
2937
352
1905
-1273
62
648
333
796
785
14
-2176
1355
1405
644
-1715
1972
-421
1425
-700
151
658
15
-1463
-270
1653
1258
411
-1369
732
2078
-264
-205
1098
1062
-655
-1028
1409
1090
-408
935
2090
-558
-153
1489
1003
241
-222
224
345
-193
-1196
218
1159
763
-399
281
-1196
1594
1272
641
-967
-370
474
-35
1401
-1537
-586
674
601
-929
175
-401
-785
947
287
668
2345
-1364
-392
756
-365
441
-797
964
-613
-2757
1490
-563
404
-664
860
412
2340
438
-1258
1677
-160
1249
305
319
-452
-631
244
-262
-1646
-362
1150
-263
359
-103
-166
-84
-745
776
667
583
1129
-208
-1376
1342
463
354
-427
371
-1034
-204
663
-742
143
373
-708
1049
-263
-332
1368
-1610
-1147
862
-1282
-505
-256
1654
-335
55
140
161
-896
-450
-2198
-475
2445
802
707
1862
1101
92
1632
527
-644
-1407
-865
-665
-450
-1288
266
157
407
61
-215
1350
-373
-693
221
-770
-650
584
97
1015
1664
996
-755
-330
-846
-18
-271
-1936
-2020
624
-627
-838
-2432
-763
-958
-1262
-575
237
309
-633
-1509
-508
967
-1238
332
88
-959
-893
-893
-256
1244
496
-179
796
-906
2069
58
-434
1328
-208
-39
1120
670
-1358
-1482
2300
-953
-739
1135
490
477
1095
-491
497
-1362
435
1323
-753
286
1004
-32
-615
405
-446
93
-1673
92
-1064
-459
815
1053
2664
156
129
570
374
67
991
1174
-346
-1018
-756
-88
166
495
-710
-980
-283
-1718
-1417
-661
205
109
-55
7
1530
1661
987
918
485
227
548
-509
805
-786
-88
-104
-267
-468
1467
599
1635
-335
-1484
132
-62
364
661
-3047
-1594
-56
-454
-987
-903
402
1300
-844
-351
1058
368
-283
421
-447
745
-990
-1957
180
-839
636
-55
930
957
1830
-1360
-1060
-174
-2010
-84
-56
401
1578
-661
-598
-726
918
295
-767
1261
290
-505
-2008
956
-595
-863
-1014
835
-303
-337
1353
647
314
291
-1030
