462
897
1188
2446
2151
2546
1015
1858
881
839
-462
1687
691
2755
2180
3155
2089
1848
2155
920
-444
-678
78
-295
864
1262
1957
2622
2658
1591
1811
507
1414
879
435
512
-136
-1861
-1853
-19
-83
-925
-1493
-1645
-1577
-869
-1101
-1784
-868
-19
1591
1932
236
576
380
737
1114
335
801
-92
-16
1696
1024
1217
1479
1379
862
1103
2291
2794
2216
2128
1588
3386
3659
4738
6387
5373
4562
2969
2242
2792
1587
1218
1937
1238
1084
702
385
197
972
1782
1526
2472
2203
33
-397
-1423
-3609
-2926
-4750
-4039
-3474
-4398
-4286
-7683
-7914
-8869
-7492
-6645
-5497
-5942
-7152
-7217
-5477
-6003
-5972
-7147
-8168
-10081
-9726
-12037
-12674
-13191
-11973
-10800
-11029
-10250
-10031
-10103
-9157
-10217
-10504
-11270
-8962
-7281
-8732
-7951
-7422
-6728
-5779
-5996
-6000
-7322
-7495
-6990
-6363
-4772
-4910
-4660
-4634
-5293
-5454
-5211
-4543
-4420
-4291
-4556
-3180
-1608
-283
480
660
-870
29
441
486
1936
3365
4631
4382
4648
4580
4460
5361
3051
921
1430
321
137
539
2155
3100
1283
828
2031
2436
1890
1634
1477
839
-642
-1158
146
1614
2381
3020
4914
2413
851
-115
-388
-44
388
235
-1378
-1445
-765
-481
765
-1556
-2105
-3295
-1793
-3818
-2740
-2752
-2285
-2523
-1281
-438
-415
-469
-2019
-1084
-169
-61
512
1494
2550
2847
2119
813
620
999
202
-51
1138
2799
1266
-986
1115
1080
346
1998
-633
-67
-522
-1474
-881
-1612
-1519
-279
409
1805
1642
2356
1544
240
423
1168
1101
3645
3579
4120
1653
-258
858
-276
198
1305
942
-729
-2432
-1162
865
-1863
-1743
-1779
-2792
-3078
-3281
-3211
-2755
-5470
-5150
-4633
-4962
-3976
-3692
-1936
-3389
-3597
-1638
-2158
-3383
-3111
-2316
-2608
-4048
-4115
-3126
-2516
-4011
-3360
-2939
-2733
-2111
-1670
-1551
-1756
-2633
-3222
-3599
-5063
-4551
-4247
-2781
-3552
-1976
-2439
-2264
-1710
-1678
-2335
-2720
-2302
-2291
841
1345
657
2940
3352
2555
3479
3283
4672
3020
2969
2096
1117
1034
1601
-178
-67
-826
-1025
-1602
-2454
-1451
-46
-263
598
797
2579
1614
924
-426
-190
-1321
-2184
-1990
-3368
-2990
-3911
-2103
-1248
-2423
-2605
-2167
-2829
-4523
-5647
-6172
-7712
-7283
-6387
-4981
-6335
-6142
-6561
-7585
-9979
-9966
-10563
-11284
-10692
-11422
-10093
-11066
-11386
-11519
-12223
-13024
-11769
-12089
-11772
-10676
-10333
-10541
-10242
-11658
-11526
-11144
-13168
-13909
-14167
-14820
-14746
-13902
-12292
-13436
-11668
-11671
-11478
-11723
-11659
-10055
-11440
-11542
-11037
-11746
-12154
-10365
-9362
-9668
-9170
-9678
-10005
-9660
-7870
-7604
-6827
-6862
-7791
-6516
-7231
-6547
-7937
-8630
-8085
-7817
-8917
-7220
-6414
-5858
-7260
-8262
-8405
-8606
-8753
-8404
-7436
-7335
-8137
-9296
-9434
-9031
-7268
-6604
-6450
-6658
-5835
-5876
-5781
-5613
-6133
-5672
-5572
-6640
-7356
-6771
-5101
-5988
-4112
-4882
-5603
-4204
-3782
-3956
-5189
-3496
-3263
-4381
-4280
-4182
-3175
-3306
-2558
-2970
-2020
-3303
-2941
-3404
-2564
-2959
-2816
-1719
-1621
-1769
-1807
-849
432
374
953
909
58
-29
-818
-978
214
-144
-118
958
-39
118
-57
279
-62
1457
573
634
980
1575
1494
1006
715
453
804
-473
-852
-1019
-1514
-1408
-3128
-1713
-3047
-2792
-3761
-4267
-4461
-5654
-6362
-4812
-3705
-5700
-7857
-7860
-9974
-9718
-10199
-10707
-10979
-9925
-8554
-7926
-7235
-9795
-8024
-8451
-9670
-9871
-9030
-9813
-8981
-7315
-5555
-7030
-6892
-5763
-5492
-5326
-7096
-7107
-7222
-6866
-6649
-6465
-5937
-4635
-3394
-2858
-1534
-3109
-2803
-4200
-3335
-4381
-5033
-2906
-1601
691
1472
1336
2282
2886
2269
2601
2550
1725
1867
693
1377
1204
1610
1988
2825
2528
2041
3085
3153
5231
3141
1303
1051
512
-634
-822
494
191
1028
1967
-121
-96
-762
-2080
-3569
-4224
-3927
-3683
-6105
-7113
-8042
-8545
-8505
-8409
-8179
-7519
-6118
-6713
-5520
-4542
-4392
-4915
-5606
-5797
-7458
-7737
-6507
-6483
-6648
-7311
-7582
-6203
-6243
-5372
-6577
-6779
-5605
-5622
-5269
-6003
-6055
-6158
-6449
-6578
-6004
-5512
-4525
-4239
-3666
-3511
-2179
-2507
-1947
-1630
-671
-2249
-1432
-1978
-1036
-633
-2806
-4875
-4162
-3681
-4295
-4213
-2795
-4724
-3667
-3876
-4606
-3104
-2555
-2314
-1302
-1274
-1981
-3413
-4282
-4061
-3211
-2452
-3078
-4985
-4994
-6388
-7204
-4459
-3968
-4263
-4258
-4239
-5877
-6352
-5607
-6711
-5548
-5704
-4496
-4455
-3159
-3163
-3672
-3697
-4130
-2789
-3720
-2493
-1697
-1477
-2072
-981
-1079
-2292
-313
1046
727
1462
1502
833
1792
2603
2096
3285
4573
1652
1136
206
406
450
75
-127
-582
-627
655
545
1295
275
-227
-631
-1498
-3308
-2094
-1740
-2021
-3595
-3896
-3505
-4761
-6424
-5921
-5240
-2898
-1606
-581
-1894
-2623
-1504
-1178
-876
-1102
-1054
-1619
-1062
-1559
-1931
-1322
-439
-518
168
607
-18
596
-1109
-899
-2931
-4323
-4253
-4486
-2960
-3323
-4992
-6277
-7550
-8056
-5386
-6168
-5193
-6508
-5003
-4908
-5135
-4748
-5636
-6264
-5982
-4708
-4536
-5095
-5849
-4963
-4166
-4140
-3564
-3586
-2896
-3557
-3785
-2948
-4075
-4133
-5622
-4555
-4650
-6836
-6579
-6622
-7125
-5633
-5524
-7486
-7662
-7748
-6897
-6640
-7912
-8132
-9232
-9053
-8153
-7845
-7713
-7439
-7032
-8258
-9078
-8047
-7834
-8492
-9140
-6663
-6771
-5494
-4452
-4769
-6284
-7734
-6311
-8160
-7233
-5879
-7109
-6927
-6520
-6072
-5182
-5956
-5912
-5752
-6438
-4866
-5309
-3819
-4305
-4411
-5215
-3612
-3904
-4188
-5881
-4589
-3402
-3371
-4021
-5066
-3298
-4054
-5317
-2687
-622
1095
1353
1359
663
551
790
-174
712
1788
284
-521
-2021
-418
-1649
-2371
-4821
-5232
-6163
-8104
-8784
-9804
-7354
-6621
-6294
-5563
-5696
-7067
-7633
-4329
-4489
-4630
-4303
-3728
-4576
-4824
-5033
-3501
-3682
-4788
-2860
-1781
-1834
-1488
-995
352
-298
-518
-363
-217
999
743
1741
1856
1849
1620
1483
2260
1360
729
-525
-596
-869
-12
-80
-1051
-189
1039
1113
490
717
1023
1299
-539
-535
-1237
-300
-744
208
-1453
-1601
-1409
-1368
-2774
-3894
-3561
-4960
-4836
-5324
-4261
-5470
-5430
-5078
-4010
-3800
-4807
-3970
-4348
-3078
-4256
-4081
-4289
-3642
-4772
-3515
-2034
-2264
-4075
-4100
-5955
-6430
-7103
-8432
-7533
-8104
-7430
-7999
-7923
-6864
-6684
-6940
-6961
-6813
-5308
-5479
-4178
-4050
-4656
-3632
-4923
-5817
-6107
-6826
-7085
-7053
-7396
-6774
-7084
-6833
-6864
-8430
-7282
-6567
-5779
-6031
-7434
-7130
-6486
-7972
-8579
-7442
-6465
-6631
-8451
-7938
-8176
-7793
-8170
-8788
-9472
-8833
-6436
-7297
-5078
-4961
-5582
-7066
-7000
-7104
-6969
-6450
-6921
-6005
-5331
-5746
-6631
-6185
-5530
-5719
-5536
-5227
-6048
-4267
-5401
-4888
-5886
-3680
-3720
-6315
-4787
-4779
-3871
-3761
-3280
-2403
-2419
-3620
-2229
-2557
-3393
-2831
-3127
-4370
-5426
-4667
-5577
-6522
-6249
-4914
-3725
-2346
-3682
-3625
-6371
-6669
-7260
-6705
-6830
-7265
-7721
-8222
-8843
-7561
-7832
-7908
-7245
-7417
-7004
-7305
-7119
-6366
-6953
-8003
-7186
-7036
-6688
-8080
-7899
-7200
-5973
-5092
-4087
-6682
-7659
-6880
-7424
-7586
-7441
-6500
-7978
-6370
-7272
-9295
-8884
-7287
-7643
-6071
-5818
-4944
-5307
-5889
-5948
-5509
-6183
-6727
-7788
-7386
-7549
-6757
-6230
-6391
-5267
-6262
-6720
-7139
-6645
-7517
-7889
-7944
-8086
-7383
-6995
-7515
-7935
-7371
-7491
-6353
-6297
-7570
-8619
-9472
-11977
-10200
-9615
-9005
-9076
-8283
-9671
-10505
-12325
-12624
-12140
-11976
-12456
-11495
-10893
-10030
-10405
-8931
-9071
-10107
-10068
-10371
-9369
-11011
-11332
-11948
-10818
-11581
-12432
-13450
-13511
-14822
-12882
-12585
-13703
-14178
-14994
-14066
-14392
-14169
-14393
-15594
-16152
-16374
-16142
-16503
-18143
-19286
-18826
-19592
-18968
-20371
-22232
-18914
-16961
-17684
-17074
-16448
-17242
-17362
-17345
-17232
-15662
-15956
-16875
-18449
-18555
-18026
-17791
-16479
-16463
-14809
-15426
-14527
-14858
-15683
-17543
-17971
-17100
-16733
-15046
-15118
-14005
-14244
-13313
-12585
-13024
-13363
-12419
-11708
-10780
-9534
-11015
-10720
-10809
-11060
-11051
-10857
-12613
-11706
-12181
-10878
-10916
-11807
-13875
-12842
-13044
-11238
-9390
-10402
-10415
-11290
-9945
-11186
-9456
-10882
-11232
-10834
-9597
-9037
-8864
-8121
-8349
-8831
-10387
-10498
-9862
-9051
-9054
-8171
-9870
-8989
-10713
-11680
-12901
-13866
-15159
-15685
-15539
-15964
-14586
-15234
-13740
-14256
-12806
-14992
-15479
-15481
-16403
-15618
-14920
-15332
-14207
-13035
-12867
-11033
-11010
-10166
-10764
-12550
-12400
-12551
-11107
-11251
-11376
-12162
-11379
-11429
-12493
-11824
-12240
-10513
-10949
-11539
-12586
-10939
-11177
-10687
-10992
-13240
-13891
-14908
-14011
-15922
-17042
-16817
-17204
-16526
-16636
-16450
-15377
-16314
-16036
-16470
-14867
-16406
-16871
-15646
-13646
-12965
-14854
-13457
-12182
-12863
-12853
-12825
-10477
-8380
-7500
-7566
-8586
-7231
-8101
-8226
-7917
-6773
-5388
-6595
-7707
-7006
-5624
-6199
-5555
-6382
-7693
-8111
-7920
-8653
-9122
-9602
-8855
-8466
-9621
-9443
-9067
-9993
-10267
-9874
-10399
-11094
-10739
-9992
-10755
-8546
-7790
-9522
-9307
-8827
-8354
-7394
-6637
-5227
-4847
-4791
-4960
-4982
-5009
-4527
-5161
-6283
-5065
-4029
-5875
-4673
-3784
-4874
-4090
-3127
-3218
-3106
-1976
-877
292
207
-206
1223
561
906
-1185
-1981
-3803
-4092
-4588
-4283
-6330
-7443
-8312
-8392
-9022
-8517
-10012
-9137
-10536
-9395
-11103
-11649
-12449
-12482
-11377
-8333
-7361
-5633
-4357
-4318
-3628
-2920
-2726
-2123
-3401
-4430
-3917
-4716
-4126
-3063
-3275
-3743
-5419
-5818
-3923
-2580
-2137
-2872
-2441
-2073
-3886
-4013
-5121
-5637
-4485
-5137
-3920
-4477
-4070
-394
800
-798
-864
-927
-1301
-1219
-9
-365
-680
-362
-151
-2053
-1697
-1100
-39
128
-1531
-1443
-477
-1759
-1031
-530
1385
2150
2857
1462
2131
1037
40
-1597
-2035
-1593
-1338
-2692
-4242
-3707
-4102
-3809
-3634
-3777
-4120
-4566
-4789
-5862
-6380
-6138
-3981
-5107
-5537
-6144
-6277
-6013
-7293
-8827
-9739
-8609
-7294
-5762
-6395
-7611
-6022
-5667
-6573
-5904
-5776
-6357
-7344
-7401
-6098
-6239
-5845
-5892
-4916
-4640
-4429
-3163
-3974
-3155
-3124
-3748
-3755
-5358
-4726
-4450
-4146
-3969
-4371
-5396
-5136
-6270
-3762
-4394
-3734
-3516
-1375
-1003
21
1652
1021
1896
3057
2335
2396
4322
6013
4575
4273
3553
2678
3081
3106
2711
3558
5088
6208
5270
4467
3994
3425
3556
956
1493
1342
2173
694
150
-860
181
-2
744
2510
1895
2365
2796
3645
3281
3139
3049
4448
3884
6114
4804
5938
5489
6127
6664
5811
4546
3827
3671
4934
5503
7286
6233
7879
8341
7463
6729
4814
3964
4088
3710
4895
5594
5792
4915
6482
7084
7083
7029
7049
6711
6290
7250
6382
6636
8017
9134
10220
10326
12476
11709
11697
10698
10498
9426
9992
9380
11141
12414
13337
12445
13102
12637
11530
10822
10936
11946
11426
11276
10607
9744
8856
6869
5682
5649
6004
7062
7577
7266
8193
7742
8684
9876
8785
8950
9058
8150
7056
9015
7548
6166
6938
6476
5192
6208
6996
8085
8269
9068
8235
7939
7580
8923
9266
9488
9451
10698
11745
11968
10993
11402
10022
9435
7953
7162
8840
8545
8676
8016
6744
9572
9615
9583
11113
11384
8894
10021
8966
8759
7776
7901
9363
8167
8158
8092
8871
8934
9726
9035
7264
6201
5746
4731
4831
5497
6046
5429
4512
5717
6095
5122
6015
5640
5827
5698
5578
5993
6331
4948
5004
5243
3075
4783
4981
4631
4773
6327
6150
5606
4113
3276
1584
1197
2061
1469
-480
-213
214
-825
-1527
39
-57
549
-457
-878
-40
71
-1120
-1893
-2985
-3379
-3829
-3479
-4033
-1638
-2931
-2865
-1983
-2120
-3927
-1898
-1576
-2643
-1244
13
761
1684
3481
3717
2564
1889
3207
2339
1250
2152
4126
3817
4530
3841
4483
5853
5086
5410
4803
5109
3426
3998
3221
1520
2519
2281
3815
2686
4025
4609
4563
4160
3782
3505
4030
3015
3325
2334
2845
2324
3183
3777
5186
6144
6858
7644
7471
7060
6798
6475
7889
6907
6495
4762
4391
1957
815
806
-872
-804
-1052
-1650
-338
-90
2119
695
2594
1910
2388
804
891
2341
-109
1553
1169
3162
1795
1903
1538
3291
2636
273
1248
-904
-1891
-3252
-4669
-3997
-3905
-3682
-3092
-3536
-3548
-4829
-4200
-2888
-1850
-79
2017
839
2042
2300
1958
1099
931
1280
1082
1204
1157
-732
-1474
-2130
-3772
-2960
-3280
-3588
-2762
1154
1842
-158
-983
-392
-1224
-3201
-3107
-2859
-1582
-1279
172
482
-961
-9
498
179
-176
-475
-1319
-2345
-2251
-1706
-2741
-1206
-586
-30
1428
2609
3499
2387
1684
1583
2161
3313
3542
4736
4232
3656
3403
5307
3553
4083
4124
3553
4787
3365
5597
5629
6019
5475
6204
5805
5295
5961
6300
6436
7867
9360
10585
11875
11226
12097
12818
14033
13356
15222
14813
14789
14166
12320
13441
14342
13735
14451
14125
13969
11660
10863
9752
10036
11523
11553
10156
9912
10876
11151
11188
10266
9122
9108
8677
7960
5734
5437
7515
7044
7545
7520
6173
6223
6927
6349
4501
3520
4121
4472
3564
5959
5579
4700
4458
5874
5380
5225
6214
4006
1910
1235
812
-277
-919
-1226
-983
-851
-2209
-1466
-2659
-2095
-2729
-2277
-1234
-1748
-938
944
1112
-124
246
-816
-2864
-3703
-3251
-4936
-7115
-5286
-5630
-7158
-6437
-8528
-10449
-10380
-10692
-10517
-10806
-11076
-11178
-9068
-10658
-9232
-8935
-9970
-10004
-10862
-11171
-10397
-11276
-11687
-13115
-12763
-12534
-12577
-12072
-11312
-9616
-9265
-8983
-5637
-7072
-8497
-7863
-7280
-7077
-6025
-5497
-7112
-9275
-11614
-11110
-9534
-7078
-6739
-6146
-5909
-5523
-4098
-4956
-4184
-4411
-5912
-6014
-4914
-3147
-2440
-1725
77
277
-52
224
-1099
-179
254
-1633
-1527
-1456
-2436
-2518
-1825
-1873
-2397
-1051
-102
794
1696
809
-386
879
1326
2434
2969
1020
-524
-901
-1403
-1299
-730
-169
12
504
1043
1148
2380
5407
6315
7054
6600
6471
5505
7041
8281
10637
10974
11728
11972
12500
12782
11588
11483
11678
11915
11356
10330
11042
10083
8899
7598
8477
10257
9141
8798
9255
8254
7872
9417
9045
7889
8842
9063
9210
10644
11947
11711
11675
12746
13804
13275
13909
13944
12336
12906
13415
14586
13842
12625
13030
11686
11491
9887
10764
9873
9795
8424
7665
6448
6788
6063
6081
6483
7232
8032
7250
6196
5452
5085
5521
7735
8118
6444
5667
5359
6465
7148
7349
6986
7046
7816
7575
6797
7554
7413
6925
7178
7097
8849
9284
9094
9798
9381
8463
10009
9284
9801
10909
10165
11595
10988
11430
11277
10503
8568
10116
11166
10826
10815
10125
10682
11907
12920
14744
16855
18037
19291
19086
19125
18844
18051
18393
18172
17666
16514
17562
18189
17951
18389
17477
16294
15977
15646
16295
15389
14972
14874
14366
13225
11429
11604
9171
8617
6510
8849
8130
5559
5156
6196
4642
2418
2050
1785
4314
4458
4799
3551
2225
1768
2041
2552
4250
2364
1883
3297
3550
4549
4903
5274
4168
4097
2585
4221
5165
3951
2886
4140
4257
5033
4200
3050
3472
3118
3356
3376
3813
3449
2092
2335
3372
3271
2863
746
1163
3081
2223
2087
3268
3529
3367
4510
2957
2226
2894
3559
4084
4027
4677
6355
5385
6862
7762
7045
4886
4544
4587
4412
2948
2547
2545
2154
2354
1162
-122
-749
1560
1185
1184
147
94
388
1211
629
-661
-2051
-2017
-3264
-3314
-3788
-4197
-3020
-2631
-2440
-1278
-1614
-219
-256
-488
-375
-1345
-765
-841
-1563
-958
267
2222
1287
896
1140
1764
2634
1034
-967
-117
641
1141
-365
1291
36
-22
203
1303
336
745
1228
433
766
1480
1550
2715
1217
1193
2689
769
1118
54
-579
630
506
841
1321
278
413
1780
1943
2496
3185
2657
3252
2493
2388
4045
5120
3045
3370
2506
2676
2583
3013
4709
5689
7058
7586
7238
5466
6312
5718
5772
5708
4513
5097
6068
5993
4984
5644
6757
6345
6236
6632
5443
5632
6871
7593
6449
5713
4679
2442
3433
5540
3983
2182
2824
2348
1035
1356
1627
2320
2591
2306
1771
892
690
652
948
2379
1655
1714
937
1554
1268
2515
1707
1247
-658
310
1599
2544
3720
4470
6036
5219
5092
5174
3799
3474
2504
3521
4853
4306
4569
5146
5425
5284
4347
3233
3447
3798
3482
3972
3534
1617
2118
2491
2733
2617
1438
2527
2868
2161
2699
2798
1855
4318
6333
4747
3350
1379
2432
3374
3613
4227
5171
7350
7355
7091
7109
5874
6734
7841
7908
8147
8240
8578
8227
7264
6230
5496
5315
5579
5162
3816
3458
2392
1970
1421
1327
1081
1433
1730
1529
1992
2286
3491
2636
2133
1465
2316
1867
3248
3317
3541
2862
3299
3808
5964
8389
6959
5575
5066
4526
6434
6096
4160
4518
4332
4200
4465
5799
6488
6704
5756
6344
5800
4394
3546
2929
1753
1718
2275
2800
2147
2309
3482
2636
4493
3317
3603
2789
4940
6553
4393
4128
4641
5184
4006
2655
3239
3081
3270
3400
3399
2120
2436
2315
3208
4202
4855
5013
5151
4183
3001
1244
3107
4034
3784
3160
3715
3863
4637
4520
3945
2696
812
-209
661
1532
1647
1979
-506
-1712
-2494
-3244
-2637
-1165
-486
-2885
-2897
-3569
-3530
-4014
-3310
-2113
-910
-28
-773
-29
-941
-2412
-1355
-1363
-2856
-4067
-5845
-7018
-8285
-6714
-5621
-5167
-4476
-4773
-5286
-3913
-2850
-4840
-5164
-4848
-6554
-4741
-3969
-4074
-3110
-2512
-2556
-2435
-1400
-1611
-1346
-1059
-309
-191
837
-300
578
149
420
907
480
1964
1596
3287
1660
1197
-165
176
-519
-1468
-1616
-3023
-4232
-4014
-2424
-496
-1013
-2874
-3422
-4291
-5866
-4722
-4427
-4466
-3618
-3151
-3890
-4301
-4318
-4588
-4685
-6730
-7330
-8825
-7952
-8105
-8133
-6894
-7487
-7464
-6709
-7128
-8033
-7239
-8398
-7765
-6329
-4342
-3235
-2921
-1784
-1342
-2060
-1996
-3033
-3675
-2698
-3599
-3283
-3555
-4770
-4729
-2774
-2363
-2987
-2243
-324
3
1327
242
-398
-169
-764
-1
628
721
1251
-329
-1836
-1095
-1813
-1772
-728
138
-2780
-5175
-5832
-6051
-6259
-6677
-7702
-6655
-5332
-5981
-6226
-4831
-4169
-5151
-3984
-3301
-3314
-4261
-2807
-2115
-2649
-1922
-3789
-3668
-5955
-6430
-4968
-4085
-5207
-4781
-4077
-2577
-2987
-3439
-4363
-3640
-4874
-3808
-4184
-3849
-3177
-4162
-3358
-4063
-5279
-3202
-4158
-2881
-4800
-4106
-4249
-4412
-3248
-5993
-5626
-3822
-4231
-4639
-3459
-4177
-5542
-5912
-6361
-5610
-5599
-4550
-5887
-5639
-5903
-7380
-7036
-7663
-7346
-6815
-6899
-6198
-5165
-2539
-214
947
1866
2119
2676
2874
3510
1636
970
2018
1308
1733
880
626
2215
1141
504
-1059
883
1917
2714
2741
1655
1965
874
1998
1232
2927
2536
3358
2974
2623
1967
1271
2353
3599
3722
3584
3015
3709
3073
2255
3556
3358
1987
1929
500
-994
-2308
-3427
-2121
-1787
-472
798
987
1693
-909
-97
327
549
2777
1618
2055
2081
3407
3856
4077
3668
2280
2578
3609
2620
2230
1612
1018
674
1634
2792
1813
77
-1819
-387
-589
-318
-423
-48
-325
-1513
-2409
-912
-408
-2108
-1589
-1966
-1530
-744
46
-766
-525
121
380
916
2087
2208
3065
3451
6137
5550
5748
7500
8826
8728
8043
7927
8593
11120
12181
11633
11850
11153
11712
10949
10471
9109
8319
7441
8804
8912
9777
10615
12492
12188
13275
14533
15976
16517
15034
14285
15859
14847
16237
15210
15229
14154
12838
13298
11800
12557
10998
8956
8099
8722
11406
10323
11434
11284
10252
10175
10108
11594
9764
9336
9658
9949
10573
10709
11087
10777
8703
8464
7377
6661
5290
4886
3627
3960
4342
4025
3119
1936
882
2328
4021
3647
4271
3570
4131
3386
4656
5234
5238
6371
5994
7548
7615
8235
7576
6508
6581
7967
7624
6655
5778
5923
5337
6563
6894
6310
7608
8224
10599
11027
11039
11825
13129
13696
12909
12940
13303
13982
13213
13038
13443
10971
10604
10075
11957
11538
10567
10578
11682
12660
12494
11692
11779
14198
12948
11266
11549
11059
9880
8085
8620
7635
6202
5433
5599
5645
5522
4907
4364
2665
1786
3204
2703
1825
1884
1172
1056
1350
-51
-647
25
615
689
1461
972
-242
371
1905
3433
1994
2499
2756
794
2494
2171
1608
3015
3226
2575
2595
2547
2155
2061
2136
3103
3858
2233
3023
2673
2506
4076
5097
4748
3343
1996
1505
1269
749
962
1177
1608
947
-258
1011
68
-263
-1640
-1783
-1926
698
293
-498
-352
-2055
-2695
-2528
-1858
-2261
-2288
-3353
-4594
-4315
-4501
-3711
-4798
-5354
-5588
-6254
-6330
-5460
-6030
-6501
-6476
-7281
-5454
-6787
-7527
-5095
-4194
-6210
-7706
-6520
-5777
-7026
-5735
-4373
-4065
-4512
-4897
-4969
-5294
-6032
-6237
-6162
-6822
-9562
-10346
-11094
-10584
-9724
-10440
-9049
-10226
-8527
-7775
-7552
-7051
-7417
-7680
-8478
-9112
-9617
-8170
-8812
-8612
-9783
-8071
-7309
-7276
-8335
-9617
-10266
-10290
-8446
-10034
-10838
-10952
-11846
-10994
-11499
-10931
-9023
-7704
-8713
-9716
-9631
-9276
-10510
-9624
-9863
-9849
-10843
-12133
-12793
-11471
-10689
-11030
-11608
-12662
-12794
-14401
-13724
-13100
-12008
-14609
-13340
-12477
-13688
-12138
-12294
-12588
-13167
-14282
-13546
-14484
-14238
-13793
-14198
-13903
-13509
-12502
-12517
-13625
-12392
-10503
-9446
-8370
-7783
-8655
-10299
-9864
-9854
-9604
-7960
-7542
-6958
-7555
-8165
-8259
-8895
-10165
-10291
-10518
-7656
-7870
-7233
-7362
-8051
-7745
-7348
-7399
-7206
-7341
-8612
-8735
-9870
-9274
-10251
-8339
-6994
-6927
-7126
-7430
-7523
-7176
-5860
-5998
-5680
-5410
-7225
-6746
-7344
-8657
-8480
-7969
-7558
-6676
-5644
-3895
-4422
-4461
-3606
-2628
-1734
-2022
-2779
-2450
-2907
-2984
-2390
-2411
-2143
-2227
-2408
-1459
-805
-3363
-4779
-5028
-5778
-6097
-4604
-4593
-5694
-5940
-4210
-4261
-4990
-3833
-3473
-2580
-1954
-954
267
927
1770
417
-2346
-1730
-568
2
-153
-693
-1006
373
1942
2676
2648
3632
3185
3494
3729
2053
1766
1635
1844
-302
-285
-1745
-2363
-1530
-3210
-2165
-3761
-4349
-3286
-4368
-4233
-4733
-2627
-3066
-3738
-4223
-4304
-4174
-4242
-4431
-4247
-2282
-1083
-3506
-2428
-3814
-2639
-2224
-2893
-4785
-5255
-5084
-6305
-5927
-7279
-6265
-6216
-6590
-5658
-4875
-4645
-4365
-6057
-4843
-3720
-3655
-3699
-2455
-2562
-256
-344
182
454
1623
586
-379
-816
-1611
-1114
-836
-1907
-2857
-3746
-2639
-2704
-515
-1500
-327
218
228
-1156
-500
-871
427
2334
2032
1928
2857
2407
2900
1489
1101
199
239
-1930
-2018
-3360
-3011
-1998
73
-682
-170
978
-547
-1453
-1800
-1031
-1223
-2287
-2416
-2645
-1917
-2931
-3214
-3908
-4981
-4921
-3111
-1813
-2253
-1475
405
1048
27
41
964
1099
1769
678
1023
854
3850
3689
5190
6529
5597
5025
3936
3858
5096
6778
7072
6818
6803
7093
6451
7124
4940
4430
4357
4287
3418
3398
2017
3936
4251
4543
5234
5014
5761
5818
6104
6087
6175
5993
4416
3717
2547
1264
1099
214
-1308
-1416
-1817
-1680
-1191
-2116
-2500
-2769
-2436
-3692
-5204
-6544
-5810
-5633
-3721
-5179
-6938
-6906
-7262
-9612
-8676
-8888
-6896
-8778
-9151
-10703
-11209
-11655
-12597
-13121
-12687
-12502
-12396
-12813
-12308
-12783
-13883
-14657
-15042
-16226
-15633
-15529
-15002
-13676
-15012
-16161
-16759
-19345
-20575
-20372
-19971
-20373
-19268
-19406
-20263
-20775
-20545
-18086
-19291
-17624
-18079
-18713
-18550
-19785
-19578
-20584
-20496
-19601
-19018
-21031
-20529
-20141
-21815
-20301
-19654
-18615
-18794
-17997
-15918
-15208
-15711
-14726
-13430
-12350
-11724
-11189
-12611
-14945
-14734
-15379
-15676
-14744
-15191
-15284
-15213
-16053
-15669
-15959
-16343
-14748
-14293
-13891
-14924
-15557
-13726
-13285
-12397
-10927
-9486
-10587
-9895
-9476
-9898
-10581
-9653
-9654
-11503
-11992
-11667
-9885
-9284
-9905
-9531
-10210
-9966
-10055
-11225
-11885
-11871
-10819
-11209
-10718
-8956
-7896
-8083
-7138
-7390
-7653
-8294
-9521
-10499
-10394
-10139
-8975
-9216
-9091
-7880
-7821
-7746
-6166
-4131
-4260
-4458
-5960
-4209
-4826
-4356
-3849
-5328
-4644
-5192
-5193
-4680
-2442
-2848
-3749
-3935
-5170
-4464
-5065
-3203
-4969
-5151
-6147
-5674
-4285
-4219
-3456
-3548
-5062
-5758
-6662
-7015
-7170
-7071
-6439
-3969
-2223
-4104
-2511
-3074
-4728
-5675
-6980
-7054
-8600
-9157
-8742
-9888
-8853
-10722
-9337
-10221
-11054
-10914
-9532
-10122
-10692
-10701
-11452
-12219
-13272
-13158
-12384
-12954
-12550
-12064
-11727
-12822
-11560
-12057
-11243
-10959
-11451
-10634
-12066
-10209
-10939
-11635
-10129
-9969
-9471
-8279
-8424
-7397
-7687
-8824
-7417
-7460
-6821
-6810
-6037
-5975
-6295
-5397
-5096
-4480
-4472
-6648
-6386
-6404
-4570
-3249
-3445
-3047
-3356
-2581
-3195
-3184
-2736
-2074
-320
925
1982
877
690
345
-1390
-703
814
269
-50
-60
-2373
-654
-1349
-763
325
-1389
-1563
-1891
-3009
-2270
-2222
-3100
-4958
-6107
-3858
-3563
-3720
-3426
-2370
-1440
-3206
-2670
-1025
-658
-1627
-1742
-1188
-1507
-1258
-942
-1386
-1662
-1310
-1412
-70
-565
233
955
-247
1411
1275
209
-1058
-372
-341
-420
-1695
-1569
-1112
-288
135
76
-51
-1005
-1305
-957
523
69
1000
2265
1983
2618
2511
472
1782
898
-218
-1278
-573
-1601
-935
179
-259
-17
2277
1176
1105
552
-401
24
649
1944
3497
4471
5047
4452
5299
5004
4592
3975
3356
2933
866
1115
945
288
-232
133
1220
680
1621
2640
2957
3298
2726
3273
4363
6255
5584
5227
5251
3988
4792
5714
5357
5516
6634
6913
8005
7753
8936
8890
8474
9534
9097
8102
10186
9027
10263
10283
9412
8605
8753
9414
11023
10157
10029
10133
11322
11638
10930
11005
10971
11126
11447
12207
13415
13524
13997
13268
12514
11604
12694
11795
11443
10382
8760
8260
8553
8495
7915
7204
8126
6715
7745
6796
5492
5621
4526
3324
3496
3638
2923
4506
5318
6379
6762
5854
8013
7502
7509
7662
6434
7164
7922
9419
9176
9928
8089
9471
9470
11129
10896
11312
9545
8389
7947
8578
9757
8472
8249
6729
7112
5924
5600
5050
3913
4997
4754
3158
3966
4755
4835
4506
4180
3543
3116
2432
1233
1192
2012
401
483
630
-665
-1011
-2814
-3618
-2832
-1839
-709
-1682
116
414
555
601
1027
-163
986
932
496
1119
1008
957
2353
1870
1717
2380
1397
2102
2530
2931
3323
3505
1713
2167
3091
3189
3196
3845
4495
3685
3990
4166
3799
6086
6657
7151
7218
5720
4588
5968
5555
3230
1948
3288
1834
2297
1385
244
1452
1702
1667
-668
-547
201
528
9
-414
955
3990
2541
3016
3978
4411
1816
1356
1438
950
1678
1135
1533
532
-1256
-1667
-2063
-3395
-3311
-2229
-2510
-3218
-2326
-2349
-4222
-4129
-4018
-4888
-3572
-6019
-5617
-4718
-5490
-6577
-6164
-5650
-6117
-5655
-5078
-5246
-4579
-4932
-5339
-4195
-4391
-4326
-3265
-4962
-4574
-3347
-2923
-3414
-2648
-2324
-2163
-929
205
108
1295
-966
-1566
-2054
-2171
-2175
-2922
-3384
-4442
-5326
-4703
-3233
-4753
-6048
-5783
-4738
-3573
-3541
-3372
-4746
-5350
-7533
-8219
-7457
-6285
-4840
-4094
-4330
-3965
-4747
-4243
-3419
-3714
-4472
-3457
-3695
-3718
-3936
-1917
-1697
-1185
-1822
-1481
-2107
-1041
-2342
-1165
-2108
-3718
-2692
-2210
-3286
-3949
-4961
-4384
-4553
-5301
-4924
-6255
-5213
-6204
-6924
-7494
-9234
-9994
-8177
-8681
-8257
-8744
-10259
-11575
-9859
-8873
-9320
-10444
-12853
-14058
-14440
-15369
-15587
-15896
-13292
-13516
-12545
-13381
-12831
-13738
-12153
-11275
-11649
-11445
-12807
-12503
-11723
-14897
-15025
-15212
-14443
-14184
-12349
-12983
-14734
-14322
-12393
-10390
-10915
-11113
-11388
-11965
-14221
-14033
-12945
-12858
-11929
-11663
-10737
-10007
-8999
-7638
-7994
-7988
-8603
-8551
-8853
-10316
-8487
-7850
-7366
-5889
-4789
-5733
-6739
-4171
-4395
-5065
-5558
-4351
-3630
-2566
-2042
-2482
-4011
-3007
-1699
-2360
-3662
-3357
-3797
-3550
-2671
-2827
-1398
-1616
-3040
-1897
-2289
-1630
-1258
-2354
-3507
-4405
-3721
-3300
-2669
-2094
-2350
-4277
-4854
-5079
-6421
-5114
-5756
-5391
-5978
-5416
-5584
-4712
-4032
-4971
-5968
-7006
-6538
-6655
-5843
-5159
-6335
-5464
-5745
-6907
-8190
-7671
-6877
-6714
-6867
-6144
-5598
-6097
-7306
-7137
-6743
-6626
-6417
-7573
-8747
-9381
-8275
-6805
-6511
-7352
-6765
-7013
-9073
-8555
-7953
-7454
-8145
-8318
-6875
-7958
-7841
-6640
-5059
-5345
-4832
-2485
-2828
-3648
-4302
-5094
-6745
-7370
-6572
-6895
-6026
-4258
-5361
-7004
-7625
-6842
-6548
-7140
-7656
-6798
-9037
-11027
-11543
-10596
-11934
-12370
-12492
-10673
-12784
-12529
-12287
-11703
-13361
-13832
-14119
-15072
-13621
-13734
-12570
-11477
-11054
-11567
-11003
-9722
-8191
-8536
-6762
-6329
-7437
-6745
-7189
-5808
-4880
-5469
-6703
-6245
-7033
-6139
-4835
-5217
-5076
-4444
-4287
-2648
-2435
-1960
-2332
-2351
-1782
-127
-1470
-100
-648
-284
-377
-405
-1992
-2331
-2324
-2575
-1226
-1110
-1048
-255
316
946
1597
1116
-226
701
820
2119
3438
1382
38
1108
1143
2029
1581
768
159
-1093
-1015
-1011
436
-1553
-51
376
953
975
1668
2752
2535
3597
4255
5566
6861
7799
7201
7489
7710
5950
5373
3898
3129
3711
3778
4434
4915
4058
5063
6812
6373
7075
6229
5256
5656
4897
5082
4264
4389
4412
3455
2879
2405
1976
2300
3389
2656
3773
5160
5536
5091
5075
6408
6380
4331
5129
4823
6274
6434
4000
3329
3369
2859
2314
2946
3700
4350
4813
5604
6153
5938
7432
6136
7283
7210
5746
5386
6090
5370
6194
5212
6776
6912
4513
3726
2404
2303
2744
1596
1547
2116
1924
2761
4296
4951
4498
4864
4571
2472
1450
2915
4051
3316
2780
3061
4210
3283
3649
2426
2443
2836
4360
5540
5896
4079
4287
3722
1913
2059
1969
2630
40
-1050
-1382
-230
340
-1366
-1545
-1448
-1837
-1477
987
65
-834
418
-664
-956
-1481
-2857
-4893
-5509
-5523
-3224
-3760
-2748
-3727
-2060
-1687
-1869
-2718
-2794
-3453
-4260
-5526
-6083
-5140
-2968
-3024
-2489
-2693
-3159
-2919
-2246
-3287
-2165
-3059
-3771
-3577
-2635
-2860
-1739
-2274
-2728
-3308
-4372
-5817
-7120
-6367
-5129
-5545
-4012
-4724
-4958
-4833
-4354
-6584
-7599
-7985
-8839
-9827
-9711
-10192
-9232
-7186
-6915
-8209
-9219
-8277
-8752
-9227
-10000
-10224
-9270
-9033
-9792
-9787
-9695
-9873
-9004
-8517
-7673
-8932
-7088
-6804
-7616
-7019
-7326
-6402
-5756
-5977
-3573
-4543
-4734
-4210
-3355
-4369
-4280
-4012
-2603
-3714
-3097
-3570
-2975
-2175
537
1310
2351
2345
675
504
251
1146
1735
1594
1986
2179
1789
213
-149
-1775
-2484
-2819
-2670
-2780
-2244
-2329
-2644
-1358
-2504
-1742
-1943
-1439
-1349
-1802
-3507
-2023
-1655
-2269
-3205
-3159
-4095
-4284
-3659
-2699
-2818
-2773
-2710
-2804
-3856
-4238
-4019
-3862
-3141
-4652
-3358
-4313
-2671
-2410
-1368
-1015
-1233
-603
-559
-946
164
-127
129
1593
951
1774
2514
690
-696
-1014
-1251
-335
-115
1096
1150
1679
1397
2267
1925
2697
1022
-362
-969
-2959
-2097
-2191
-1282
-2161
-2762
-4358
-4326
-4825
-4549
-4735
-4463
-5927
-5199
-5242
-5939
-5570
-5552
-4306
-3444
-4118
-2950
-2804
-2445
-2806
-3300
-2385
-1222
-1188
-1990
-1799
-2230
-3527
-3608
-2272
-3941
-3503
-3754
-5163
-4850
-4212
-3745
-3632
-2227
-3135
-1644
-2136
-2185
-1290
-665
-2344
-1858
-1771
-2716
-4088
-4900
-5076
-4479
-2931
-2423
-1067
-193
-767
-2113
-509
759
-758
-1979
-2717
-2630
-1928
-787
-1474
-1006
-1903
-2409
-3671
-684
-1769
-1489
-779
-1652
69
1232
728
788
1308
1930
2924
3805
4591
4110
3042
3082
2688
1418
-265
-742
925
620
-834
341
-774
228
642
879
2853
3117
2417
1587
884
1998
1570
1538
858
1701
2011
1911
2676
2306
2427
1905
1056
-1420
-616
-299
485
-419
104
-86
-22
-1933
-2698
-2988
-2480
-1232
-29
-2039
-886
-1715
-1841
-911
-1933
-1552
-736
-1083
-838
-64
-1205
1401
2218
450
1074
2766
773
421
1605
1364
1319
-955
15
-65
-100
414
-161
734
-1285
-667
-32
-2441
-1245
-1042
-11
234
898
1263
960
-171
-863
-1143
-1409
-2643
-3107
-3432
-3188
-2601
-2289
-1285
-2573
-1175
-1247
-1320
-999
217
-602
-1196
-962
-879
-876
-2393
-2082
-2996
-2062
-58
493
886
1322
868
1456
-13
-201
261
-303
-914
-1836
-2416
-3302
-3524
-3407
-3653
-4377
-5246
-4272
-4444
-2964
-2716
-1295
-221
731
1015
2663
1269
1772
2941
1013
1813
1326
125
97
815
597
-228
1097
1465
3572
2160
2716
3556
3777
3868
4738
5022
4322
3853
3855
3128
1957
2396
2192
2325
2131
2291
1513
1619
2404
3038
2786
3628
2897
3154
922
-350
-1604
-2345
-4109
-3747
-3424
-3598
-5249
-6427
-6698
-6129
-6790
-7139
-5745
-5203
-4094
-4571
-3574
-3639
-3300
-2143
-3435
-1630
-1166
-469
-717
-1875
-1803
-3157
-2838
-2463
-4818
-2199
-1614
-1726
-477
-265
-1298
-3316
-2920
-2592
-2024
-4213
-5285
-5219
-4409
-3600
-3232
-2860
-2767
-2223
-2231
-933
-1309
-1758
-2041
-1353
-2095
-814
-1445
-1550
-1534
-896
853
699
776
715
592
-220
1541
-427
-975
-1173
-394
-1696
-1429
-381
-1300
-2739
-1324
-3353
-3160
-5139
-4658
-6022
-7177
-6720
-6652
-5754
-5808
-6330
-3799
-2264
-2241
-1607
-468
1185
1175
3392
4283
3839
2977
2197
1362
1504
2494
2241
2096
3046
2764
1481
2808
2653
2034
2304
3115
3197
2913
1082
3526
3095
4625
2817
2798
1649
860
1837
880
1920
2042
2210
3154
2594
506
-1067
646
774
126
-345
729
1029
1224
2230
2672
3748
3225
3422
4894
3957
5057
4567
5458
5781
5989
7432
7468
8158
8870
7637
8608
8125
8552
8830
10244
11100
10502
9578
10119
8694
8494
9048
10086
9762
9690
9326
9966
7220
8001
6481
6905
8022
7508
6074
5466
6837
6130
6786
3872
3705
4299
3430
2939
3367
2389
2619
3439
1971
3601
5369
7184
7581
5536
4883
3690
2917
2630
1377
2493
3087
1965
1950
1479
1967
1794
1490
1585
1114
1896
2948
2334
3980
3397
3157
2450
241
-1744
-1249
-648
-1524
-1222
-1059
-495
1204
-76
-228
-100
-743
-2786
-2940
-3891
-3750
-4722
-5360
-5250
-4101
-3214
-2586
-3985
-4278
-4884
-4199
-4517
-4761
-4976
-6136
-6784
-3514
-5417
-3215
-2203
-2271
-1880
-2235
-850
-1144
-621
-1235
-1404
-1414
-1881
-2220
-1567
-1789
367
1961
1305
880
1020
-272
996
-687
-372
-717
-1101
-1432
-830
-1734
-2311
-499
-649
-733
15
-2661
-2630
-1964
-2362
-1343
-3658
-3297
-3101
-1773
-1222
239
-426
-1784
-905
-1065
-552
42
-1305
-480
-851
472
557
783
346
-1191
-495
665
1083
1051
-22
-43
718
2035
2822
1073
1994
2292
2316
867
1481
1101
2250
2543
4944
3234
4117
2652
4744
3990
5253
6252
6145
7281
6653
6732
4972
4347
3981
4237
2318
1788
1608
1757
1398
2258
1767
1301
591
724
1325
2623
2774
1961
4855
3986
2263
3335
3163
3074
3024
2763
2729
2483
1565
2395
2870
3982
3033
2198
2325
2121
1642
-874
-183
-1179
-194
-932
375
86
1101
2845
4151
3289
3541
3582
4957
5487
6161
6815
5858
5698
5360
3477
4583
4692
2685
3631
5098
5875
5548
4645
6285
8152
7621
6876
9441
8830
7456
8715
10510
9235
7389
7492
7778
8012
8480
8344
9221
8654
7451
7330
8194
8602
11144
11465
10992
10883
10159
8924
6921
5806
8092
8207
8424
8985
10221
8823
9242
9118
8011
9676
10511
10004
8038
6623
6304
6627
7107
7092
7646
8294
6999
8999
8024
7324
6864
8161
9287
9227
8919
8248
10629
8953
10200
10490
10288
11029
9447
8830
8398
9434
9080
10189
10160
10277
10361
12601
12641
11756
13613
12306
11315
11529
11298
10615
10704
10719
11783
12748
13820
14123
12879
12958
13848
14823
13791
13433
11903
13184
12573
11221
11693
11045
10369
9935
10038
11494
12946
15310
15619
14716
14155
13864
12877
12725
12740
14510
12937
12531
11269
10920
11706
9539
8313
8455
7306
8199
9091
7955
8455
8015
8169
8868
7598
7752
6185
6633
6569
7405
8231
9985
9826
9775
8990
9972
10931
11374
12171
11337
11666
11149
11777
12645
13213
12230
11864
9318
8141
8587
8369
6036
4935
4105
3697
3162
2853
4138
5636
5427
3793
2516
3060
3312
2448
2638
1869
3145
3900
5351
6193
6295
6928
6952
6685
6722
6171
5758
5833
7441
6825
6984
7423
6936
6568
6287
7047
6120
7669
6835
6375
7231
7340
6938
5607
5224
6750
5786
7056
7669
8945
8942
10023
10821
9762
9928
9882
10253
9698
7919
8369
8856
9099
9518
9151
9188
9600
8403
8275
7920
9038
10185
12152
11974
13361
13433
13645
13703
14135
13860
11981
12355
12933
13766
10807
9057
9142
9874
10600
10633
10466
9063
9267
10754
13042
12591
10314
9702
8922
8646
7774
6736
6587
5531
4691
5905
6196
7792
7592
6478
6011
6911
6001
5985
6594
7891
7970
6104
4286
2867
3454
4008
3219
3016
1938
2769
2853
964
1068
2008
1111
1024
654
-624
484
1450
873
794
1455
2934
3384
4416
4158
2197
1558
1206
1250
2309
2740
2290
2061
2892
2522
2697
3376
5095
4386
5184
5562
4487
4065
3566
4032
4573
4239
3748
4440
4006
3604
3433
3328
2459
2598
2562
1983
374
-473
-318
634
2000
1814
2683
-51
-646
-1762
-1376
-1558
-1856
-1342
-2371
-2368
-3211
-2631
-2910
-3981
-1491
-1918
-2320
-2340
-1536
-1922
-816
-1606
-2875
-1400
-1777
-2603
-3720
-2077
-1680
-804
-69
469
-164
-428
-1057
1046
865
1614
2218
1881
1196
2054
2145
2339
1021
966
-492
902
2147
2708
3438
2353
1502
3807
3624
4695
4117
3487
3621
3623
2197
2593
1702
1825
387
1129
2507
2894
3660
3827
4154
4656
3467
3374
3068
2818
4378
2964
3281
4485
3346
3579
5084
5931
5632
6546
7282
6331
5616
6953
5630
4774
3700
4549
4401
4749
4715
4015
6230
6448
7409
6977
4736
4515
4215
2270
2666
2081
1131
1697
3105
3331
2379
1431
1923
1522
2420
2400
1970
1792
2080
1221
1148
1797
630
26
891
1375
2110
2808
3499
3255
4097
2846
2752
2887
1916
1396
1149
1861
1095
775
-82
-217
356
-232
-1000
-920
-2701
-3267
-2213
-1714
-449
101
1321
2387
1009
-325
-1892
-2330
-3355
-1770
-1998
-986
-233
236
412
-271
-790
-1724
-975
-702
-1515
-2330
-1741
-1265
-1444
-1787
-767
-1575
-1931
-2820
-3868
-3291
-4466
-2708
-798
-1046
-481
-622
-2005
-2256
-2671
-3410
-4223
-3861
-3679
-4998
-5204
-4931
-7542
-10386
-10664
-12207
-12134
-12960
-12047
-11395
-11226
-12895
-15498
-14058
-14672
-15055
-14468
-13892
-14806
-16087
-15072
-16314
-16588
-17631
-18009
-19701
-18573
-19287
-18639
-18138
-18300
-16875
-15505
-14500
-13799
-13305
-13549
-13443
-12163
-11822
-12593
-11937
-11571
-12635
-12526
-12424
-11913
-11309
-10295
-8280
-7978
-8986
-10639
-10829
-11068
-9530
-10123
-9663
-9601
-11858
-11227
-11841
-10891
-11287
-12088
-10023
-11402
-13498
-13382
-12622
-12922
-14387
-14462
-15156
-14305
-14146
-15394
-14559
-14374
-13511
-13829
-14294
-14859
-13381
-12384
-11996
-9711
-8428
-8059
-9821
-9439
-7944
-7806
-9132
-8554
-8374
-6611
-6493
-7976
-6918
-6640
-6184
-4717
-5681
-5924
-4224
-2712
-255
-357
-1828
-2245
-1210
-2703
-1280
-2588
-2314
-1866
-2055
-1239
-694
-112
1227
-275
-870
-257
-852
-125
-789
-553
167
-1744
150
-67
-774
38
1586
1088
1934
2103
3640
5504
4870
3438
3991
3026
2831
3772
3111
1916
253
512
1600
3217
2664
3029
4600
3076
3154
4963
4246
3072
1985
2797
2006
2075
576
797
676
1414
1692
1810
2414
3577
5552
4312
3478
3625
3576
4656
6336
5127
4668
1247
3054
2251
2463
4154
3368
3680
3806
3482
2775
1621
1849
1487
1407
1393
-225
-74
237
885
1218
2120
701
2498
3446
3295
4557
5342
5228
5508
6143
6153
5833
5093
3493
3493
3524
3932
4531
6811
4605
3556
3367
5420
7198
6681
8541
6765
5531
6162
7376
7835
8749
6624
4344
4635
4103
2617
1115
-462
-16
-3408
-2398
-824
-345
-417
222
564
-559
-837
61
-286
-1183
-2594
-460
-894
-151
-573
-857
-1087
-1854
-2519
-2811
-1232
-919
-1046
-860
-2468
-919
-1879
-2321
-157
-1150
-2719
-2549
-3035
-1994
-1811
-1435
-993
-1258
-2682
-3130
-2282
-3121
-2033
-2398
-1930
-3410
-3432
-3523
-2311
-2469
-2806
-1368
-2661
-2309
-663
-516
2
-35
-2015
-1135
-2341
-2596
-1672
-770
-920
-416
-2202
-3897
-3617
-3681
-5611
-5562
-7664
-7274
-4722
-2544
-1960
-1955
-2676
-1457
-60
-1712
-3271
-1316
-1109
-169
-210
296
2109
2553
3943
2479
2106
2145
2007
1390
1760
1959
816
1499
3494
2548
711
1546
2001
1256
1399
-3
1062
494
356
1148
1702
2476
3343
3920
3990
5497
4981
4381
4457
4544
4161
5101
5524
3872
4648
4575
3937
4809
3096
3000
1867
1825
2399
-234
1432
434
2016
2490
2136
2523
3048
3497
3049
3473
2982
3343
3445
4063
3916
3288
2594
2081
761
583
1116
3052
1713
313
141
1505
1399
940
633
678
-707
-405
-184
836
217
-960
-2960
-1921
-723
-843
-397
-917
-556
-845
-2456
-3021
-3475
-4605
-2640
-3541
-1262
-828
-136
-1558
578
-1740
-2950
-2327
-3223
-1382
-370
-1975
-3037
-2953
-2733
-1461
-1843
-355
-1316
-1840
-2595
-1438
-2338
-2619
-2856
-2508
-1409
-1043
-30
228
-461
-2905
-3591
-4336
-2414
-1001
-1439
-1546
-1325
23
-182
135
-848
-351
777
-309
98
631
635
-776
-1795
158
-619
-355
47
748
1249
2697
3840
5251
3872
5275
5826
7290
8601
7665
8148
7577
8329
7598
9768
10317
10320
10051
10736
10235
9833
10759
12038
12971
11645
10508
12470
11005
11634
12637
11519
9212
8938
7559
5925
6909
6974
5759
3888
5280
5677
6576
6089
8209
10384
8781
9275
9282
9980
9508
10771
10708
11632
12628
12633
11892
11768
12191
12065
12554
13621
12354
12597
12009
10568
11553
11609
12823
13717
14333
14531
15339
17277
18319
18560
16365
17084
16928
18261
19838
19072
18272
20175
20168
20132
20358
20731
20747
21815
22277
21231
18810
19219
20334
20749
21707
20368
19219
19879
20613
20488
20920
19802
20776
20005
20021
20850
21243
20760
21478
20319
19912
18368
18100
18689
18016
17839
15319
15135
14578
12786
13167
12397
12402
11072
11310
12450
11479
11943
12300
12015
11330
12338
13693
11862
11538
11564
12721
12333
11822
11520
10539
9090
8827
7537
7305
7450
7676
7390
8393
9563
9041
10040
9947
10589
9342
8149
9544
9001
8759
9307
9817
9470
10794
10187
10238
9945
8549
9351
9487
11451
12292
11322
10272
10827
10917
9351
9070
6282
7119
6806
5575
4551
6316
4833
4696
4592
3332
1476
1359
2817
2289
3451
3643
2743
2587
512
1474
1573
1382
2718
3214
2926
2573
2294
1391
1107
2139
1998
2651
3383
1835
1496
1122
179
-1209
-319
-1725
-1180
-2455
-2763
-2583
-2063
-2466
-4378
-4704
-3299
-3486
-3123
-3548
-6000
-7336
-7743
-8753
-10338
-10514
-10219
-12112
-13343
-13342
-13879
-14207
-13592
-12436
-13361
-13595
-13146
-14433
-14455
-14625
-13872
-15048
-16318
-16422
-19244
-17998
-19481
-18509
-17359
-18269
-18135
-16760
-15506
-15934
-15338
-13384
-12641
-11076
-10996
-11505
-12131
-11951
-11142
-11551
-11743
-12330
-10920
-9837
-7748
-7016
-7868
-7183
-8450
-7261
-8520
-7256
-7995
-7489
-7387
-5878
-6643
-8374
-7541
-8484
-8772
-8386
-7129
-6724
-6716
-5949
-5268
-5873
-5820
-5911
-5405
-6080
-7312
-7806
-6638
-6391
-6323
-6232
-6682
-6444
-5735
-5722
-4621
-4848
-4596
-7188
-8724
-8488
-9172
-8864
-7734
-6661
-4576
-5285
-5186
-4784
-3025
-1060
-461
-540
-1276
-1008
-1357
-1073
-1172
-640
237
-866
407
-636
-599
-704
-2378
-1626
99
344
1627
1875
1418
2814
3312
2999
3241
3376
4455
5428
5938
4331
4559
6019
4735
4314
5488
3765
3225
3158
3221
2225
467
1241
696
1716
2139
420
723
1618
988
1188
722
1267
1476
1833
847
1726
1522
1234
-243
141
270
1241
577
463
1234
1090
2517
4076
3898
4257
3396
3145
2535
2949
4088
3496
4627
5029
4711
4208
4513
5001
3693
2570
2619
2584
2474
1232
786
51
-1443
151
320
603
-137
339
662
651
586
537
-107
-1610
-1866
-2223
-1480
581
908
342
-523
-1933
-2886
-4048
-3030
-3840
-3301
-4156
-4736
-4458
-2978
-2128
-671
-1972
-926
-349
-1695
-1900
-2652
-2689
-2050
-549
-2439
-3255
-4117
-2144
-2784
-2700
-2465
-2886
-1894
-639
-990
52
578
183
-61
119
1177
833
219
681
234
-176
2382
1869
2421
3151
3386
4477
6506
6990
8500
8778
8474
8707
7962
8428
8314
8605
8004
8026
9697
9934
9060
9278
9646
9441
7896
7474
8182
7981
5612
5713
4779
3972
2481
4495
5965
4416
3017
2815
2249
520
-1543
-72
648
144
58
-1157
-2511
-1861
-3055
-4704
-3848
-2852
-3786
-3798
-4727
-3690
-3982
-4600
-4886
-4994
-6171
-6754
-6346
-5053
-4342
-2431
-2967
-1164
-917
-1124
1146
1735
1933
1561
2941
2837
2852
1282
2686
3414
3096
3349
4674
4890
4504
4181
4746
6564
8095
8237
7282
7830
6700
6810
5856
5020
3048
3717
4611
5723
5999
6346
4326
4623
4187
3177
3225
3624
5066
2498
3963
4450
3277
4192
2166
1839
2111
3215
1253
-385
-1128
-1211
287
1512
-1454
-1133
-1779
-2203
-3236
-2231
-3721
-3115
-3942
-4539
-3813
-5643
-6317
-6247
-6730
-7512
-7711
-7718
-7955
-9261
-9545
-10552
-9403
-7538
-5980
-5888
-5709
-4257
-6247
-5497
-7141
-6178
-6617
-7863
-9569
-8100
-8615
-9180
-8199
-8055
-7411
-8055
-8219
-9121
-8984
-10313
-11914
-11836
-12308
-12438
-11298
-10889
-10390
-10997
-11180
-10461
-8551
-9062
-8725
-10435
-7375
-6553
-5837
-4660
-4251
-3247
-4870
-3409
-4094
-3183
-3349
-4761
-5368
-3895
-4115
-4925
-4316
-4303
-3683
-3443
-3050
-4235
-6406
-8787
-9701
-10829
-12794
-13592
-11531
-11265
-11741
-11928
-10968
-11578
-11671
-12367
-12832
-12280
-12364
-11777
-11718
-9818
-10211
-10774
-8558
-7940
-8982
-8185
-7872
-7021
-8668
-7865
-9280
-8582
-7174
-6876
-6161
-6220
-4737
-2964
-4031
-3953
-4720
-5150
-5755
-6386
-6524
-6759
-7839
-6806
-10052
-9007
-9792
-10439
-8688
-8189
-7451
-8400
-7750
-8042
-9613
-9229
-8657
-6887
-7402
-8006
-7661
-7986
-8755
-8052
-7595
-7705
-6822
-7543
-8830
-11195
-11950
-12391
-13552
-13079
-11508
-11296
-11547
-11855
-12321
-12438
-12605
-12850
-11654
-12307
-10571
-10231
-12035
-13226
-13076
-12644
-12885
-10370
-10330
-11438
-10390
-10722
-10538
-10292
-9942
-9203
-8311
-7871
-7518
-8474
-8796
-8367
-7039
-5584
-6305
-4593
-3038
-2119
-1658
-2260
-2425
-874
-722
-1849
-2222
-1509
-1998
-1546
-951
-94
482
-130
-1709
-2322
-2858
-4881
-3922
-4058
-3652
-4103
-5499
-5991
-7184
-6516
-7397
-6309
-5707
-6485
-7420
-8283
-7121
-8148
-6886
-4931
-3788
-3574
-4689
-4462
-6358
-6392
-7020
-5641
-5776
-7984
-7883
-5936
-5957
-5227
-5402
-5656
-5983
-6436
-5116
-4330
-4380
-3616
-1907
-1717
-866
-1990
-2591
-3761
-3703
-4044
-2505
-2171
-2217
-337
-240
683
374
708
901
1126
2278
870
1931
3213
3131
5099
4618
4253
4748
4429
5013
4664
3622
3427
3226
2562
4865
4741
4484
3322
4408
3139
3071
3619
4621
4641
4864
4859
4668
5058
7056
8087
7001
6328
5900
5525
7340
7193
5486
5847
4659
6478
7648
5847
5483
5919
6595
5362
5107
3081
3251
3327
2864
4821
5448
4498
2664
2257
1186
2047
1516
1500
1721
1496
2162
2783
4889
5737
5644
5477
4473
4209
3324
3006
3279
2972
2388
3231
2346
3963
4869
5356
5749
5857
5507
4730
4877
5242
4798
4922
5201
5224
5136
4547
5164
5751
5191
4511
4471
3096
4099
3198
3530
1944
809
851
1283
3930
3003
1174
372
846
2331
2303
3515
5696
4933
5722
4888
5377
7273
5945
5168
6756
6202
7552
6486
5779
4757
6587
5195
5263
4914
5990
6576
4550
6717
8113
8798
7919
8873
10179
11764
10994
9764
10192
10104
10193
10570
11652
11979
11413
11819
11245
12433
12553
12330
14391
13685
15647
14542
15727
14857
16411
16282
14470
13817
11553
13192
11906
12688
13015
13511
14168
14261
14528
12726
13195
13654
13248
13551
14626
13516
14204
14028
11763
12354
11627
11707
11632
10962
12061
10750
12041
12562
12198
12891
13058
13473
13035
13618
15700
15293
14203
12987
14159
16218
14574
14688
15193
14939
13295
14816
15774
15324
16721
14764
16087
17446
17791
19003
17653
19280
18590
17801
16545
14762
14715
13277
13812
14524
13831
14505
12420
11587
11092
11001
12293
11319
10532
11528
11727
12299
11063
12186
12644
13267
12496
12762
13276
15317
14957
14704
13393
11424
10529
8419
6978
6380
6083
4027
3533
4372
6018
6432
5740
6948
9168
9738
9129
9997
9261
8421
9732
8908
8480
9473
8828
7727
7918
9494
8658
8222
8845
9052
9494
9696
8895
9199
8673
9030
9786
8544
8051
8750
9645
10373
10306
8564
8628
8714
10227
10371
10295
10903
11550
11192
10947
11682
11865
12134
10124
9986
9817
9550
10036
12410
13759
12390
12119
11406
9839
9918
8987
9266
9594
10322
11398
12070
13156
13198
12488
11888
11205
11088
10217
10248
11201
10698
12206
10903
12066
9885
9184
8431
7155
6833
5970
5812
5402
3800
4188
6601
7199
5632
5084
6888
7183
7805
8650
9378
8666
7465
9737
10040
9529
8918
7567
5398
4246
5222
3812
5695
5231
8156
7974
7695
7973
9646
8718
8520
6913
6210
6208
6502
5883
4957
6344
4230
3021
2511
3153
2605
1765
1273
2244
1757
1802
1928
3032
2213
1669
2940
2572
3275
2257
4237
5236
4167
3085
4179
3469
4597
4079
4570
7204
6744
7908
7538
6106
6530
7275
7751
7983
7777
7743
8075
7885
8866
7813
7154
6988
8452
8493
8353
8904
7693
5751
5262
6003
4465
3895
4179
4717
4253
5602
5791
4929
5004
4738
4875
4517
6240
7333
8150
8797
8980
8066
6916
7770
8285
10005
9903
12639
12673
13041
13220
11796
13160
11744
13509
14048
13490
13130
12813
11931
12061
10938
11380
10785
11364
11159
11588
11444
13827
13801
14046
14597
14007
14896
15910
15463
14319
13321
13260
14688
14815
15530
15303
13689
13133
13923
12116
11028
9572
9860
9570
8977
9392
8987
7399
5197
5724
5384
5688
5329
5949
4630
4935
5071
4905
5044
6200
5434
4093
3673
4065
3067
4949
6522
4851
5427
5047
4667
4750
4583
5206
6864
6906
6205
6996
6139
6607
5579
4840
4657
4874
4057
2743
2139
960
1318
837
747
-785
196
454
286
619
481
847
2955
2828
2824
2857
2432
-112
-122
1465
-175
-1065
-1806
-492
-734
-120
1174
1629
2380
2710
2277
2146
2259
183
-1128
-3346
-3038
-1993
-1756
-177
-121
-1368
-976
-1055
-856
-737
723
1304
977
2679
4584
4128
4719
4236
5545
4876
5497
4433
3592
2111
1708
2019
2695
4019
2208
-531
-1123
-2152
-865
818
1551
3411
4514
4357
4537
5576
5288
4345
4109
3805
4218
4351
3309
4018
4389
6192
7525
5084
4088
4079
2169
2057
1340
2204
3123
3397
5016
5647
6536
2953
1470
299
267
1616
889
1195
822
1412
480
377
1085
1315
222
1114
660
1521
1907
945
894
1938
880
763
1296
-566
-467
2094
232
459
2
208
-1609
-4153
-5014
-4295
-4834
-3330
-3295
-3101
-3476
-2492
-4370
-4829
-4417
-3486
-3694
-4074
-4017
-4446
-4823
-3157
-3892
-5459
-5487
-5162
-3606
-2744
-4644
-4446
-3962
-4669
-5445
-7444
-7350
-7071
-6554
-7864
-7903
-5928
-5320
-4039
-3620
-3392
-3108
-3300
-2033
-3600
-5155
-4915
-5295
-6712
-6022
-4623
-6462
-7234
-7485
-6918
-4684
-5108
-6950
-7124
-8177
-8287
-6490
-7280
-7999
-9768
-10032
-9107
-9525
-8190
-8321
-8608
-8509
-8664
-8743
-8348
-7543
-6281
-5706
-5191
-4413
-5893
-5977
-5738
-5447
-6508
-4239
-3641
-1993
-1454
-1281
-1454
-314
511
1520
1232
779
461
1622
627
-533
-863
945
366
150
883
2005
929
1105
2140
4134
3728
5185
5058
4890
6205
6812
6908
7139
7634
8460
8620
6469
6389
5438
5107
5876
4765
2723
688
95
-2248
-2411
-3429
-2763
-2785
-3285
-2822
-1839
-2643
-2085
-1348
-223
-1433
-1469
-2266
-1602
-1031
-100
79
1162
45
-77
-291
-287
-498
-739
-1227
-1421
-1682
-1404
-807
-614
-1554
-387
-118
-173
1942
929
747
248
-1170
-429
0
-190
1570
1678
1790
1765
486
40
2359
2671
3203
3381
4180
5107
5840
5876
4655
5989
4892
5401
3074
4522
5528
5742
7256
8184
8216
8395
7322
7207
6485
5806
6612
5454
5602
6558
4345
5275
5048
3844
3686
3377
1541
465
-365
-351
-1576
-1638
-1470
-2073
-2059
-2862
-2723
-1792
-1834
-2139
-1429
179
-1716
-2274
-2364
-1003
-1927
-2713
-1263
-1349
-1784
-1882
-1153
-922
-287
672
235
1127
-1125
324
777
621
1247
783
936
1453
2529
2309
3031
1782
2320
2095
3406
2183
1789
938
1977
2706
3344
3697
3355
2533
1251
-864
-1755
-1552
-2094
-2835
-1827
-2502
-2148
-514
2361
1109
285
-1263
-1306
-1061
-1787
-1584
-1703
-1870
-3168
-3982
-5996
-4595
-5220
-6209
-5531
-4436
-4608
-5073
-5399
-3331
-4740
-4727
-3228
-4512
-4595
-3589
-4077
-4098
-4447
-6464
-5119
-6390
-6274
-5373
-4056
-2691
-3055
-2736
-2727
-2168
-1566
-1213
-2313
-4256
-4100
-5290
-3981
-3646
-2074
-2633
-1228
-1909
-443
-101
-579
-1123
-3200
-2926
-2202
-1444
-476
528
856
590
-129
1095
878
424
329
75
1625
1587
2975
275
-1908
-1707
-1854
-2459
-891
15
-813
-3753
-4308
-4612
-4762
-4550
-3337
-4023
-6051
-5049
-5166
-5342
-5706
-5409
-5326
-5740
-7373
-5086
-3092
-2217
-2013
-1556
-1130
84
276
744
843
-942
-586
-549
-829
-196
530
1161
935
-934
-1305
-2073
-2650
-2771
-4132
-3507
-4459
-5134
-5595
-4248
-5369
-4679
-4541
-4897
-4494
-5459
-3714
-4164
-3061
-3150
-5824
-6368
-6945
-7400
-7371
-7197
-6539
-4781
-4687
-5373
-4666
-3979
-2724
-1858
-2114
-2357
-1285
-734
-415
940
1498
1220
1893
1984
1856
1679
2097
1423
1833
2543
2659
2216
1404
465
1314
3285
3458
3006
3751
3876
6190
5558
5805
5936
7902
7447
6563
7029
8947
10348
9551
10906
11630
11505
10191
10445
10305
9386
9012
9429
9047
10928
11139
12690
12320
13078
12059
11557
10919
9704
9802
8889
8991
7063
6627
5880
6698
5429
7844
5971
4203
6076
6417
7564
5880
5098
4241
5824
4582
5791
6794
7495
6602
6346
7078
8966
6927
5665
5685
4523
3565
5521
6755
7777
7173
6165
6886
5292
4069
2748
2629
946
2294
2981
2591
2532
1341
972
2209
2176
2176
3502
3731
3837
3383
4358
3688
3074
1613
633
2232
924
1164
2723
1980
925
2324
2304
2357
4413
4052
3957
3263
3602
3014
3058
2430
1258
-149
160
-327
-983
-1073
-2916
-4175
-2882
-1605
-695
740
-101
-295
1804
2176
2153
2991
2454
5903
6172
8313
7538
8191
7107
6891
5379
7116
7600
7336
7613
9453
9088
9674
9497
7314
6465
4581
7183
7200
7596
6344
5699
4956
4093
4199
4571
4957
5702
5546
5790
5606
6095
6331
6243
6323
4906
4814
4879
5382
4631
4688
3656
4260
3875
5217
5545
5411
5673
7243
7490
7939
7506
7718
8340
6672
5671
6989
4891
6199
5929
6779
6829
6389
6236
4768
5456
5861
5699
6208
5543
5482
5402
3485
3352
3863
2667
3377
3300
2874
2764
1725
2706
3463
3788
2951
2995
2482
1245
1217
1410
892
1644
528
-465
466
-670
-104
865
1016
1236
2292
2746
3592
2776
4003
2408
3245
2509
2624
1245
1075
-109
840
1983
327
-375
198
-1429
-2744
-2835
-4022
-4579
-4655
-4216
-3739
-5605
-5627
-4475
-5559
-5994
-7189
-7814
-7775
-9610
-8674
-7097
-8046
-7724
-6777
-5403
-4608
-4336
-2901
-3591
-2305
-1087
-1002
-2213
-2049
-1265
-1065
475
1094
-115
-787
-987
950
-1285
-2366
-2476
-1051
-1345
17
-641
-734
-751
-321
-798
-2
-88
779
1200
2036
1131
891
-655
-826
-1694
-774
4
1261
1952
2553
2050
1335
2471
1739
2999
2327
2307
3858
4293
4193
4615
5781
4344
4424
5048
5066
3922
4809
5715
7676
6343
5954
6135
5899
4876
4190
3656
3718
3426
3734
4081
4116
2998
3560
4275
4926
3906
4248
3185
2431
1653
2144
2209
4058
3073
3618
4121
3927
4429
4412
5619
5795
7737
7356
7603
7199
5801
7082
5576
3524
2911
1173
2241
1010
461
32
-534
1482
1539
889
607
-658
56
774
700
618
-1059
-1174
-2585
-4274
-5691
-5180
-4655
-5445
-4097
-7173
-7520
-7155
-7124
-6495
-6618
-7162
-6231
-6286
-7575
-6593
-5527
-5607
-7141
-7670
-8925
-9072
-8918
-7446
-7387
-6729
-6955
-6623
-7489
-8099
-6595
-8020
-5710
-5952
-6878
-7686
-7999
-7672
-6985
-6206
-5647
-4539
-3140
-3180
-2388
-1914
-2563
-1542
-188
-1571
-2124
-987
-343
-199
-982
-718
-743
-530
-1389
-805
-267
-1755
-1263
-584
458
-786
-2589
-3341
-1525
245
1372
2003
2011
1504
298
262
-240
-1095
-333
26
2008
1587
1873
239
-266
-925
-2576
-3274
-2820
-2933
-2598
-1187
-1516
-1697
-2119
-1443
-1430
-2997
-1363
-939
-1736
-2318
-2567
-704
-477
116
-1078
-192
-407
126
-586
-659
121
-734
-745
-1188
641
-174
-567
137
938
1590
844
1732
2202
890
1425
1669
1896
2380
2852
3342
5247
4166
4480
4319
3983
5529
4065
4876
4563
6395
6220
6006
4803
6626
6675
6772
8189
10167
11003
10045
11287
11209
10865
10799
9875
10593
9783
9648
10396
12530
12451
11864
11547
11191
12910
11433
10548
8929
9829
10846
10821
11157
10581
12088
10095
9935
9590
7380
5445
4623
5216
5151
4342
5929
5891
6720
8056
8511
6689
7626
8680
8174
8979
9101
9276
10863
12114
12404
10985
11778
11332
11832
11975
11369
13848
13679
14221
13827
14187
14391
14179
13593
13182
13207
13216
13941
12979
11484
10723
9090
7816
8501
7209
8154
8719
7978
7738
7502
4753
5023
6652
5509
4373
3789
2699
3466
1641
2645
1681
-32
440
-43
205
-1273
-345
-1904
-1748
-2306
-2679
-3387
-4078
-5203
-5048
-4931
-4399
-2364
-1115
-2412
-1777
-866
-562
-671
-2240
-2311
-2636
-3110
-3039
-3501
-3421
-2671
-3846
-4390
-4025
-3764
-2549
-389
-624
-387
-2812
-2701
-2625
-1128
-1091
-715
-216
684
633
-321
-514
218
887
1052
2113
2350
3971
4680
3061
3002
2971
3686
2462
2135
2750
4025
3539
1931
4699
5549
4835
3476
3268
1533
1561
1961
1574
1522
2357
2073
1465
1502
525
2565
4202
5835
4677
3948
2844
2840
5204
5411
5959
5117
4085
4655
5879
5493
6027
7078
6317
5882
6116
4802
3562
2375
2356
4289
4497
4414
5861
5368
5861
6261
7652
7917
7626
6809
7432
9328
10756
11792
11134
12643
13787
14415
17191
15944
15776
15929
15325
14457
13676
14163
14165
13927
12933
12374
11623
10263
11010
10312
9749
9655
9584
10233
8588
7903
7967
7246
7877
8078
8906
9187
10360
10335
10354
9061
9457
8753
6919
7847
8362
8590
8442
7768
6106
7032
8624
9538
7902
6937
5817
6114
4789
4328
5328
5499
6546
7424
5459
4291
3853
3030
4770
4369
4640
3929
4045
2568
3208
3832
4266
6030
5415
6163
6679
7378
7042
6513
6455
6758
5239
5411
5225
3969
6020
6649
7816
7921
7685
7478
7244
6065
7056
8310
8105
8825
8317
7648
6255
7969
10744
10377
10793
11147
11936
11266
10466
9894
9516
9709
9620
9779
9034
8851
8049
7261
5816
7119
6983
7505
7091
7263
6507
8687
8522
7145
6408
4616
4513
4216
5301
3738
4714
5291
4708
6043
4318
4183
4079
3906
2681
2176
324
-406
-366
-640
388
4
-751
-1060
-737
-886
-1725
-3160
-2890
-2839
-2515
-3444
-550
-2222
-2329
296
614
2851
3901
4507
5206
6571
8665
9100
9212
9189
9524
9647
9010
7877
7473
7533
8546
8081
7035
9374
8590
7704
8285
8964
8994
9430
7641
7342
7325
6638
4928
6383
7167
7407
6546
7135
6661
5387
4994
3131
2657
1248
664
970
511
682
664
1856
-1124
1504
1632
3161
4446
3955
4119
3395
4403
4507
4266
4132
4034
3655
4086
3960
2881
2369
995
980
391
1817
2394
3137
4252
4609
5091
4756
2774
3341
3057
1539
2199
2934
3611
4312
3252
3491
3395
2338
3685
3246
2649
4075
5622
5293
6156
4634
6223
6072
6408
6842
6316
6965
5946
4639
3314
929
1346
672
869
552
1411
1206
4502
4215
2587
933
1092
695
-388
-433
996
1266
1716
3290
2266
3343
3010
3837
2349
3161
3630
3475
2724
3296
3951
2798
3957
5731
5365
4683
5109
3938
3724
3537
3526
2507
3029
3938
4981
4130
4040
5815
6170
5181
3741
2375
3606
2259
1770
-218
367
-247
201
-291
611
-27
489
-72
573
1046
915
1482
3311
4170
3568
4366
4026
4535
5884
3444
4411
4041
3393
3684
3587
3940
2989
3598
3548
4701
4392
3797
4639
4369
4037
3028
4469
4203
3266
4283
5065
2831
2943
2633
3279
4897
2051
1367
-1078
-685
-7
23
-4
-1261
-2526
-1242
-1151
-8
-1322
817
-405
-604
-387
591
569
1583
1834
911
2545
3056
1862
1969
3083
3267
2297
2000
2240
2970
2625
1436
813
1015
1703
2331
1960
2212
1185
-1678
-1534
-2233
-3029
-2034
-889
-930
-439
984
-452
-2645
-2848
-644
-2029
-1793
-422
1658
3015
5065
3672
2628
3057
3557
3486
2496
1973
2575
3031
4329
2434
2228
1326
1905
1012
781
1365
3816
3607
4175
3387
3883
2561
3562
4624
4687
4366
5383
4769
5662
4360
4709
4654
5329
5938
4405
3933
2604
3281
2142
2537
2343
2604
949
1233
2022
2812
3568
3927
2809
2489
2459
2581
2445
2518
1057
3221
2329
2918
2123
139
798
1217
1684
-1455
-47
134
986
901
153
291
-53
-724
-361
-430
318
843
-1139
-3182
-2615
-4052
-4541
-3121
-3224
-4063
-4105
-4463
-3695
-4218
-2266
-1778
-498
-591
63
-1348
-1051
-1387
-903
-1482
-876
519
1087
1974
2601
2782
1924
1840
2248
3101
3776
4330
3479
2401
4966
6038
5304
5275
7065
5262
6130
6763
6343
5915
7351
8154
7872
8701
9209
8133
7890
6396
5976
6538
6806
5887
5559
5596
7372
6696
3469
2846
3569
4041
4268
5539
4086
4344
4591
5262
6242
5767
6177
6879
6527
6288
7465
7123
7626
9899
9875
11212
11958
12358
12133
10028
11178
13407
12644
12197
13809
12334
12075
11575
10995
12526
11251
12544
11614
11788
11836
11919
12366
11404
10255
10214
9283
9485
7855
7076
7770
7802
6665
6355
6614
5392
5055
5399
6126
6669
7914
6554
6231
7153
6778
5429
5893
4982
5597
5691
6182
6307
5628
6543
7705
7405
7003
7489
8044
7137
7398
7387
6834
7814
6743
6662
6251
5155
4882
3692
3105
3409
3130
3816
2469
2941
1682
391
326
-1152
-1659
-2281
-3707
-3477
-6130
-6980
-5957
-6515
-5393
-4902
-5524
-6898
-8878
-7354
-7312
-6406
-5607
-4980
-6293
-6240
-6900
-5279
-3771
-2905
-1550
232
840
1285
2747
2318
2134
1289
1075
1520
1753
2158
3250
3113
2427
2085
241
-167
-42
-386
-1097
-1529
-1657
-3608
-2087
-2816
-1868
-2116
-1435
-1412
-1838
-780
-621
-2138
-298
-34
1755
3473
4377
2439
4921
5346
3534
3145
2361
1734
1312
1619
2009
605
839
204
-894
839
-240
197
-1123
1080
1278
489
990
-461
-636
457
202
1280
1101
3727
3080
2923
3384
3302
3630
5153
4540
4406
5351
6264
7432
6179
6188
5483
7418
6739
7557
8409
8117
8830
9510
10233
10939
12658
11713
12191
13369
11582
11005
10905
12060
11494
11658
10383
10542
11237
11506
10417
11939
12670
12158
11500
12113
12590
11508
13245
12658
11268
9983
9942
8489
8456
8407
10244
12257
10589
9456
10769
9694
10626
10485
9221
9749
9248
8861
9813
9718
10442
10307
10954
10553
11368
11425
11708
10461
11976
12066
12243
12705
12058
11540
9998
10697
10537
10872
12276
13257
13168
14223
13666
12202
12506
11788
11570
12111
11763
11015
10102
9054
7902
7773
8097
7467
7863
6617
5439
6323
5531
4290
4769
4085
4918
3751
5134
6074
7733
9081
10030
11795
12851
12334
12423
11935
11563
10690
12105
12144
10633
10225
9887
11691
11311
11647
11509
11460
10628
7925
7996
9185
5590
4754
4980
5482
4888
3673
3505
3735
2227
2370
1935
3335
5899
6898
7403
6981
6150
7165
6988
6963
9028
8698
8655
10729
10603
10635
11814
12583
12661
13138
11916
12945
12399
12713
11490
12150
10666
9966
9512
10221
11595
13208
13546
12157
11233
10576
10966
11252
12171
11602
11608
12410
12740
12454
11167
11293
10099
11650
11494
10562
11660
13273
12535
11755
12572
12720
12425
12893
13516
14231
14594
14034
14143
13987
13931
13467
13857
13708
13128
13101
12651
11933
11838
11648
12735
11879
12718
13555
13386
13332
12978
11291
12197
13398
12805
13517
13423
12174
10916
10327
10337
10222
11254
10396
10658
11056
11066
10203
10452
10014
8364
7499
6219
6200
6514
5454
6018
6243
7101
7389
6349
5796
5850
4861
4218
4686
3650
4598
5349
5209
5087
5896
7506
7470
8356
6701
7068
5974
5541
5927
6197
6617
6502
7071
5885
4161
4521
3637
1910
2859
4071
3349
3778
1439
665
531
800
2477
3623
3647
4367
5782
5718
4757
3966
4478
2801
1777
2091
1623
2641
1602
3075
2710
2197
1935
2372
3113
1920
1481
209
-497
-1155
-1567
-838
325
-1929
-1661
-2534
-4155
-3580
-4052
-4630
-6153
-4953
-5206
-6284
-6093
-6557
-7497
-8381
-8375
-8562
-8327
-9582
-9738
-11888
-10177
-11258
-10400
-12192
-11265
-10979
-10852
-11544
-11107
-9495
-8042
-6180
-4429
-3986
-4017
-2164
-327
-1733
-244
-1135
-2826
-3798
-3375
-3167
-4011
-4422
-5272
-5593
-5210
-4764
-3497
-3514
-1617
-2364
-3696
-4275
-3329
-5235
-5732
-5944
-6123
-7180
-6256
-4710
-4732
-4616
-2799
-1447
-1194
-1204
-1707
-1634
-1552
-1080
-1853
-2616
-1820
-757
-24
-88
606
2378
2459
3074
2117
1904
2656
2534
2837
2977
3498
2610
961
903
-988
-1779
-2312
-2129
-1411
-1465
-1148
-3162
-4376
-3590
-2592
-2353
-3301
-3927
-2188
-92
2232
2635
3958
4773
2844
3351
3636
2815
4345
3991
5287
5258
5159
3402
3432
2578
1877
809
2192
767
876
1581
483
858
495
882
758
3
443
1367
2858
1977
2578
3038
1534
654
1503
1616
177
-842
765
425
556
223
514
590
623
-919
-219
1298
1531
611
944
-4
-1169
-1611
-601
-746
-494
-864
-2430
-3721
-1397
-1305
-2160
-3874
-4454
-3673
-3991
-3819
-3483
-1760
-874
-1172
-581
435
626
-729
-312
206
-477
102
758
15
332
908
789
1581
2164
2791
2432
1934
1732
913
-401
2055
1148
566
-322
-122
-189
787
1249
1910
3056
3768
3457
2738
2268
3251
5177
5799
5673
6461
5961
5933
5234
6959
6430
7805
9045
10821
9751
11199
11329
9529
9878
10479
11647
11483
10222
11162
11441
10852
9705
8618
8098
6474
4485
5466
6124
6724
5266
5282
4862
4856
2996
2277
1550
1099
962
1391
1396
851
1511
2767
4891
5533
5005
4468
3769
5740
6696
6107
8917
9130
10844
11386
9174
8874
9330
8710
9143
9054
12104
10802
10654
11097
11305
11946
11307
10905
10647
10613
10524
11447
11443
11411
10664
11083
11582
11318
11137
9477
9309
9108
8189
5904
6475
5340
5610
5235
7253
5280
6826
6620
7188
7018
3912
2537
1256
2034
1799
1781
1932
1651
2512
2853
2356
767
1282
1160
2475
1994
2568
3228
3055
1971
1001
722
742
512
1887
2294
59
396
-548
-1405
-2933
-3488
-5118
-4362
-4008
-4112
-5489
-5406
-6495
-5144
-5037
-4020
-4399
-4970
-5208
-5292
-5993
-4802
-5793
-5939
-4771
-4316
-4916
-4679
-5076
-4928
-4311
-3200
-3147
-2868
-1485
-3031
-1959
-3043
-2137
-3253
-3247
-2655
-2634
-1590
-2414
-3925
-3335
-4124
-3710
-3590
-3011
-3326
-2831
-2587
-2007
-1157
-1792
-3215
-2203
-2477
-3380
-3357
-2204
-2388
-2537
-4741
-6051
-5143
-7090
-6678
-5602
-5464
-6935
-8687
-7809
-7347
-7580
-9891
-9827
-10091
-7915
-8428
-7418
-6342
-2487
-3351
-3567
-3536
-4703
-3792
-5088
-5109
-5419
-5279
-4590
-5396
-5029
-5457
-5866
-5003
-5055
-5989
-5901
-6484
-5709
-4721
-6015
-6149
-5985
-3929
-5532
-5659
-4982
-6309
-6987
-6094
-7342
-7875
-8058
-8431
-8835
-8574
-7414
-7467
-6554
-7289
-7991
-9034
-10856
-10686
-11026
-11147
-9350
-10751
-10443
-10300
-10986
-9094
-7666
-6946
-5550
-2670
-3378
-4073
-2167
-2405
-2934
-2602
-1709
-673
-2591
-2321
-1564
-1362
-2100
-3231
-1685
-1697
-1159
-1086
42
-841
-1928
-2250
-2439
-2534
-2352
-2479
-4424
-5350
-6682
-6909
-6977
