-72
-1905
-1182
-883
-86
-554
-1171
351
56
-278
-752
-754
-414
558
-276
770
682
303
576
1942
1486
2375
4903
4517
5061
7147
7516
8138
7952
6510
7252
9466
7525
8627
8942
10550
11042
10960
14821
13891
12716
12123
10887
10493
11313
11132
10766
8859
10390
10890
10536
9935
8488
5902
10075
10662
10384
9929
8877
9557
11485
11743
11575
13311
12774
12386
13887
11810
10410
11210
11388
9703
9803
9693
9371
11380
11175
10379
10652
9605
10253
10426
8157
8919
8970
9531
9137
9828
11716
12086
11136
11567
10835
9337
9125
9009
10737
9040
8118
8700
9014
9501
9751
9564
11088
10730
9502
9788
9390
8149
8667
10373
11939
12342
11766
10721
10427
10998
10948
10953
11485
11148
11379
10530
10226
11065
9642
9922
8790
7282
8435
7793
7954
6946
9224
8051
6877
5777
5352
6195
5129
4238
1698
1843
1161
1935
2280
2150
3357
3719
3048
794
508
1007
-13
-911
-433
1675
2060
1488
225
442
-1070
-838
-1507
-1158
-1365
-1484
-1691
-1949
-1337
-2999
-2520
-2626
-2781
-1657
-315
1514
2552
3125
2760
1706
1080
43
577
763
2350
3056
1705
208
-1066
-427
-835
-516
-1884
-1102
-1503
-1688
-1703
-516
397
-513
-1563
-1332
-240
-548
-669
127
-473
-1140
-1546
-1102
-1781
-1748
-1781
-1989
-2512
-3147
-2775
-3253
-2799
-2721
-3508
-5719
-5836
-6378
-4639
-3403
-4518
-4264
-3548
-3918
-3429
-4234
-3290
-4592
-3408
-2681
-2081
-1612
-1827
349
-372
1214
2458
4378
4070
4463
4358
6577
6456
8172
8867
8160
8516
6788
6423
6622
5650
5398
2841
1734
1226
1053
2222
248
-15
-1845
-2115
-4030
-4566
-5104
-4388
-4442
-5803
-5778
-7273
-8516
-8331
-8424
-9297
-10124
-9341
-10896
-11920
-11922
-13440
-12885
-11981
-9054
-9954
-9320
-8565
-10135
-8196
-6102
-3262
-3849
-4564
-4134
-3872
-4992
-6122
-5700
-6071
-6358
-6699
-7422
-7308
-7355
-5577
-6481
-5298
-5221
-5500
-5788
-5286
-5881
-6583
-7612
-6522
-5361
-5964
-6041
-6537
-6645
-7875
-7307
-7443
-7691
-7770
-8059
-7231
-7981
-5974
-7211
-6452
-6865
-6046
-7282
-5756
-7290
-8556
-8669
-8525
-9372
-7843
-7270
-7280
-8210
-8869
-9673
-8918
-9794
-11528
-11022
-9187
-9235
-9277
-9493
-7472
-5112
-5831
-5869
-5749
-7325
-8505
-8497
-9521
-9716
-10466
-10031
-10261
-9014
-8777
-8506
-8220
-7414
-7103
-7878
-7198
-6804
-5187
-6084
-4976
-5804
-7332
-8426
-7212
-6220
-5873
-6529
-8094
-8365
-8478
-8449
-8436
-8021
-7699
-7319
-7546
-7609
-7057
-4379
-6457
-7449
-6876
-6922
-5390
-4165
-3742
-4913
-5195
-6209
-3479
-3908
-1771
-1513
-1217
-1867
-536
-407
-2185
-2332
-3281
-2882
-2637
-4964
-4057
-3515
-3822
-2981
-1791
-1797
-803
-1592
-4330
-3097
-4267
-5444
-6047
-6900
-8876
-9501
-8986
-10138
-11096
-11632
-11486
-11007
-11054
-11239
-10681
-11266
-12454
-11631
-10695
-12631
-10827
-11219
-9126
-7730
-7915
-7969
-8579
-8364
-5966
-6805
-7952
-7857
-5654
-4953
-5655
-5187
-4675
-5111
-5971
-6427
-6466
-7566
-6970
-6395
-6316
-6198
-6737
-6019
-7038
-8940
-10194
-9214
-7693
-7345
-8386
-8610
-9094
-7872
-7221
-7811
-6869
-7493
-8221
-7404
-7049
-8552
-7833
-7256
-7646
-7387
-7097
-3937
-4414
-5137
-3375
-2257
-2249
-3017
-3889
-2027
-1946
-1219
-1359
-2431
-826
-215
-1116
-2054
-3478
-2851
-3512
-4152
-3844
-4499
-6243
-6811
-5576
-6990
-6492
-6373
-5540
-5334
-5798
-4298
-2270
-2174
-850
19
-1216
-451
-1354
-2766
-2865
-3469
-4878
-3734
-5728
-5784
-5727
-2554
-2784
-1586
152
-27
265
1230
1438
969
806
690
1568
3367
4024
3695
4738
3646
3058
2243
3957
2795
3006
3464
3110
6154
6260
6089
5727
5405
4821
5398
6802
5507
5107
3608
2965
2780
4864
5479
4314
4146
3836
3032
3006
2956
2735
4018
3617
2770
3158
2674
-470
1019
2414
2271
2264
627
-661
-1911
-2042
-1737
-1464
-1736
-701
-847
-706
-1056
-771
-933
-1586
49
2
787
-223
1017
1281
868
315
-527
525
509
-91
-2135
-1471
-799
532
1672
434
-294
-2037
-2481
-2528
-2089
-1591
392
-648
638
951
2189
2265
3550
5539
7149
7886
9188
11231
12479
12927
14532
15136
15761
14784
15515
16231
16187
17914
19575
17785
18046
18351
18617
20097
20300
19926
21365
18450
17291
16917
16963
17852
17762
17045
15948
15030
15949
17902
19142
17540
16506
15488
14157
13665
13605
13260
13397
14001
12584
10807
11513
11688
12000
12766
13313
13665
13464
13690
13378
12431
12141
11326
11782
12392
12771
12420
12896
12433
12516
14232
14872
13118
12962
16615
16188
16106
16378
18226
17116
16347
17181
16542
16491
17052
16473
16152
15583
15779
16002
15821
14729
16430
16879
17300
17076
17672
16885
17342
17627
16638
17973
18111
17536
17257
17607
17174
18414
15796
15533
16668
16267
16077
15375
17458
15779
17015
15959
14405
13736
14006
12592
12154
11629
11306
11404
12360
13695
14503
13081
13331
14104
14230
12905
12519
12494
13002
13851
14358
14894
13038
11623
10296
10778
9519
10647
10097
9131
7401
7847
8765
8527
8641
9920
9078
9193
8495
7752
7268
7139
7647
7533
8500
8225
8241
6732
6100
4719
4443
4841
6952
8016
9882
9649
9309
9228
7617
7520
9328
9034
9404
10006
9980
9318
9205
10266
9112
9673
10182
9554
8358
8558
8512
9611
8534
9935
9776
9342
8757
8538
9201
9307
9478
9061
9074
9133
8848
6987
6897
6625
7188
5447
5220
6034
8666
7863
10990
13004
11627
12716
10791
9989
9297
10686
10453
9083
9926
7729
5980
4500
3483
3873
3788
4355
3174
3612
5558
3558
4224
3714
3437
2949
3087
3192
5085
6663
6620
6847
8251
8479
10259
10986
10667
10852
9829
11252
9786
10362
10001
9434
9808
9757
10850
10579
11026
12572
12702
12614
12203
12910
12542
11280
12923
12042
14195
14025
12361
11227
11281
12215
10430
9526
11390
10281
10959
11435
11757
12662
13603
12166
12285
10504
9989
10395
9289
9580
10359
9877
10074
9415
8317
8549
9548
10376
11004
10947
13043
13534
14004
15059
14701
14249
13891
14992
16123
16088
16269
13915
13791
12845
12178
14083
14687
15092
14915
14693
13704
13120
13337
12890
10717
9565
10773
10687
9506
9945
10389
10075
9518
9456
8365
8678
9370
10235
11233
11811
12040
12587
11110
11156
12683
14430
14195
14543
16446
17958
17376
17523
17162
16973
16051
16730
16801
15015
15655
16458
15947
15318
14676
15096
16257
15801
12533
12086
9726
7523
8686
8023
8454
8191
8456
9180
7877
7465
8077
6891
7876
7760
8018
8440
7148
5480
4640
4022
3672
2410
1899
1550
1849
123
140
1460
3566
2705
2698
4038
4669
4665
6989
8433
9044
5607
5423
4057
4995
4965
5298
5395
5621
5568
6858
8370
8826
9122
9585
10408
10019
9717
10111
10491
10817
10587
10630
10364
9323
9875
9798
9257
9747
10332
11467
11233
10945
10339
9995
10696
11795
11374
12388
12312
10706
9902
10014
10667
11464
9379
8900
8094
7566
7839
8769
8676
8064
8205
8054
8867
7890
5879
8896
9033
8179
8707
8312
7553
7988
9367
8246
7564
9156
7391
7276
6961
6714
8044
9033
8943
10855
10526
8928
7946
7325
7273
9216
8319
8387
7740
7624
8609
9123
8940
8814
9381
9106
7203
7475
7714
6619
7899
8313
7897
6833
6613
6981
7389
6797
6495
4802
5284
4763
4472
3517
3949
4925
4167
4552
3412
2224
1199
1493
-67
371
-563
-2231
-2998
-3438
-2264
-2437
-1353
-2116
-975
449
-1432
-1146
-584
-994
-1516
-62
-938
-49
382
919
434
844
1123
721
556
577
561
-912
-954
-2556
-2244
-1077
-860
-709
221
-696
1231
754
-186
307
-47
-2853
-534
-1180
-1429
-527
645
-84
17
1118
833
861
1440
1310
1631
2079
1260
1443
1911
2692
2592
2821
3722
4655
3874
5262
5602
5569
5435
3716
1704
516
1498
-67
2061
725
1039
780
2045
3672
3774
3819
4545
4675
4014
4032
3674
2858
2742
1178
1213
995
720
93
-1147
-1060
-1885
-2439
-2209
-2341
-1846
-1860
-2074
-2222
-1403
87
721
851
1437
1164
2451
1513
2912
2336
3456
1967
1088
630
-125
169
1002
-463
308
1918
696
1020
569
20
469
230
240
736
133
1745
1154
721
1909
-104
-565
-957
-526
-2118
-2521
-1376
-2420
-3155
-3322
-5021
-5473
-2946
-2428
-2266
-1612
-1125
-1125
-1529
-1999
-1046
886
1684
2546
2173
1836
1563
1355
1641
2132
2472
1915
2649
2663
640
28
-753
-2167
-2849
-4611
-4231
-4161
-3746
-2694
-3363
-3790
-3013
-3988
-3709
-3972
-3598
-3595
-3078
-3724
-4801
-5050
-3874
-3204
-2565
-1860
-2771
-939
2191
3878
6407
6490
6730
6973
7665
6818
6042
7057
6308
5639
5726
5362
3547
3148
4499
4865
4013
3598
2981
1353
2211
3678
2708
2488
1400
1235
2784
2883
2685
3130
1289
2327
1887
1273
2243
1681
2671
1257
1685
2575
3503
2139
1735
1995
1911
2695
4373
3831
3672
5300
4477
5085
3088
1967
1988
2913
2044
1438
524
2510
2059
2678
518
-659
921
1256
1140
4020
4712
5610
6726
5790
7036
6495
6385
6159
6110
6544
8300
8583
10044
11343
11346
10623
9119
8786
9467
9012
8011
8447
6851
8211
8654
8194
7651
8746
8065
8096
8884
10325
10944
10413
9708
10009
8459
10067
9716
9842
9429
8670
9301
9393
8469
9582
12518
12708
11326
12524
12187
13484
13258
11408
10871
13398
15356
15280
15614
14285
13515
14696
13825
13849
14158
13601
12853
14114
14979
16288
15295
13823
14439
14670
16105
15318
15481
16472
15208
12717
11917
11365
10077
11468
11636
13841
14605
15122
14756
16667
15440
15921
15545
15910
14294
14639
14678
14210
15631
16894
15810
17211
18661
18645
17944
16939
17390
17598
19492
18959
18629
19045
19315
18139
17665
16954
17963
18196
17290
17943
18431
19616
18873
18392
19051
17274
17990
19711
19531
19189
19983
20455
22287
23032
21393
20391
19682
20604
18661
17884
17249
18696
17324
18210
17867
19291
19110
18669
19247
19043
20318
21744
20142
18652
19148
19038
19092
20270
19784
19272
20088
21386
20698
20408
20433
20189
20650
21460
21127
21941
20049
20710
18899
18380
18946
16932
15989
18189
17429
18287
16856
15808
14758
15823
14647
14859
14635
15745
16140
15509
14961
14176
15425
15004
14474
16328
16704
18051
17294
17251
17295
16796
17487
17981
16592
18096
18507
18018
18363
16369
15325
15710
14973
12846
13088
14070
14350
13347
12686
12626
11392
11141
10539
11376
10339
10976
12765
14716
16391
15804
16423
17040
18547
16795
16778
15587
15426
15963
15548
15228
14078
15195
15474
16170
15985
16033
16522
16112
15289
15111
15444
15430
14848
12420
12852
11648
12636
13522
14067
15545
17037
17727
16461
17734
17464
17273
16819
18638
19629
18777
18476
19587
18927
19490
17153
16497
15154
14928
14846
13343
11897
14111
13698
13548
13066
11575
10798
10475
8365
7862
6367
5978
4272
3090
1695
1498
1909
2650
1080
1548
1943
1803
2293
1619
1595
1919
1635
1670
3429
2818
1887
2550
4447
4161
3864
4183
4859
5802
3905
4619
4824
5278
4730
5780
5817
5698
5734
5441
6166
8799
9919
12143
12827
13052
10888
11630
12814
13307
13661
12920
12967
12862
13212
13683
11830
12009
13868
14984
14537
13491
12966
13371
13409
13414
13745
13719
12967
12310
12378
11329
12234
12566
11217
11407
7975
7472
7335
8109
7485
7931
6984
7106
8322
6751
6462
6085
8034
9186
9933
9844
9779
10056
10302
10100
9490
7977
8946
8082
8621
10446
9069
8870
7460
6634
8617
6667
6300
7306
7853
8288
8131
7915
7342
9200
10000
9708
9417
9029
9214
8027
8741
8949
9527
9597
9239
8338
7254
6982
5894
7509
7381
7499
7116
7409
8823
7784
7067
7701
9564
9249
9569
10445
11756
11742
12552
13754
12915
13257
13531
13225
12830
14131
13704
14392
14605
14047
13439
13055
13873
12630
12392
12829
11702
12296
13451
13757
13145
12389
13150
12712
11232
11022
11800
11049
10639
10343
8418
10799
11573
11050
11467
10872
11469
11714
11834
9968
10328
11196
11560
10888
10613
11399
11273
9978
10406
10841
12811
12311
12510
12715
13509
13683
12496
13659
13785
14101
13276
13587
13352
13387
12648
12729
11859
13137
12987
11863
11136
11653
11004
10506
10249
11115
11742
12385
13525
12469
12052
11654
12582
12348
11233
9664
7514
7096
6965
4539
3271
5043
6788
7224
7531
5720
6368
3996
3373
3271
3281
3220
2360
3311
3286
3733
3005
2273
-46
404
1376
1223
3761
2890
2916
1724
2347
582
894
1905
2229
1916
1276
-681
-656
12
129
-2179
-4646
-4213
-4668
-5163
-5371
-4169
-3572
-3254
-1928
-490
-2057
-1844
-1531
-229
-586
-535
553
1687
1058
157
-718
-781
-964
-702
-1905
-215
364
970
744
-462
819
287
2212
4257
3736
3173
2880
3803
4677
5712
5941
6152
6000
7195
7318
6820
5867
5848
5751
4634
4090
4107
4562
3214
3887
3947
3257
2928
3767
3764
1540
2636
2037
2039
3307
2291
2339
1491
2303
4996
5736
5234
2745
4100
3519
5056
5951
6811
3469
3852
3598
2927
2114
1562
2821
3190
3676
3280
2598
1576
2268
1243
1517
-111
-1651
-1902
-1956
-1963
-2146
-1380
-2526
-4304
-4697
-4888
-5035
-7050
-7066
-7460
-7520
-8059
-7455
-8172
-9016
-8674
-9062
-8519
-9217
-8400
-7144
-7743
-7978
-9333
-9885
-9242
-7139
-7657
-5220
-5163
-5863
-6581
-5655
-6301
-6732
-7687
-6706
-6852
-6512
-4685
-5895
-6318
-4790
-4055
-4540
-4468
-6018
-5883
-4462
-7195
-8328
-9698
-8538
-8481
-8268
-8853
-10391
-7298
-7204
-7880
-5314
-5648
-6075
-7192
-7925
-7684
-8639
-10726
-10745
-9885
-10103
-10009
-9855
-9046
-10160
-11462
-12114
-12034
-11973
-13674
-12178
-12648
-11488
-10461
-11522
-10455
-10276
-9921
-8339
-8467
-8609
-8632
-8711
-7890
-8921
-8404
-8601
-7511
-8081
-7604
-8206
-7486
-8576
-7299
-8503
-9309
-10621
-10268
-11150
-12379
-11920
-10946
-12441
-12088
-10351
-9628
-10226
-10554
-9855
-9151
-9594
-7320
-7539
-4760
-4192
-2804
-981
55
22
543
159
868
507
947
1083
1655
326
2230
1104
2629
3165
2801
3285
1831
420
2659
1488
2591
1852
1359
1765
551
405
-1203
-2991
-3646
-3530
-4816
-4819
-7261
-8011
-5674
-4248
-2806
-4580
-4762
-2744
-2334
-401
-455
-618
-724
-1184
-193
1046
1727
1671
867
1005
263
181
2044
1821
2697
2726
2683
2554
2361
2863
4736
4120
3199
6501
7054
5207
4731
3473
4129
4031
3571
4491
6057
5646
2088
3252
4707
3826
4678
5310
6316
6044
5368
5709
4036
2552
3228
2160
1374
-797
-1764
-1009
1184
715
1683
2700
2443
566
1281
960
1987
1492
2351
2645
1233
925
1180
1408
1468
2479
4024
2990
3068
2760
3055
3403
3755
3422
2941
4004
2130
3296
2335
3309
3018
4142
4820
4948
4039
3855
2348
4040
5170
5885
6082
6798
6671
7365
7288
7007
7702
6667
5786
6899
6512
6778
7916
8452
10437
11393
10763
12075
11975
10674
12853
14026
12300
12667
11877
10700
8829
9726
10857
9709
9910
9515
8169
10255
10996
9680
11080
9603
8493
8495
8283
7806
8889
7775
6802
8718
7542
8561
8103
7170
8377
7886
7041
6467
6623
6848
7244
7325
5862
5721
6269
6970
6885
7256
6267
6288
5791
5590
4529
3661
2115
1816
1978
988
964
-1512
-369
-688
-2640
-2350
-1369
-565
-117
1500
-23
1357
1149
738
377
650
1030
-87
380
1473
475
629
965
2057
1728
2934
4048
3494
2453
1385
724
1420
2708
2751
1673
2032
2330
2826
2666
3628
3614
6301
6105
6425
5511
5468
5624
5127
6101
6944
5483
6546
7012
6446
5671
4891
4823
3836
3010
3582
2402
2155
3689
2663
3047
1777
126
-1033
-751
-2114
-4212
-2799
-2807
-2518
-3644
-3215
-4323
-3558
-3503
-3841
-4187
-4794
-4058
-3274
-2749
-2479
-2521
-2173
-2296
-2712
-2870
-3516
-3415
-3329
-2680
-1890
-3458
-2051
-2391
-811
-1149
-620
-158
-764
-1162
-2723
-3481
-3407
-3583
-2919
-2526
-2462
-2763
-2613
-3104
-4471
-5557
-4496
-5176
-4265
-3597
-4367
-4344
-4886
-4199
-3190
-2980
-1930
-1947
-2526
-2625
-817
-810
-170
-508
190
471
-259
723
-1143
-1455
-3071
-2946
-3539
-4399
-4477
-3415
-4654
-3509
-1524
-65
-251
581
-1469
-68
-485
-834
-3271
-4598
-5381
-5681
-6914
-6285
-7329
-7479
-8167
-7929
-7143
-6085
-5750
-6292
-4260
-4881
-5467
-2624
-507
-471
-798
1122
1334
1158
2432
569
489
-435
410
-84
-1500
-2385
-865
-2053
-1286
-1219
-280
968
-203
378
-852
817
1053
1639
2249
2120
126
-807
12
-9
2130
2417
2531
2503
769
625
1446
3928
3634
4518
3263
5227
5518
6088
7389
8332
9075
9830
9424
8937
8042
8235
8129
8365
8423
7428
6785
4731
3391
2472
2941
3630
2752
3177
5042
4288
3630
3223
2527
3323
3561
2579
4254
5144
5405
4809
4634
3738
2987
1732
1250
1104
1800
1631
1719
1149
34
694
745
41
-2259
-3254
-3806
-4813
-5029
-3951
-4855
-4967
-5665
-7512
-6654
-7862
-8108
-8905
-9690
-9327
-9468
-10387
-8862
-7654
-8691
-8477
-8618
-9581
-10390
-10224
-9568
-8732
-7731
-7575
-7987
-9354
-7993
-7949
-7702
-7048
-8490
-8060
-6990
-6791
-7175
-7496
-6698
-6612
-7194
-7636
-9556
-9410
-7043
-6128
-5781
-6728
-5880
-4535
-4549
-2808
-3565
-4970
-6369
-6481
-7110
-6859
-9327
-9016
-11551
-10899
-11385
-12225
-12528
-13208
-13219
-14931
-14337
-13758
-12999
-13850
-13366
-13582
-14164
-13454
-12510
-11734
-11548
-10843
-9926
-9064
-8838
-10374
-10484
-10617
-10559
-8407
-9956
-10766
-12214
-11694
-11535
-12009
-12205
-10792
-10334
-10157
-11405
-9896
-10394
-8684
-7505
-8224
-8077
-6311
-6157
-7711
-8683
-6307
-5891
-5488
-4150
-3694
-5275
-3164
-4187
-4366
-4069
-3607
-2016
-4156
-4299
-3635
-3044
-3629
-4793
-6155
-4778
-6011
-6435
-8371
-7884
-8487
-7607
-7112
-7979
-7954
-7735
-9710
-10433
-11234
-10158
-8459
-7332
-7381
-7128
-7324
-7145
-8670
-9884
-10104
-9669
-10125
-10284
-9412
-8121
-7581
-6653
-7076
-5980
-5838
-5854
-6108
-6560
-6829
-5862
-4618
-4432
-3378
-2506
-3543
-3190
-3163
-2618
-2755
-5387
-5956
-7635
-7954
-8738
-8047
-8171
-8167
-9404
-7447
-8006
-8296
-7562
-8333
-9508
-9870
-10492
-9895
-10412
-9539
-9053
-10398
-10345
-10202
-11442
-10727
-11317
-12147
-12930
-12568
-13683
-13713
-13181
-12993
-12320
-12685
-12241
-12682
-11893
-12318
-13433
-12173
-11397
-10803
-11143
-10986
-11740
-10905
-10595
-12373
-13766
-13012
-13146
-11754
-11808
-11831
-12658
-11054
-9855
-9639
-8077
-7085
-6346
-6099
-6088
-6299
-5788
-6749
-7228
-6066
-5393
-5632
-5662
-5312
-3827
-3210
-4024
-4968
-5695
-6007
-7064
-6450
-5551
-4475
-5329
-4701
-4739
-5850
-6777
-7237
-6965
-7376
-8283
-6769
-7681
-7674
-5302
-4264
-5006
-4315
-3245
-3426
-3556
-4110
-3467
-737
-305
28
203
-955
-1789
-1746
-678
-395
59
-529
-974
-401
-104
-1156
-1331
-185
301
-257
-2114
-2993
-4215
-4658
-5192
-4902
-4456
-4233
-4287
-2916
-2660
-3668
-5121
-5452
-5977
-5668
-5535
-5084
-6641
-6139
-5857
-3979
-4008
-4229
-5153
-6011
-6951
-8809
-8448
-8700
-8525
-8357
-7529
-9829
-9809
-9616
-10091
-10922
-11255
-11003
-12269
-14191
-14079
-13705
-12430
-12748
-13913
-12798
-10996
-10644
-10500
-10075
-8737
-7916
-8687
-8870
-8449
-7298
-6387
-5860
-5398
-5675
-6342
-6975
-5529
-4897
-3378
-2596
-3979
-4644
-5041
-4617
-4729
-3657
-4090
-4313
-3684
-2537
-1068
-2743
-5178
-5412
-4514
-5302
-4951
-5141
-5566
-5823
-6874
-6129
-6194
-5755
-4828
-5091
-5883
-5510
-6892
-6413
-6666
-6015
-4557
-4529
-3777
-4866
-5392
-8498
-7972
-8613
-10901
-11738
-10643
-10674
-9828
-8789
-9369
-8848
-8069
-9123
-9841
-6667
-6381
-5562
-4930
-5776
-4945
-6120
-4766
-4523
-7182
-7186
-6787
-8307
-8315
-7618
-6584
-7744
-7010
-7349
-7434
-7319
-8294
-9074
-10900
-11437
-10571
-11547
-11490
-12048
-12432
-13155
-12879
-11391
-11281
-9974
-11038
-11234
-11949
-10755
-11918
-12753
-13260
-14646
-16750
-16883
-16404
-16205
-14929
-14440
-13923
-15040
-16134
-16688
-15745
-15363
-15633
-16114
-16461
-15842
-14319
-13432
-9929
-8908
-9288
-8132
-8008
-9701
-10742
-11908
-13178
-14847
-13834
-13827
-14273
-13000
-12965
-12589
-13149
-12358
-12695
-12071
-12881
-14083
-15072
-14606
-14589
-13826
-14017
-14952
-15259
-18394
-18779
-17240
-17124
-17365
-16734
-16302
-14650
-16256
-16121
-18355
-16300
-16917
-16659
-14019
-12962
-11867
-13447
-14566
-14064
-13215
-13696
-14772
-13906
-13487
-14285
-13063
-14226
-14763
-15188
-13001
-11511
-11750
-12437
-10913
-9843
-8790
-9288
-10068
-10859
-12855
-12508
-12282
-11898
-9117
-7875
-7126
-7122
-5783
-5893
-4452
-4513
-3591
-3816
-3021
-3616
-4418
-3403
-4306
-4293
-4540
-4995
-4602
-4995
-5013
-4590
-7143
-6695
-7565
-8690
-8525
-9789
-9163
-8894
-8807
-9680
-11604
-11184
-11302
-12499
-10991
-12387
-11401
-11153
-12058
-10757
-12198
-13174
-13594
-14554
-14808
-13227
-12138
-11730
-10437
-10103
-8225
-8925
-9776
-8717
-8993
-9466
-9557
-8797
-10287
-10050
-10622
-9701
-10164
-11765
-11903
-11090
-13135
-13780
-13943
-12811
-11177
-11910
-10581
-11139
-11651
-12122
-10597
-10752
-10553
-9170
-10593
-10660
-11275
-11676
-12826
-11582
-12058
-11558
-9829
-10995
-11930
-11178
-10569
-11438
-10814
-10342
-9115
-10587
-10596
-9855
-9831
-8863
-8454
-7949
-8122
-8045
-6578
-8078
-7654
-7223
-5957
-5895
-6927
-7198
-5780
-6866
-7301
-7874
-7374
-6593
-6666
-7369
-6778
-7575
-6464
-3744
-2402
-3744
-1423
-1374
-925
-300
-755
437
863
1270
2507
3354
3498
4284
5071
5359
4034
5573
4356
3326
5404
3568
3081
2870
3832
3211
2944
5572
6514
7892
7997
7883
8694
7888
9552
7895
8178
6682
6528
5471
6160
8891
8133
9000
8208
8522
8488
10504
11193
11114
11458
11440
9264
9288
8919
9956
10596
9513
9647
10913
11366
11265
11219
9917
10106
10417
10448
10116
10332
9457
11833
10691
11305
9974
9736
9624
9429
10106
9122
9490
9439
7854
8486
8807
10411
9678
8070
7225
6494
6518
6535
7388
8071
8514
8282
8875
10478
9375
9448
11300
10556
10563
9860
9185
8388
8259
6110
6031
6133
7337
7817
7523
7321
7707
7811
8045
8015
7475
6637
5902
4504
6741
7203
8240
7437
7386
6661
6750
7781
7461
6979
8173
7238
7238
8748
8662
8549
9824
9773
11874
10978
10098
9572
8763
8657
9388
7429
7696
6355
6300
6456
6090
5558
6871
5334
4655
4680
4125
3289
291
-628
-862
-58
176
-278
-1397
-1731
-4581
-2410
-1162
-748
309
1267
1209
1751
1504
388
-154
-1103
-1865
-896
-1400
-2670
-2746
-1750
-1919
-806
913
1296
-141
-28
-890
-906
1478
221
2097
491
-940
104
-1656
-1976
-2403
-2654
-1929
-3089
-2439
-2245
-2709
-5158
-3971
-2262
-1905
-2448
-1319
-1317
-2408
-1035
530
876
1263
1750
1916
2381
191
-412
668
-450
-1396
-490
-901
-1344
-2952
-3364
-4016
-5397
-7251
-7605
-8174
-9205
-8979
-7553
-7751
-6355
-5995
-5524
-6294
-8016
-9843
-8685
-9280
-8893
-7025
-7714
-6146
-6473
-7191
-7314
-7913
-8795
-9289
-9256
-10617
-9573
-8141
-8784
-10074
-10337
-11880
-10596
-10339
-8919
-7957
-6694
-8637
-8161
-9444
-10373
-9099
-9298
-9195
-7454
-6549
-8622
-8559
-10567
-10039
-10104
-10209
-11950
-12254
-11564
-11201
-12609
-12542
-13397
-13657
-14786
-14754
-15272
-14453
-12492
-12289
-11617
-11810
-13496
-13048
-13984
-14247
-14053
-13886
-12313
-11026
-9703
-8972
-10044
-7206
-6936
-7696
-6127
-7171
-6819
-8053
-7815
-7649
-9386
-9025
-10092
-8604
-8562
-8039
-8209
-6552
-7037
-6486
-7340
-5984
-6462
-7658
-7185
-7042
-6233
-5455
-4746
-5164
-5767
-7267
-7295
-7471
-7725
-7632
-8717
-9686
-8067
-9132
-9510
-8871
-6691
-5326
-4665
-4369
-4074
-4592
-5324
-4423
-4547
-3733
-3585
-3621
-2917
-2857
-2807
-4965
-6297
-7167
-5760
-5797
-4577
-5025
-5038
-5585
-6458
-6335
-8396
-5784
-6207
-5485
-6013
-5891
-5697
-6513
-8232
-5952
-5835
-6755
-6510
-7436
-7666
-6910
-8134
-8585
-7198
-7363
-9671
-11242
-8974
-10549
-10618
-11579
-10618
-9671
-11698
-13298
-14342
-14666
-15359
-13884
-14384
-13045
-13223
-15346
-15983
-14323
-13501
-13534
-13687
-12063
-11785
-13680
-14720
-16063
-15849
-16255
-17451
-18917
-18639
-19750
-19017
-18277
-18112
-17655
-17918
-20036
-20572
-21434
-20929
-21137
-21281
-20578
-19163
-20419
-18238
-19075
-20866
-20317
-18119
-19193
-20178
-19602
-17867
-18706
-19042
-19204
-18555
-17738
-15778
-14998
-13405
-11999
-13629
-13931
-12423
-13009
-13989
-12645
-14927
-14982
-13909
-14898
-14249
-15485
-13282
-14468
-14069
-13060
-11757
-10901
-10615
-8942
-9621
-9915
-9311
-7637
-8463
-8588
-7015
-6409
-6593
-6297
-6103
-4242
-4572
-3823
-3870
-3559
-2532
-3311
-2714
-3465
-1422
-184
529
1923
1355
281
-354
-1267
906
1032
1923
2148
2979
1009
1060
210
337
54
-1142
-1888
-2724
-1783
-808
978
2231
1305
632
2089
3027
3823
5539
7269
7829
8233
7754
7618
8686
8143
8116
7608
7255
7665
7419
6896
7473
7246
6914
8675
7559
8739
10370
9199
9562
10243
8932
8108
7574
6966
7732
7399
7957
9282
7454
5466
5503
6517
7759
10255
8242
9817
10145
8400
8262
8350
7338
8550
8288
8303
9121
9990
12147
12222
13019
12909
13661
12366
11912
11953
12947
14228
15443
17837
17177
16372
15521
16506
17404
15929
16630
17005
15868
14510
14764
14436
15039
14312
14183
14661
14645
14043
13170
13868
13657
11722
10943
12289
13131
13817
11523
10510
11776
11724
11731
12435
13522
14541
13890
13211
11190
10213
8030
8761
9063
10343
10286
10248
10879
11872
12559
12645
10685
13076
13853
11549
12363
10720
11697
12368
12194
11593
12608
13622
13270
14855
16877
16096
15603
13964
14109
13508
13901
13119
13342
11252
13204
13922
14522
14576
12758
13388
11201
10155
9170
9319
9020
9093
9463
8923
6516
5683
6085
6326
7430
8244
8312
9227
8480
6393
5192
2608
2485
1901
231
151
500
348
-1171
-886
-1577
-2039
-1386
-616
-1505
-1457
-1449
-3986
-3959
-3245
-2968
-1458
-1742
-2328
-1709
-1348
-853
-1087
-906
-1037
-670
-1073
258
1694
2129
426
-1
-482
-451
310
3673
3901
3787
4756
4828
4975
3723
4171
4146
5308
6557
6376
7774
7456
7441
8443
8144
7185
7805
7147
7770
6888
7469
5432
4812
3651
3047
2464
1798
809
5
-931
1067
223
529
377
178
-980
-558
-379
-888
-2396
-3098
-1415
-708
294
-2581
-2401
-3136
-5803
-7131
-6138
-3674
-3106
-1878
-1158
-1351
-269
749
1335
1466
-367
217
-1251
-1912
-1594
-2809
-3155
-3357
-4277
-3708
-3722
-5904
-7347
-7422
-8553
-9069
-10169
-11937
-12236
-13123
-14171
-13540
-14494
-13889
-13972
-12594
-12661
-13859
-14550
-15644
-15025
-16041
-15617
-15624
-16327
-16462
-14387
-14163
-14032
-15175
-13273
-14119
-14344
-13080
-12743
-12025
-10797
-10582
-11287
-10135
-8292
-8139
-8233
-8575
-9330
-8474
-9529
-10328
-9335
-7151
-6990
-6988
-6879
-5786
-6525
-5591
-5296
-4798
-5138
-5343
-4948
-5844
-5090
-5009
-3428
-4572
-3147
-2031
-2199
-2319
-1710
-1294
-1136
-1496
-1275
-1304
-1732
-1927
-3930
-3462
-3427
-4052
-5638
-6492
-7285
-8356
-7049
-9370
-9022
-9472
-10552
-9200
-9378
-7917
-7493
-7096
-6458
-6945
-7948
-8145
-8430
-7756
-8025
-6457
-7350
-8965
-9177
-9888
-9604
-10173
-10073
-8388
-7933
-7880
-8564
-10185
-9438
-8372
-10345
-9378
-9525
-9818
-10012
-9938
-7762
-7184
-8033
-6828
-6908
-6945
-6319
-5923
-6682
-2920
-5109
-3104
-2684
-3397
-4017
-3985
-4226
-5324
-5286
-6531
-7588
-7866
-7612
-6330
-6549
-7542
-7030
-7671
-7832
-8077
-10435
-11636
-13906
-12809
-13883
-13242
-11421
-11005
-12393
-12463
-12223
-13263
-14376
-14052
-15021
-14932
-13459
-12959
-12700
-12574
-13664
-14541
-13688
-13196
-12787
-14016
-11978
-11846
-12691
-14173
-14862
-13396
-13313
-14072
-14338
-14921
-14918
-13979
-13083
-12790
-13159
-14220
-13806
-12798
-13084
-14531
-13639
-12490
-11107
-10852
-10099
-9890
-10168
-11102
-11825
-13027
-12198
-12181
-13100
-13297
-12712
-11559
-9377
-8954
-7544
-6649
-6021
-6712
-7515
-7122
-6896
-8717
-9879
-10654
-10052
-9339
-7401
-8909
-8470
-6956
-6498
-9318
-10221
-10861
-11972
-11775
-10804
-9716
-9319
-8543
-9257
-8640
-7752
-6971
-7798
-7709
-8458
-8631
-8049
-8296
-7825
-6956
-7464
-8453
-7268
-7590
-9472
-7809
-8957
-9044
-10005
-11179
-9933
-10299
-10154
-9061
-9667
-9969
-11480
-10329
-9883
-10026
-8833
-10288
-11177
-11910
-11617
-10968
-9036
-8056
-7750
-7083
-4948
-5579
-6512
-6142
-7145
-8193
-9984
-9377
-8449
-8536
-9353
-12023
-11628
-11724
-11539
-13732
-12710
-12374
-12936
-12623
-11172
-10384
-9512
-9628
-7612
-5532
-5618
-4547
-4238
-3039
-3031
-2537
-2039
-1500
-1094
470
-1078
413
1730
3462
4799
4323
3632
2180
3387
3189
4213
4035
4582
5526
5363
5133
4594
5354
7330
6537
6523
4789
3343
3634
2352
2372
1401
1612
966
685
832
-95
-27
2041
1516
2559
1679
2111
2024
2817
2593
413
385
1441
2041
3343
3366
3247
3422
3308
1771
1934
1883
2418
2217
2577
1624
2459
2835
1712
2703
1380
2213
2665
3671
4284
1971
2091
1657
1941
2337
2774
3020
4365
4911
6499
7872
6460
5828
7192
7508
8554
8317
7896
7823
7376
7472
7686
8582
6567
6429
6889
7642
7414
8267
7248
6723
5871
4556
4849
5677
5151
5561
2949
2297
1780
2448
1596
1260
1149
312
19
556
357
1149
350
1975
1909
1256
1859
2047
277
753
2163
2003
1115
2080
1596
3434
2221
2831
3735
2509
4272
5287
5194
4487
4254
7989
6038
5014
5106
4946
5258
5822
4687
4117
5469
3898
3886
4692
5515
4639
3552
3710
4856
5265
5123
4994
7852
7973
7792
8750
9700
10927
10348
8771
8978
9261
7935
7769
8409
8492
8708
9828
9297
8331
8547
8370
6891
6806
7532
6801
7275
7136
7129
7463
6548
6309
5452
4371
4290
2564
2824
2156
3781
3601
2439
2256
3299
3709
2990
3117
3538
2906
2376
2706
3006
3913
3113
2164
2625
2066
1749
540
61
825
549
1582
-499
-1770
-6062
-6032
-5360
-6151
-7380
-6910
-5320
-6801
-6031
-5713
-5890
-5160
-5765
-6702
-5990
-2673
-2629
-2069
-4109
-4603
-5663
-6644
-5638
-4152
-3132
-3486
-3681
-3942
-4634
-5407
-6188
-4701
-3391
-4108
-3740
-3149
-4003
-3850
-3351
-3688
-3290
-3445
-4615
-4718
-7170
-6736
-8613
-6750
-6683
-5987
-6824
-8939
-8131
-8209
-7962
-7034
-7551
-4777
-5354
-3033
-2993
-2928
-2295
-2071
-3135
-3067
-4178
-4892
-5296
-3478
-3751
-5096
-4593
-4219
-3660
-2969
-3491
-2523
-3620
-3662
-3330
-2446
-2476
-2126
-2316
-2408
-567
-2183
-2997
-4389
-2826
-2525
-4158
-5148
-6544
-5786
-4894
-4111
-4595
-5063
-5578
-5091
-4352
-2522
-2548
-2153
-408
-861
-441
574
914
-597
717
1848
2687
2919
3313
3344
4539
4946
5834
5848
5607
5328
6233
5966
6291
6140
7234
6771
7761
7533
5915
6144
5503
6527
7257
8957
6035
5277
5674
6857
7727
7547
7042
7396
6227
6144
5374
6208
6163
6753
7129
8120
6541
7220
6792
7274
7750
7464
8071
7462
6625
5675
5100
5678
6493
7802
9132
8484
6931
7471
8053
7269
6113
5036
4212
4932
4007
3974
4766
5039
5602
5459
4663
4194
3864
3848
4966
4090
4949
5793
5236
7595
6732
6123
5235
3930
3557
2531
2999
2646
5060
5252
3816
4355
5123
4335
4869
4105
3025
3118
2125
1837
1066
985
1039
13
1182
342
1158
-223
921
2956
3099
3138
1846
868
868
752
1403
720
2079
2152
2425
1815
2568
1661
1178
390
1771
402
1897
1120
-615
632
-555
-43
457
1291
2038
2346
2534
2483
3263
5082
6562
7032
8040
7249
6686
6922
5512
6476
5849
4470
4476
2638
2866
2011
2626
2348
2331
3166
3286
3581
4126
4652
2808
3712
4830
4355
3878
4464
4798
2620
3398
4379
2839
2808
1462
2197
1072
2857
2714
3151
1697
525
1101
1431
1874
2164
1211
77
-719
105
-2976
-2184
-2129
-1268
-1109
-1150
-805
-1342
-2323
-3878
-3552
-4389
-5793
-6978
-5891
-6570
-6271
-5767
-6385
-7772
-7447
-6616
-7413
-7709
-7428
-8088
-7207
-7796
-7967
-7335
-7013
-5541
-4077
-5763
-6783
-6346
-6238
-8427
-8787
-8908
-6272
-6212
-7104
-7677
-6492
-5689
-3579
-3888
-3936
-2624
-3413
-2297
-1449
-915
-874
330
1865
3222
2588
2704
2159
3937
3289
3551
2416
1552
1710
1641
259
-88
-867
-2342
-1454
-434
-364
-997
-2006
-3387
-3163
-2276
-1736
-2166
-3944
-3327
-3222
-1879
-3010
-3114
-961
-955
476
874
2464
2560
3496
2637
4714
4419
5718
4698
6348
7450
6797
5932
6837
6799
6959
7609
8379
8148
7521
7266
8265
7855
7991
7113
8308
7935
8109
7905
8410
8338
6796
7323
6399
7373
6957
5703
6317
5497
4935
4287
4132
3171
2718
2252
-809
-561
839
63
1750
2870
2807
2465
3387
2672
4106
3693
3380
3602
2759
4524
3708
4507
5144
6790
6134
5582
4629
3395
4301
4016
5312
4315
4714
4204
2867
3156
3080
4217
3920
2641
479
654
-793
462
-1528
-2196
-2451
-1511
703
643
-121
879
3365
2535
3229
4327
4164
3395
3621
3246
2272
801
468
1469
1158
-152
-318
753
1499
473
479
-166
31
519
283
-595
-2396
-3089
-2067
-2127
-108
-1108
-1100
-841
-609
-1752
-2733
-1720
-2812
-366
394
140
594
713
896
1726
1425
2247
2266
3060
3803
2089
2707
2670
2947
2281
2448
2824
3919
1659
1879
943
563
-563
-2911
-3273
-3535
-2846
-2830
-3920
-2683
-3391
-2837
-3239
-3334
-2622
-2800
-2754
-2869
-2585
-3192
-3036
-3763
-4690
-4078
-4787
-3341
-3349
-3694
-4253
-2795
-3117
-4055
-3068
-4069
-2370
-818
-900
-851
236
-1146
-712
463
1961
3193
3042
2307
785
1219
1165
1170
935
-66
905
377
959
306
-1185
313
715
1369
1250
3129
2569
2003
2295
1983
2084
3421
4159
4231
4484
4749
4561
4809
4807
3591
2495
810
1742
1381
2185
2178
1102
1670
2089
2675
3415
1961
3064
3848
3608
4579
4050
2935
3731
3289
3485
2824
4189
3635
4481
5334
5166
4550
4375
4483
5397
5328
4934
3502
2507
2879
2142
2447
1918
3203
4355
5140
3829
2296
2393
1375
1713
1357
1872
2161
2984
2128
2963
3686
5029
6432
6614
5943
6252
6969
7986
7711
7069
7316
6995
9078
8785
8759
7833
8162
7302
6283
7468
7019
8987
8997
9040
9469
9245
7184
8292
7345
6743
5784
4136
2857
1743
1821
2506
2389
3788
4083
4830
3695
4668
5600
5476
4808
3985
4523
3463
2996
2336
2371
2080
2156
2058
2163
4613
3355
1499
1260
3001
2821
1601
2565
3925
3116
5192
3020
3295
2049
3331
3380
4055
4966
5079
5047
5467
4784
4955
4796
2758
1458
1766
1692
2937
3104
3522
3776
3579
4312
4300
4393
7101
7443
7187
7737
5971
6905
6412
7365
8528
7523
8233
8027
9077
8239
7861
7418
6139
7135
6432
7675
5296
4749
4865
5690
4626
6032
5531
5674
8047
9182
8145
9595
10389
9314
11059
10311
10815
11134
11006
9526
8992
9308
9641
9842
8767
9565
9738
9966
10103
9082
9480
8425
6983
7524
8987
8886
10401
11944
12387
12369
13106
13593
12322
12678
11652
11999
11448
11436
10898
11138
11489
11752
13274
13909
15077
16066
16466
15747
16283
16977
16468
16650
16263
16401
16587
15742
14686
16807
16339
16152
16049
16661
17488
16845
16329
13534
14010
14714
14091
14612
13574
13545
14490
15538
15990
15805
14701
16272
16514
16574
17077
17280
17405
18107
18756
19204
19350
19355
17118
18074
17664
17648
17801
17167
17568
16920
15250
14651
14266
14689
15810
15044
14338
13811
14097
13974
14288
15250
15304
13869
13342
13452
13832
14778
14615
14986
14755
15670
14390
12978
15379
13967
14255
12869
14459
14444
15627
15939
15943
15127
16585
15214
16213
15667
15802
14065
14856
14516
13820
12233
11153
13682
12649
13010
12881
12948
15242
15619
14046
12195
12057
10534
10831
12202
11606
10125
9481
8005
7218
7467
5378
5586
6091
5372
5812
5635
5605
6327
7111
7496
9413
8360
9851
9749
8629
9214
8362
8797
9161
8541
8189
7599
7104
6577
6537
6508
7437
8235
8594
9531
10565
9071
7465
6352
6779
4047
5324
5939
6201
7053
7300
5433
4408
5306
4968
4998
3667
3010
5543
6363
5330
5616
4075
3983
3157
2665
1130
374
-306
-617
-1597
-528
-359
-1234
-2366
-1478
-2831
-1900
-1378
987
2150
2849
3035
2804
2361
1743
2953
1879
2739
2082
1037
760
1247
263
-279
383
480
-508
-1486
-1458
-1616
-1356
608
-2917
-2625
-3490
-3519
-1620
-388
1613
650
1980
1936
2880
2743
3543
3797
3119
3349
4994
5043
6155
6432
3966
4813
4260
3540
2394
1473
508
2202
3255
2249
2918
2332
1750
1118
1559
685
984
1514
1810
2342
1866
2364
2208
2605
3287
4462
4384
4984
4829
3522
3141
3239
3059
1852
873
701
3048
4030
5609
5612
7671
6282
4278
5021
4766
4412
2707
4660
3665
3411
3482
1754
773
1047
672
1023
572
924
1158
-701
1427
1343
3177
3938
4899
5958
3936
5055
3912
4166
2821
2216
1200
168
-764
661
383
-721
-1448
-2244
-3276
-3175
-3240
-3627
-3782
-5120
-5493
-6242
-5025
-3850
-3724
-3115
-4015
-3652
-2966
-3405
-3195
-4022
-4214
-3457
-4400
-6542
-6915
-7523
-7251
-6554
-5411
-5155
-5031
-7632
-8393
-7695
-7539
-7544
-8167
-7228
-6773
-6696
-6080
-4472
-4393
-3549
-3196
-2537
-4193
-2584
-1587
-2482
-1990
-1401
-3946
-4404
-5207
-4554
-4636
-2817
-3750
-2692
-3065
-3161
-1119
931
2264
2007
2117
4091
5670
6041
6176
7308
7862
7753
6521
6406
6998
6200
6760
6001
6116
7341
7280
6862
7564
7557
6486
5722
4548
4358
4742
4765
5154
5190
5187
4503
3657
4047
4049
4671
4520
4979
5676
6546
7492
7239
5811
6001
5535
6828
6450
6320
4460
4771
4078
3435
2728
2718
3565
5383
6596
6314
6968
6079
7830
7906
6292
6745
6555
6346
7152
7814
5334
5272
8498
9813
10848
11482
10510
9690
9406
8873
8704
8424
8116
9038
8200
9013
9959
9914
10977
11493
13697
12815
11459
12404
12784
11955
11649
13026
14105
12561
11860
10947
11791
11075
10661
10688
9349
9574
8999
9542
9620
10845
10401
10884
10926
11262
11303
11075
10982
10694
10330
10574
12439
13258
15365
14341
16264
18121
18541
19092
19496
20063
20951
21080
21119
21887
20657
20468
20860
19598
19593
20189
19972
19223
18832
19843
21106
19663
19452
19838
20403
20225
23327
24079
25718
25213
26012
25524
24506
24491
23619
24246
22619
22085
22194
23816
23673
23696
23656
23250
23176
21107
21133
20881
19828
20439
19243
19788
21161
20970
19552
20126
18769
20034
18698
16983
16996
16878
16947
16739
17542
17571
16725
16486
14691
14539
13252
12230
11713
10877
11503
15169
14545
15140
15664
16473
16140
16205
15672
13935
13527
11474
11431
10658
11201
11533
11375
12114
12396
10934
10893
8215
8192
8239
7611
8589
9115
9067
10022
9367
9475
9878
10809
10360
8934
8110
7083
7126
6797
6127
6057
6113
5526
5335
6475
7574
9018
9208
10160
9163
9456
10950
10024
9150
9063
9995
10467
11459
10766
10921
13584
12279
12000
14069
15120
13577
15584
13931
12708
13333
13997
15161
15132
17222
18286
18395
17711
16121
17002
17436
16819
16710
16091
17095
15699
14833
14098
15010
15341
15865
12935
13632
13822
13343
13846
14719
14602
14226
12970
13607
13472
12225
12806
13689
13296
13999
11381
12207
13902
15139
14588
12240
11266
11174
10775
11860
9711
9588
8403
8090
9858
8946
9898
10553
11018
10322
10750
10311
10582
11388
13491
11817
12109
11152
12216
13107
12536
14085
14328
13086
13644
13061
13209
13280
15096
13404
13983
15169
15527
16538
14854
15548
18053
18559
17147
16689
15995
14168
15271
13713
13404
12959
12286
11967
14761
14950
15157
16869
16002
14598
13346
11731
11045
10892
10344
9621
10886
11606
11073
12369
12415
12977
13817
13432
12605
10244
10205
8194
8462
9233
10311
11084
11769
12110
14412
12541
12066
13326
14299
12906
13224
13357
13294
12695
11071
10476
10003
10118
10452
9005
9004
8672
7816
7742
8875
9293
9156
8812
9671
11103
11407
13478
12597
11309
10721
11331
9681
10319
8464
8157
8118
7871
8339
9840
10617
9922
9834
8794
8469
6080
7063
6946
7591
7202
8389
8708
8538
7493
7932
7547
7358
6155
6131
6668
5917
6251
6994
8142
8008
7076
4618
3583
3688
2912
2972
2686
3600
2879
3527
2360
2678
2539
1602
1025
300
179
1781
1067
1582
2030
3412
4338
3386
4044
3626
3586
3494
3673
4550
4781
4627
3360
2971
3568
4491
4565
3987
4974
5264
5156
4746
3082
2024
2647
2267
2141
2594
2036
2149
2917
1087
2289
1047
865
1514
438
409
29
-100
841
247
104
527
633
55
122
-416
-1530
-2317
-2338
-1878
-1632
-2566
-2909
-3220
-2464
-2184
-1938
-2961
-2888
-1691
-2253
-2014
-3790
-5716
-4477
-5696
-6402
-5906
-7440
-5472
-6164
-5103
-5282
-4717
-4392
-3921
-3460
-2566
-2816
-2882
-2436
-2290
-3087
-1140
-1877
-3723
-2656
-2640
-3606
-3565
-1960
-313
-1048
-1505
-2305
-4322
-3337
-3534
-4227
-4406
-3807
-4783
-3220
-2025
-3249
-4013
-4925
-4081
-3437
-2865
-4066
-2136
-2842
-3877
-3474
-2910
-2648
-3237
-3204
-1501
-1964
328
1043
1195
-128
-1147
599
-230
327
-842
572
798
135
-698
-699
-1192
-340
1196
1191
1809
1318
863
557
-631
-1558
-974
-893
-2007
-1833
-1926
422
800
1134
2560
6229
6598
7766
7341
8197
7844
8602
9003
8383
7946
9542
9340
10282
11504
11544
9296
9289
7945
7209
8194
8892
8770
7867
8029
7783
8792
8419
7384
5333
5456
7999
7472
7917
12029
10945
11372
11288
10469
9984
10426
9491
7753
6953
5497
4835
4979
2089
1868
2157
2748
2550
1415
2565
1980
3143
2884
3801
3512
3831
4900
4656
3793
3274
2692
3515
2890
2643
2611
891
1781
1957
2095
3239
3101
3134
4142
5133
6669
5452
5108
3089
854
-43
365
584
246
2010
2222
3172
2439
1891
1810
1389
-976
-787
262
1611
3459
3403
2078
807
-1321
-1061
-142
-729
-408
-2086
-2113
8
-1162
-1251
-683
-2146
-3270
-2711
-2439
-1717
-1120
-1774
-244
1670
1849
2384
1637
1232
1087
154
783
157
1091
1676
1836
1456
-458
331
-614
-835
-225
311
-15
-178
2677
3689
1898
3422
4050
3578
4125
3174
3876
4192
4004
2491
1737
-140
-387
2162
2308
2152
1710
1043
-450
-1431
-1359
-2106
-757
-960
-1272
-922
-230
-1619
-255
-576
-80
974
741
2731
3913
3134
3772
4607
5634
5431
5034
5664
6465
5465
5578
6400
6577
5676
5507
6572
6091
6290
5839
4930
4514
2547
2332
2754
4151
2733
2579
2079
2354
810
455
415
2267
3557
2575
1134
498
-365
-3256
-863
-334
-1015
-1682
-1525
698
-724
-1747
-1745
-2160
-1833
-1155
541
1137
1920
1197
728
1773
2284
2255
853
1487
1211
1172
980
2710
1456
1015
304
-210
978
-306
-2025
-1709
-2433
-1880
-2230
-1689
-1659
-376
-628
-1165
-1652
-2134
-1657
-1140
292
855
686
619
557
887
893
578
-398
1924
2322
1805
2813
2165
705
358
1224
1843
-432
-353
784
1115
1036
1325
1879
2742
2676
2751
3373
4339
6027
4813
3915
3521
4058
4625
3534
3026
3488
3442
3128
4470
3511
2340
946
1524
1007
2187
2117
2207
160
-3013
-2644
-2388
-2824
-2905
-3634
-3678
-2941
-3014
-1798
-3015
-3379
-3765
-3093
-2615
-1438
-2294
-838
-866
-1498
-504
69
224
-1979
-2855
-2299
-1146
-282
-1320
-1259
-2010
-1425
-1688
-671
-433
-416
-2177
-1676
-2890
-2258
-1172
-2276
-2570
-3368
-5443
-5393
-4482
-3911
-2014
-3118
-2574
-2887
-1422
-1444
-603
-315
-524
-482
-678
625
554
-491
-261
-803
-2323
-1024
-583
-196
-968
-159
-622
-1500
-2442
-4093
-3457
-3331
-1498
444
-1992
-2321
-2181
-2516
-3660
-3994
-5026
-3821
-1596
-2664
-825
-2544
-2148
-499
-1670
-3026
-2785
-3047
-3385
-2705
-3062
-2427
-2786
-4166
-5159
-4908
-5922
-5879
-6610
-6462
-5882
-4893
-4252
-5011
-3229
-3141
-4371
-3910
-3997
-4948
-4564
-2026
-2217
-2460
-1023
-1719
-1452
-1429
-2139
-3549
-3317
-2943
-3476
-3896
-3097
-2598
-2154
-1672
-2664
-3312
-5890
-6794
-6124
-5759
-6896
-7531
-6532
-6060
-5638
-4833
-3769
-3641
-2811
-3840
-3085
-2770
-1983
-1356
-2157
-1889
-1957
-12
2453
579
615
2203
2526
2618
2113
2542
1942
1871
3259
3004
3374
1444
1263
1559
2435
2022
3555
5978
6377
7086
7018
8733
10602
10734
11565
11000
11601
13443
13800
14662
13541
13383
12700
11171
10737
10326
10394
10480
10530
10111
8168
4991
6511
6898
6448
6994
7193
7874
6746
5862
4757
4456
4776
5309
5198
4075
4592
3877
4576
3641
3407
2741
2419
2373
2707
1939
-1464
-1615
-3311
-4073
-4289
-3878
-3303
-2556
-3026
-3533
-2775
-3534
-4220
-3205
-3832
-2957
-2693
-3331
-1842
-522
1089
1713
1984
1102
-271
-837
-1556
-2365
-3374
-2280
-2321
-1227
-1116
-1273
-2477
-4095
-2111
-1198
-1772
-1236
-671
-496
-208
506
966
63
61
-1709
-3002
-2446
-2166
-1814
-1076
-2284
-3633
-3477
-3357
-4785
-5748
-4774
-4389
-4866
-4457
-5888
-5046
-5147
-4523
-5119
-5871
-5843
-5931
-3774
-3821
-3684
-3658
-1705
-2035
-2923
-4159
-3331
-3163
-3072
-4606
-5949
-4753
-5523
-5728
-5254
-5710
-7753
-8442
-8266
-7654
-5916
-8483
-7837
-8117
-9179
-8855
-9301
-8840
-8997
-8888
-8980
-10389
-10059
-10850
-10857
-10663
-9930
-10233
-7820
-8403
-9461
-8227
-9859
-10208
-10409
-10174
-11313
-12359
-13913
-14108
-12901
-14270
-15851
-15979
-16229
-15455
-16237
-18379
-17866
-17660
-18634
-19902
-17845
-18565
-18113
-17370
-15693
-15802
-16140
-16676
-16637
-16283
-16968
-17178
-16352
-16141
-16446
-16017
-14957
-13980
-14379
-14179
-12850
-11211
-10103
-10442
-9954
-10045
-9702
-9035
-8547
-8006
-7827
-8080
-5743
-6604
-7226
-5935
-3369
-1470
-1979
-369
-2979
-2388
-1354
-1500
-593
255
-1846
-1675
-1826
-1118
-449
-740
-390
-234
-229
-400
-319
-531
-164
-2820
-2802
-3017
-2668
-1363
303
522
253
1794
1776
1762
2650
4443
4031
3726
5263
5118
6587
5176
6341
5255
5440
6389
8479
8978
8438
8062
8535
7900
7291
7234
7877
7560
5987
6546
6798
5459
5079
5895
4575
4605
4268
4737
5647
4510
3998
2765
3158
3557
4325
3888
3806
3564
4289
4233
3136
1905
502
468
65
-687
-2159
-1004
-688
-3233
-2447
-2250
-3520
-3284
-3850
-5088
-4389
-3659
-4356
-3622
-2279
-4032
-3584
-3745
-3465
-2682
-1873
-1761
-3412
-4064
-4438
-3581
-3506
-5277
-7076
-5684
-6590
-7312
-7191
-7103
-6312
-6957
-7245
-7117
-8578
-9435
-11502
-12266
-12200
-13897
-12842
-11471
-11522
-11682
-12596
-11481
-12163
-12637
-11194
-9875
-10951
-10169
-9588
-9035
-8462
-9068
-10942
-9680
-9481
-11136
-10279
-9111
-8385
-8133
-7036
-5917
-6212
-7797
-8403
-7261
-7256
-6331
-6156
-5757
-4529
-2957
-2035
-1389
-905
1882
1434
1292
1501
1190
1945
1055
-125
1160
-830
561
451
727
1042
3698
3376
5049
3443
4424
3022
1657
514
196
1130
1754
3976
3512
4348
4023
3713
3711
2716
3956
3275
3907
4252
4829
4741
3392
4092
3457
1707
916
1519
1297
53
918
-1267
-1446
-3374
-1684
-2419
-1912
-1526
-2622
-3912
-5166
-5773
-4332
-4766
-5269
-5488
-6777
-5283
-4605
-4377
-6662
-6825
-4277
-3599
-2765
-1887
-2068
-1448
-237
-1618
-867
-1523
-2491
-2753
-3032
-4556
-3246
-4278
-3521
-3032
-3897
-3210
-1311
-3090
-2456
-1447
-399
-187
-1451
893
122
-859
-1825
-3072
-1706
-2143
-3306
-3365
-2310
-1857
-2485
-1799
-1759
697
313
-1025
-1372
601
1137
1653
1217
-632
-2530
-2262
-3250
-3761
-3804
-4052
-4189
-4686
-4762
-6898
-7240
-5306
-5074
-3970
-2339
-890
-695
-912
-2310
-2997
-1856
-1934
-1231
147
-2256
-1281
-466
-861
-66
-1754
-994
-3072
-519
-1244
843
586
-1055
-2795
-3280
-2848
-2837
-4449
-3449
-4083
-3809
-2826
-1964
-3090
-2310
-3369
-4353
-3009
-2617
-4352
-4825
-5828
-4799
-4374
-4654
-3966
-3494
-2787
-1784
-1701
-89
-577
-1398
-1636
-2783
-3514
-2158
-3922
-4596
-3620
-3654
-3043
-4012
-2751
-2504
-3127
-3470
-4040
-4348
-4472
-2977
-3710
-1849
-2819
-1816
-1304
-671
-1227
-1132
-573
-2483
-2456
-2164
-556
-270
-551
227
-1149
-1504
-892
-1652
-1776
-2166
-1076
-1258
-1803
-879
293
-1198
-1183
-171
-722
-307
1392
896
1564
1656
3744
4773
2222
2605
3429
3037
4333
2682
2296
3148
2322
4304
4831
4149
3640
2217
2889
3551
4230
4900
5740
4745
5771
7383
6365
6042
5692
6403
5249
4066
3578
2495
3148
2059
1808
1921
2162
197
-300
-2362
-2764
-3942
-4295
-4529
-2505
-1810
-2955
-4945
-6298
-6413
-4473
-4091
-3358
-3003
-4210
-3179
-3115
-4237
-2537
-2320
-2243
-3770
-4086
-2972
-2139
-1028
-1279
-2362
-4054
-3316
-3500
-3724
-4165
-2632
-3067
-2724
-1379
-591
-357
909
251
1048
301
-1256
-2032
-3598
-3050
-1529
677
829
-10
-1699
-3738
-4530
-3537
-3210
-2725
-3542
-4511
-4457
-3310
-4743
-5592
-5785
-5086
-4719
-4010
-3460
-4953
-4278
-3022
-2762
-2352
-3390
-2993
-2285
-531
-75
-1090
-989
-2046
-2758
-1072
-272
-124
-2367
-3994
-4082
-4751
-5298
-4077
-5776
-5062
-4922
-7025
-6819
-5639
-5838
-6399
-6713
-6179
-5937
-7547
-7651
-6500
-5069
-5243
-5004
-5253
-5766
-5488
-6188
-6612
-7535
-8660
-8688
-8292
-9412
-9819
-8914
-8481
-10162
-11523
-10889
-11736
-11920
-11923
-12411
-12816
-13965
-13089
-11504
-12203
-11010
-11536
-10773
-11504
-11452
-12746
-12184
-13304
-13812
-12997
-11907
-11099
-9812
-9899
-9810
-10208
-10269
-8923
-9128
-9844
-10107
-9798
-10976
-9771
-10698
-8232
-8716
-7256
-6406
-5426
-5624
-4578
-5997
-5682
-7184
-6305
-5302
-4460
-3609
-3523
-3302
-2082
-1934
-2858
-381
162
-164
598
566
1184
386
492
-36
2217
1649
839
128
262
1654
4817
4421
3775
3632
3409
3928
3340
3377
4695
5053
6680
6722
7859
7988
7940
9061
8309
6677
8503
8201
9637
9687
9272
9459
9103
9255
8901
7746
6766
7028
6284
5177
5253
5115
5287
4607
3556
2761
1304
1777
1743
1384
1752
1544
2761
3639
3517
1777
1107
1329
3808
3946
4687
4833
5448
5552
4373
4024
3084
2499
190
362
-209
768
1467
2203
3259
3741
3135
2991
2773
3921
2441
1631
0
660
1837
1367
1645
1374
2108
1097
-69
515
1061
1628
911
1982
3001
2667
4043
4710
4674
5923
7579
6229
6292
5726
6578
6809
6562
5820
5595
4855
3718
2439
3156
5436
6640
7031
6072
5490
4289
4809
2899
2367
3627
3270
4824
3927
5081
5392
4898
3826
4782
5421
6129
6974
6398
6825
7052
5530
5251
5344
4203
3215
3194
2946
3401
3411
923
484
47
29
-1462
-1442
-1731
-530
641
2516
1363
660
-677
-1230
-850
-2142
-2452
-2053
-4072
-6159
-5810
-5664
-5178
-5479
-3945
-2986
-3399
-2810
-3511
-2770
-4281
-4747
-5428
-5922
-6860
-7449
-7874
-6618
-6829
-5637
-4803
-4219
-3642
-1601
228
1700
1297
1113
2110
3298
3119
3285
3444
3438
4099
4291
3921
5572
5286
5563
6523
7957
7211
7618
8184
8525
7778
8566
10582
10041
9710
10078
9990
10687
9617
9596
8577
11310
10491
9463
8999
7321
8295
7349
7108
6155
4517
5205
6525
7533
8189
8293
7706
7656
7174
6949
7081
6845
6634
4776
2559
789
1495
2481
3414
1033
1776
2767
3625
2169
1312
3124
1119
475
-98
-1504
-1053
-1228
-2041
-1205
-1951
-550
-185
-703
28
-652
-1654
50
168
-1606
-2124
-961
-785
-2466
-2708
-4398
-5247
-5505
-6227
-5609
-5214
-5380
-5297
-4804
-3031
-4139
-3853
-3613
-5653
-5312
-4439
-5196
-4525
-5147
-4435
-5291
-4109
-5107
-5527
-4684
-5189
-4253
-4059
-2617
228
-495
-1090
-1948
-2182
-3136
-1727
-3340
-3230
-4694
-4158
-4441
-4041
-4693
-4330
-2843
-1328
-723
758
575
1005
-200
1648
1608
856
242
601
656
279
-700
17
2029
1282
-878
-1195
-1824
-2970
-3469
-4409
-4711
-4273
-6319
-6753
-5126
-6005
-6466
-7047
-8267
-9395
-8818
-9382
-7296
-8586
-7565
-7369
-7094
-8451
-6013
-7525
-7898
-7389
-5749
-4464
-5599
-5140
-5389
-5874
-4854
-5061
-3868
-1936
-1122
-442
-1222
-782
-1818
-975
-2558
-2375
-3383
-2191
-1462
-3112
-4187
-3517
-4386
-3701
-2915
-2879
-3761
-4710
-3375
-3677
-3251
-2893
-1840
-2994
-3299
-4746
-4379
-3759
-2868
-4124
-3966
-4980
-5566
-6369
-4486
-4952
-4365
-5588
-5261
-3252
-2842
-2039
-2416
-3752
-2234
-2467
-2626
-2161
-2061
-2889
-2651
-3623
-3343
-4806
-4116
-6352
-5797
-5346
-4841
-4079
-4067
-3219
-3294
-2332
-2874
-454
-1139
-806
-2418
-2367
-406
634
27
103
-479
-1413
-255
-259
-565
-1259
-1409
-828
-1821
-2018
-2884
-2464
-2779
-3274
-2420
-1947
-1829
-1680
-1545
-556
-127
-53
-1332
-323
-2081
-809
-204
-1083
-2010
-1851
-1620
-2743
-2090
-2313
-981
1123
768
1739
2870
1670
1903
3401
3556
5344
5433
6279
6996
8389
8121
7591
6528
6363
4921
4572
4736
4413
4339
4882
3667
2723
1137
1419
1622
81
1062
1538
2235
2240
3684
2051
1410
456
205
-272
-355
-1181
-281
303
1519
1314
-197
-2185
-3376
-1898
-4392
-4727
-3704
-3999
-4386
-2953
-2323
-1400
-2774
-2740
-2121
-721
-798
-1958
-726
-3046
-1561
-1250
-1030
195
679
374
722
351
1417
896
-641
-814
-532
-800
-839
89
783
1448
1999
2065
3054
995
1501
2555
3746
3069
3629
2674
2254
4041
4342
2415
3192
4279
3804
2893
3419
5121
6149
6176
7313
7443
7831
7598
8170
7911
7527
9129
9538
10501
10169
10039
11095
8400
9206
8352
7770
6290
5289
6197
4637
5283
6059
5494
5606
5303
7512
8210
7116
7337
6795
4645
5469
5398
5761
5875
5501
6527
6219
5591
6857
7005
6633
6866
8518
8693
8366
8439
7208
7465
5874
4669
4545
4706
5694
7260
5827
5892
6315
6343
8510
7137
7550
7113
4789
4189
4733
5381
4316
4326
5837
6394
6577
7178
7479
6537
7387
7090
7344
8326
9709
8645
6692
5271
4626
6280
6266
4813
5406
4271
3566
3087
2459
3427
1760
-152
838
29
-3204
-4133
-3357
-4284
-3807
-4740
-4706
-6900
-5441
-4992
-4972
-5907
-5830
-9010
-8274
-7205
-8016
-7778
-9628
-10909
-10089
-10269
-10422
-9257
-8964
-8300
-7479
-7921
-8914
-8416
-8162
-8327
-8787
-8905
-8664
-7286
-6182
-5702
-7164
-7297
-8470
-7761
-9361
-9377
-8933
-8469
-7432
-7966
-7263
-8012
-8379
-6902
-6113
-6724
-6356
-6340
-6364
-8373
-8887
-7152
-5192
-4423
-3204
-5035
-5944
-5537
-5746
-5312
-5078
-4338
-3007
-3473
-2919
-3491
-4901
-5404
-3885
-4968
-6159
-7466
-6621
-5842
-5434
-3559
-3655
-4596
-3883
-4387
-3720
-3983
-1039
-1025
-268
711
2046
3256
4580
4439
3638
3709
3485
1852
2355
2029
371
358
1144
595
1648
2445
2806
3429
5137
4323
5013
4021
2509
1956
2164
2014
1335
-344
154
297
-639
-1062
-1571
-1680
-2016
-1807
-2923
-3876
-3526
-3796
-5687
-6703
-7999
-8114
-8004
-7642
-8277
-7678
-8730
-8185
-8730
-8840
-8532
-9968
-9750
-9111
-9353
-9669
-9572
-9650
-9959
-10692
-9968
-11317
-10487
-10335
-10812
-10873
-9640
-11918
-12741
-11810
-10840
-11293
-10137
-10460
-10578
-9718
-9354
-8309
-8405
-8988
-9789
-9900
-10206
-8722
-10099
-9178
-8456
-8326
-8807
-9349
-8683
-8006
-8085
-6689
-6474
-6923
-7340
-7233
-7619
-7644
-6389
-8138
-7628
-7296
-7110
-5663
-5986
-5607
-5456
-7463
-6627
-6416
-6190
-7477
-7040
-5568
-5556
-7203
-7623
-6748
-7100
-6610
-6448
-5115
-5536
-5642
-6347
-5083
-5399
-5925
-5817
-4619
-3864
-4754
-5388
-7433
-7913
-7701
-6486
-6177
-6718
-7383
-8712
-9265
-9138
-7946
-7441
-6229
-6146
-6276
-5645
-5090
-5442
-5529
-3781
-3670
-2975
-2569
-1035
-1313
-488
737
2177
2899
3584
3964
4871
5193
4637
5874
6533
5877
6058
6162
9022
9190
8718
8732
8765
9117
8609
8388
8168
8906
7988
7888
6726
6885
5970
6224
6287
5804
6420
6812
6415
5892
6941
5874
5106
4341
3100
2493
4099
4562
4883
5266
5203
3893
4568
4452
4168
4690
4245
3284
2813
3320
1962
2574
2316
2198
3836
3373
2265
2543
2768
2840
3646
3707
1839
239
-928
508
795
1245
1229
1196
232
1304
-215
662
1323
1948
1389
131
-2114
-2088
-2565
-4893
-3932
-4591
-4989
-4381
-3047
-1896
-425
-411
-1113
1461
2091
3124
3847
2857
3030
1018
923
395
512
544
968
2764
2931
1554
1176
1482
323
783
2071
2573
2057
1229
2330
3330
2615
2806
2917
483
459
-1298
-1223
-1830
-1549
-347
1066
2049
2750
3862
3958
4906
4217
5426
5226
4764
3229
3606
3768
2926
2794
4131
5391
5150
3681
2831
2518
1947
2569
1735
1737
1089
1344
3122
3594
4043
4890
4521
3580
4612
3890
4631
3511
3602
4679
5084
4115
6863
8502
8903
9233
9190
9772
8623
9344
8532
7559
5861
7738
6833
6363
6885
5849
5113
6330
6928
7597
6699
7531
6824
6825
7426
7421
7332
6184
6112
3849
4176
3140
3156
2786
2510
1482
893
397
-18
1146
-35
-1643
-1715
-2845
-2847
-1776
-1335
-3410
-1557
-2726
-1246
-917
-449
-1511
-205
-102
-437
586
298
398
978
-522
-762
-1274
-1340
-2385
-1916
-3137
-3394
-3120
-3007
-3324
-3516
-4307
-5501
-5922
-5016
-5823
-5495
-5251
-3809
-3966
-5000
-4229
-4170
-2545
-2764
-4229
-4149
-3412
-3465
-3243
-4305
-4322
-4468
-4270
-4863
-4162
-3682
-2413
-2249
-3982
-3469
-3473
-3659
-5185
-3166
-3310
-2552
-2471
-1440
-1491
-1584
-1454
-1445
-25
216
-1097
-1357
-1124
-727
-2087
-2231
-2713
-3979
-4704
-4697
-5248
-6828
-9414
-7587
-7131
-6458
-6601
-5827
-6243
-5665
-4699
-5672
-3647
-2594
-1700
442
-278
-1692
-1220
-162
-59
-1100
-2029
-2603
-3140
-3070
-3677
-1071
-1653
-2516
-1838
-1039
-1611
-1526
-544
-1799
-1751
-2545
-2310
-4139
-3540
-3497
-3969
-2978
-5237
-5525
-5317
-6254
-7695
-7486
-8833
-9356
-10085
-9661
-9342
-9435
-8246
-9002
-8392
-6508
-6852
-7918
-8399
-8486
-9867
-8153
-9219
-9518
-8906
-8678
-9191
-9686
-7274
-7550
-8783
-8157
-6160
-5381
-5929
-3947
-3275
-1723
-2276
-3715
-2975
-3209
-2871
-3623
-3464
-3935
-3956
-3773
-5590
-5344
-4650
-5624
-6106
-4708
-3416
-3910
-3544
-5367
-6552
-7526
-7319
-7672
-7712
-6397
-6492
-3999
-2685
-2433
-2977
-2645
-1014
-582
143
533
904
1397
2074
2370
3743
2293
1906
2448
2154
3371
1530
19
-966
-441
-575
80
60
-377
-346
-980
-1477
-1010
-1962
-2306
-3735
-5371
-4038
-5038
-3722
-4310
-4300
-4578
-4873
-5172
-7036
-6380
-7631
-7359
-8118
-6819
-6143
-5602
-6938
-6682
-6367
-6392
-7057
-7025
-6875
-7074
-5783
-5408
-3983
-3477
-3519
-4750
-6493
-7480
-7968
-8183
-8212
-7980
-9159
-8504
-7641
-9568
-9897
-8465
-7858
-8123
-7441
-7675
-7220
-4909
-5351
-5967
-2822
-3061
-2277
-1800
-2537
-3661
-2541
-3089
-4382
-4750
-6136
-5831
-6566
-5577
-6669
-4775
-3507
-3660
-3940
-4788
-5758
-5979
-5869
-6741
-6597
-6694
-6477
-5154
-4690
-3732
-1726
-1628
-1211
-2425
-1166
-1455
-1928
-3224
-4781
-4144
-3786
-4192
-4311
-4861
-4923
-4622
-3556
-3049
-5565
-4232
-4689
-5256
-7078
-7519
-6970
-8271
-8095
-8757
-8413
-9438
-11874
-11695
-13138
-13292
-12009
-10935
-12070
-9963
-9525
-8454
-7510
-7795
-8142
-9244
-9021
-8945
-6664
-8874
-9793
-8896
-9169
-9945
-7737
-5517
-6222
-4390
-3084
-2899
-2721
-1004
-441
-815
160
-1208
-1348
-3975
-4704
-5009
-5988
-7190
-6623
-7479
-8782
-8525
-7173
-5032
-4298
-4129
-4920
-5466
-4648
-4166
-4290
-4776
-7058
-7256
-8645
-8607
-9330
-9071
-7083
-7917
-6418
-6774
-6909
-6868
-6843
-6583
-6048
-4744
-6255
-7057
-6064
-6165
-7244
-7010
-5804
-5401
-5343
-4859
-3993
-4449
-6062
-4338
-4115
-3792
-2435
-2870
-4066
-5030
-4150
-5000
-5267
-4097
-3299
-4385
-2060
-1765
-3882
-4350
-3999
-3799
-1775
-1802
-2304
-3484
-4123
-2236
-2939
-2613
-1670
-2885
-1613
-3258
-4373
-6777
-7771
-6177
-5274
-4113
-2862
-2157
-2342
-2543
-1628
-1398
662
4440
5292
5316
4094
4374
5282
3582
3661
3876
3841
3003
2126
3605
3360
613
2289
1168
1551
2003
-13
-868
-592
544
742
2118
483
1281
74
847
-657
-1131
-1352
-1638
-1038
-2643
-1338
-263
659
-39
789
663
278
-333
199
-471
-1179
-456
-943
-404
520
1117
72
-82
-1085
-111
-895
101
-1000
151
732
1781
2504
3800
3774
4564
5563
6023
3893
3968
4107
5880
4495
5604
5013
4045
3881
3750
3867
1986
1484
-24
-299
-761
-723
-754
-783
-1937
-2168
-143
969
1619
2114
1600
1268
220
608
1054
-491
111
134
849
-294
-1674
-1838
-3663
-4838
-5685
-6037
-7095
-6863
-6944
-7656
-8043
-7150
-5321
-4149
-2059
-789
598
1797
1702
845
962
943
-392
654
-600
-1061
-425
595
-394
-317
-354
651
-89
-254
-995
-1273
-815
-1314
524
-382
-1525
-1161
-1889
-2094
-2770
-751
-958
-739
16
1637
1130
497
1363
1668
1114
2312
2222
1571
736
411
-729
-102
803
1645
1825
1921
1712
2162
1514
1041
1273
606
92
-60
203
1056
1407
598
-1193
-1723
-3407
-5493
-3585
-1584
-563
-1938
-1081
-3048
-3339
-3599
-3021
-3298
-4872
-3524
-3862
-4404
-5163
-5513
-6235
-5423
-4743
-5139
-6434
-7427
-8302
-8981
-8446
-7004
-5541
-5605
-3469
-3572
-2968
-2177
-2317
-2886
-2454
-3473
-3919
-3731
-5082
-6323
-6578
-5602
-5192
-6771
-6960
-6711
-6172
-5481
-4794
-6332
-5161
-5711
-4992
-4060
-2765
-1855
-3487
-3582
-3110
-4435
-3973
-3556
-4616
-4660
-4982
-3089
-5515
-6655
-6165
-5679
-4401
-3754
-2942
-3631
-3326
-3871
-4874
-5352
-6137
-6638
-7573
-7201
-8048
-8805
-8449
-9971
-9698
-10164
-10569
-11274
-11692
-11733
-11309
-10607
-9688
-8482
-8789
-9413
-7537
-6892
-7386
-7842
-8555
-9518
-11196
-10603
-10750
-10951
-10667
-10522
-12038
-12387
-12583
-12345
-11593
-11472
-12618
-13746
-13750
-13430
-13908
-11416
-11658
-10324
-9533
-10402
-10835
-11307
-10366
-8797
-10008
-10300
-11348
-10290
-12479
-14817
-15507
-14910
-14144
-14428
-14852
-14978
-15654
-16940
-17657
-17321
-16706
-17541
-17975
-17298
-16918
-16163
-16754
-16293
-15872
-14849
-15660
-16473
-17150
-16955
-18111
-17693
-17380
-16983
-17041
-16712
-17158
-17245
-17358
-16512
-15754
-17011
-16544
-15836
-16221
-16133
-17024
-17820
-17056
-16469
-15938
-15148
-16153
-16337
-16373
-14838
-15509
-14952
-13580
-14975
-15158
-13626
-12443
-12662
-12893
-12344
-12918
-12534
-11818
-12495
-11275
-10907
-11015
-9164
-10613
-9205
-8731
-9467
-9385
-9500
-11575
-12403
-12857
-12596
-12482
-12269
-12272
-11722
-11503
-11533
-11306
-12804
-12616
-13364
-12404
-13436
-12972
-13229
-11825
-9874
-11030
-9234
-9682
-10944
-12572
-11971
-11703
-12524
-11449
-11397
-11855
-12475
-12930
-13106
-10528
-10600
-11488
-11617
-11697
-11108
-11004
-10566
-10741
-10672
-11692
-11094
-11609
-11596
-11452
-12007
-12692
-11473
-11482
-11408
-11387
-10494
-9201
-10945
-11008
-11823
-10678
-12118
-12233
-12642
-13711
-14852
-16009
-15237
-16527
-17675
-14517
-13827
-15098
-15793
-15269
-13468
-13593
-13906
-15780
-15126
-14563
-14138
-14714
-13880
-13737
-14288
-14792
-14920
-15536
-16544
-17220
-14661
-13594
-12635
-10084
-11773
-11676
-11851
-11994
-12524
-12741
-11317
-12284
-12770
-12385
-13146
-12283
-12330
-12949
-12351
-14527
-13906
-14251
-14808
-15273
-15716
-15137
-15687
-15926
-15488
-14879
-15092
-16297
-16777
-17025
-16098
-16544
-16824
-16557
-15771
-15815
-15733
-17229
-15760
-15969
-16377
-14236
-13785
-12491
-12467
-13687
-11852
-12104
-12838
-12060
-11290
-10682
-11087
-11737
-11480
-11531
-9856
-10012
-10084
-8498
-6861
-7364
-6206
-6540
-5077
-3184
-1435
-1457
-1885
-2772
-3054
-4071
-3786
-2920
-4788
-3515
-4121
-5969
-5802
-4775
-6125
-7706
-7932
-7497
-9712
-9662
-9022
-9784
-10914
-12703
-11939
-12545
-12473
-12772
-12344
-11403
-9716
-10894
-11618
-10881
-10155
-10100
-9249
-9400
-8621
-7550
-6296
-6570
-7705
-7924
-8598
-9635
-9568
-8488
-9598
-9135
-8182
-8305
-10335
-10476
-11179
-10352
-11772
-10818
-10650
-9005
-9692
-10662
-11370
-11598
-10904
-11825
-12554
-12955
-12007
-12418
-13889
-14590
-13949
-13308
-15159
-14547
-16255
-15275
-14653
-15069
-14043
-14238
-12996
-13955
-15743
-16727
-16034
-14864
-15000
-14133
-12753
-11915
-12119
-10720
-11064
-11488
-11853
-12967
-12768
-14638
-13729
-12231
-11799
-10121
-8123
-8811
-7511
-9580
-9435
-9013
-11138
-11626
-14095
-15601
-13854
-13384
-13685
-14079
-13854
-13820
-12440
-13820
-12294
-11007
-10620
-9521
-9594
-9567
-9311
-11449
-9892
-10009
-10656
-12428
-12603
-10627
-8722
-8563
-9097
-8445
-8285
-7594
-8424
-8664
-8818
-10283
-8866
-8892
-7862
-6394
-4893
-7205
-8184
-8439
-8229
-7177
-6148
-6992
-6791
-6056
-5266
-6289
-4615
-5317
-6812
-6082
-6383
-6232
-7887
-7569
-7931
-7350
-8732
-10356
-10889
-10631
-10021
-9468
-8488
-7581
-7193
-4771
-4865
-6209
-6817
-6599
-6965
-7726
-8938
-9938
-9803
-9869
-11058
-11817
-10970
-10225
-9748
-10429
-10057
-12178
-11527
-12083
-12146
-11557
-10337
-11612
-12236
-12969
-13412
-13123
-13372
-14531
-14363
-14766
-14536
-15685
-13007
-12670
-12143
-12749
-13119
-13715
-13274
-13074
-14979
-15663
-14905
-14309
-14001
-14748
-14400
-13207
-12099
-11324
-11405
-11544
-10846
-9330
-8902
-8944
-9036
-9546
-9542
-10295
-10157
-8600
-7345
-6461
-6339
-5072
-5387
-4800
-4845
-5005
-5489
-4890
-5114
-4890
-4107
-3852
-5140
-5231
-5690
-4856
-5750
-4747
-4681
-4165
-4275
-4302
-3420
-2345
-3187
-3022
-3915
-2739
-3278
-4316
-4658
-3505
-4757
-4436
-2983
-4877
-5217
-3846
-3764
-6006
-5276
-5578
-6304
-5604
-5614
-3259
-2612
-1333
-1805
-24
1421
2972
2511
2687
3148
3925
2856
3284
3685
2803
2641
1637
1337
1102
1931
2690
4433
3003
2892
1561
1298
1660
3812
4837
6167
6787
7371
9522
9021
9599
9768
9821
11417
13802
11773
9944
9567
9079
8781
7616
6447
5752
5975
5335
5717
4614
2913
2263
2161
4201
4798
4199
2968
2433
2285
2596
1905
2877
2236
2293
2106
2044
3139
3838
3209
1661
1672
1498
842
723
14
1673
1816
1530
333
1073
-395
1482
839
-1416
-4050
-3455
-4755
-3679
-2419
-2180
-2910
-2086
-2935
-1431
-632
404
389
268
1264
746
190
-596
-16
652
1103
1331
2106
3026
2013
3973
4243
3468
2099
1691
3006
3031
929
-206
243
1070
1777
1169
420
414
1927
2914
1384
1480
2720
3187
3870
4325
5021
5518
4024
4810
3380
3832
3950
4296
3219
756
523
313
576
238
1229
246
1755
437
476
92
-149
-179
-212
-707
-729
-93
936
951
1141
1078
1551
3306
2730
1028
561
536
1141
-1700
132
1637
3518
3247
3545
4151
3336
3125
1151
1063
2543
4283
5952
5609
4584
4253
5014
5880
5498
3785
6034
6065
5598
4787
4137
1711
2689
3653
3957
3410
3739
3060
2975
140
-386
-2134
-1488
-646
-59
-80
-784
1019
1396
-757
-425
438
-550
-1075
-1506
-899
-1343
-1232
-2659
-3396
-4209
-5360
-6983
-6378
-6647
-6887
-7132
-5935
-6550
-4594
-4480
-5946
-4495
-4651
-3788
-3812
-2942
-3554
-2578
-889
-1332
36
115
3050
3371
5242
3916
3938
4546
4833
5580
6309
6259
4020
5334
6685
7262
5474
7391
6896
8252
7469
7545
8127
8060
6516
6180
7771
8951
9272
7810
8463
10456
10087
9781
10781
11735
10962
9824
11134
12112
11582
12401
14366
13664
13374
14729
15584
15669
15290
15361
15552
15203
13854
13933
14952
15565
15010
15140
13792
15248
16367
16844
15708
15180
15502
15311
16558
14855
14120
14652
15106
14025
14059
13517
12596
13417
13569
14101
16304
14776
14236
14849
14335
14632
13688
14515
13756
10861
12242
11556
11844
11061
11810
12103
14321
14615
13210
14754
14446
15550
15699
15861
15250
14466
14565
14157
12369
11883
12914
12521
12754
12523
12231
12024
11158
11822
12370
12829
13829
13482
11971
13193
13524
13742
13177
13416
12247
11920
12463
11596
11623
11879
11052
11990
11607
11158
12414
10679
9425
10192
8808
8214
7875
9450
9020
8984
9034
9104
8116
7584
5310
4781
7178
7908
8535
10311
11308
11286
12805
13203
12426
10894
9920
9155
8613
7238
7431
7513
7844
7826
7532
8806
8344
7567
7712
6864
6145
6667
6697
7645
9232
10135
9278
8855
7920
7822
7472
5461
3386
3976
3309
2437
-19
-781
-1731
-2975
-3520
-3247
-2905
-3508
-4981
-5439
-4417
-5610
-5221
-5080
-5988
-6821
-7645
-7824
-6501
-5939
-6058
-5201
-6054
-3924
-3826
-4221
-2850
-3029
-3037
-1886
-1197
-2543
-3999
-1659
-2595
-3308
-2139
-1627
-1133
-26
-516
-13
-1374
-925
407
-350
-60
944
902
277
679
226
316
-1360
-1254
-2305
-2740
-1897
-825
1847
1984
2093
2642
2989
3026
3986
5120
4722
3656
2863
2746
2884
3350
2606
1599
1300
-431
-1843
-2485
-2255
-2123
-2156
-2127
-575
1091
2067
2964
3419
3611
4122
3571
4340
3510
3386
3248
2948
2450
3892
4452
6042
5646
4105
4195
4091
4414
5030
1932
318
258
-198
-1183
-2074
-1651
-334
-1174
-1513
-439
-66
-348
76
-371
377
-616
-2566
-2360
-3175
-2507
-2536
-1580
-607
1229
-143
-1201
-1362
-3358
-3408
-3429
-2993
-1385
-2032
-2609
-3308
-2356
-2037
-2783
-1494
-1189
-1682
-3673
-2680
-3248
-4078
-5051
-4165
-4426
-4718
-3317
-2636
-2295
-1981
-2991
